742
890
890
173
190
191
181
559
173
190
190
891
891
179
907
176
1417
190
190
191
653
653
1501
1909
1909
1486
1486
186
186
1604
180
180
170
170
2082
1093
171
171
189
1600
810
171
4095
4095
998
191
181
181
171
171
190
187
187
922
922
190
190
191
191
2131
190
177
172
172
172
179
899
899
699
699
186
184
191
191
171
1462
178
180
1034
1034
187
1010
1010
4095
191
191
191
178
178
175
1210
1210
173
1041
191
191
4095
4095
1172
191
191
1384
180
180
178
188
188
178
178
174
178
178
172
172
1483
1612
874
874
2479
2479
180
180
593
593
192
2088
2088
995
1385
556
189
1100
1100
181
181
854
854
971
192
173
175
191
171
184
188
1760
180
191
191
175
175
191
187
187
1083
858
614
614
532
192
192
1474
1474
181
181
178
189
4095
1542
184
184
542
179
185
185
191
191
179
179
175
4095
4095
178
176
180
172
187
187
184
184
185
185
172
172
176
1854
175
175
978
180
181
181
188
857
454
454
1470
1470
2191
191
187
187
187
187
1067
915
915
178
178
185
185
3006
3006
1898
177
173
191
172
172
1099
192
507
170
191
183
1335
189
189
172
179
186
1290
194
191
191
191
191
174
174
177
189
189
1634
784
784
743
743
597
597
191
183
183
1489
1489
192
182
182
1578
191
171
171
179
176
176
173
173
1051
1051
180
180
622
622
3709
191
191
2849
191
191
174
174
177
177
172
172
177
2084
2084
2800
2800
832
651
191
191
2119
2119
866
866
172
181
181
585
184
179
179
177
191
191
186
1626
1626
189
190
190
1070
1070
191
191
1898
1898
178
178
578
181
182
192
192
4095
191
191
629
629
183
192
192
600
2010
176
176
772
772
3076
3076
2132
2191
2191
181
181
172
172
193
193
171
171
533
533
1813
188
186
186
812
909
189
1243
2165
2165
190
190
188
188
177
188
177
177
184
184
188
1063
182
182
181
742
188
188
191
185
185
703
1057
174
174
183
191
184
184
188
173
189
189
1199
1199
186
178
174
173
173
1898
1898
1083
171
178
1736
190
190
838
838
180
192
192
762
184
184
189
189
191
183
176
1750
182
180
180
1125
1125
191
191
171
171
171
180
181
801
801
191
1446
169
461
189
189
1157
191
191
1301
1301
186
186
183
821
821
181
181
178
178
1007
2163
1660
1660
189
189
187
187
171
1112
187
187
745
174
645
645
1280
1280
1560
180
191
284
284
176
176
1296
890
890
191
1646
1646
180
180
946
180
710
710
612
612
180
192
924
924
172
172
1004
190
762
189
1668
179
179
1052
178
191
187
174
174
174
186
2247
2247
470
192
178
178
184
179
179
191
191
171
179
179
1666
1666
172
172
697
184
184
882
667
171
171
1209
184
171
171
1629
1629
1361
185
190
180
180
608
169
1203
191
185
942
942
758
183
183
1788
1217
1217
177
177
1059
1054
1054
876
186
186
179
179
587
587
174
190
523
523
2153
2153
1867
2196
192
179
179
2275
2275
1036
1036
348
348
179
179
666
192
192
191
171
937
937
179
179
191
191
2181
2181
1513
1513
1099
1009
1009
531
189
189
848
191
191
181
180
192
176
176
179
179
191
191
1234
186
1243
1477
1477
181
1914
1914
184
172
1456
186
186
1929
1929
184
3479
179
179
190
190
1194
191
177
177
171
180
180
191
191
180
180
188
1247
4095
4095
190
190
177
177
173
173
930
4095
190
190
2222
2222
635
185
1049
180
192
189
189
177
1544
190
172
1382
1382
457
184
184
1422
186
189
187
187
791
791
189
189
192
192
985
985
175
175
191
2350
191
171
2143
2143
734
734
1686
1686
4095
1800
1800
191
191
1135
1135
179
183
172
172
178
1380
191
185
635
593
593
191
1483
190
190
1303
1303
979
979
972
187
1012
1012
182
176
176
1221
184
184
184
184
189
189
2630
2630
2436
2436
190
190
1217
1715
1715
296
180
180
177
173
173
177
177
175
182
182
191
191
895
895
1147
4095
4095
1586
187
181
181
1406
1406
1316
172
172
180
187
3390
3390
191
191
689
689
779
779
1147
1147
1106
191
188
177
906
1136
1136
1156
177
191
191
132
132
189
191
191
182
190
186
186
187
1824
1824
183
177
180
180
187
187
1240
1240
175
175
176
176
1796
1796
1759
1759
1486
1486
1057
1057
185
183
186
186
566
666
666
171
185
190
178
178
281
191
176
176
1268
1268
189
184
178
178
1292
1652
1652
182
185
189
1703
577
188
1116
1116
629
629
179
179
777
600
600
177
177
3152
0
181
181
776
877
877
176
176
191
1102
191
191
187
191
191
191
191
1308
1308
186
186
171
900
1060
1787
189
176
189
189
191
173
173
192
192
1074
185
177
191
191
3128
175
4095
191
171
619
192
4095
1359
1359
176
176
180
1068
1068
1072
191
172
172
187
1354
182
182
172
192
2265
191
178
2291
187
183
192
192
188
188
180
180
906
3256
1449
189
175
175
179
179
188
1030
815
815
184
184
172
172
4095
4095
1958
1958
187
187
178
190
177
185
185
1248
192
2210
1221
191
192
171
191
191
1942
1942
185
185
1629
193
193
1019
2188
182
182
185
182
184
173
186
186
1359
1359
189
189
175
175
171
190
191
191
189
189
1163
1163
190
190
1587
1587
171
190
190
3071
3071
989
989
480
480
177
177
191
189
961
961
1078
185
185
172
172
1359
1359
1054
1054
172
185
185
912
189
182
190
190
178
178
818
177
175
186
186
770
770
229
229
975
975
760
760
583
583
572
572
2916
171
171
187
187
3156
183
183
697
697
187
187
171
179
2431
178
178
187
187
170
0
1819
1819
265
1559
199
199
171
171
191
191
186
186
925
925
635
839
177
177
174
174
2849
187
182
182
184
644
644
172
1163
917
4095
4095
1038
1038
1595
191
175
2065
168
191
172
172
191
180
180
178
178
1650
178
178
179
179
176
182
182
184
1047
1291
1291
1306
879
879
845
185
175
175
895
895
178
178
188
188
172
186
186
182
182
173
1492
190
0
1118
175
173
181
181
3137
191
176
176
274
795
178
178
175
191
191
191
191
189
171
171
173
178
178
183
183
1077
181
181
191
191
876
876
191
176
176
1515
184
1269
1103
1103
180
180
1666
1666
192
192
1761
1761
1101
1101
883
184
2189
192
1370
1723
191
191
183
183
190
190
185
186
171
190
184
184
189
189
522
522
173
173
172
2250
191
2216
2216
3578
3578
1182
553
191
191
191
191
191
189
189
1718
173
186
185
185
1142
180
192
173
1430
646
2171
991
895
895
183
183
1947
1947
1634
1740
1740
172
188
802
802
1051
1051
192
192
182
174
174
724
171
171
2222
188
906
907
191
191
178
171
172
187
187
190
190
171
171
186
186
717
717
191
176
176
1768
1768
188
186
173
177
1012
1787
176
1115
643
643
172
172
181
175
191
191
933
933
175
181
181
186
1578
1578
1206
670
181
179
192
181
913
913
185
172
171
188
188
2278
2278
1929
182
791
184
187
191
191
2208
2208
191
191
186
176
176
176
1189
186
1093
182
797
788
191
1373
1373
1063
1063
191
191
857
857
877
188
172
172
182
182
659
181
177
182
180
177
188
188
187
187
1283
192
192
178
188
185
184
2331
591
591
819
819
178
178
183
183
182
172
172
171
2264
184
184
187
187
189
179
175
1366
1366
791
791
178
1153
1153
2194
186
190
190
178
171
934
934
172
172
837
837
936
936
191
177
177
1783
1783
175
175
188
188
182
182
190
190
182
1979
446
446
185
1624
899
190
190
192
4095
177
188
188
173
191
975
975
182
182
3204
192
693
177
185
185
192
191
175
906
906
171
191
191
1009
178
1049
4095
1575
189
1031
177
177
183
580
188
188
846
181
181
175
175
172
172
2431
2431
178
178
184
176
185
171
171
171
171
172
172
188
178
185
185
189
192
192
1677
186
186
188
185
185
178
178
2686
2686
1233
1233
175
3021
3021
2356
1398
1398
177
192
192
190
791
179
186
1296
1296
191
191
182
182
1580
190
178
1473
176
176
1904
180
180
184
174
618
183
488
3773
3773
640
640
181
188
173
173
1329
520
520
186
191
191
189
1075
1075
175
175
191
177
186
186
183
175
175
191
191
186
175
187
1799
190
190
182
0
186
186
845
192
192
610
183
183
172
604
180
180
191
191
1001
1001
185
187
187
181
181
186
182
182
889
889
1246
1246
184
1410
173
181
181
178
187
832
832
191
191
180
177
177
179
179
4095
1903
1903
180
180
179
637
187
187
191
1321
172
1114
1114
761
761
177
183
177
177
2113
2113
184
177
1202
938
191
191
171
171
644
191
191
186
192
192
192
841
178
1024
1024
4095
2635
191
193
193
187
187
1423
1423
699
188
1132
1132
181
181
1471
175
175
191
177
177
591
591
185
185
710
710
188
188
171
171
1736
1899
774
192
186
186
1388
1388
1066
1066
171
171
2004
4095
4095
191
178
178
1115
1115
892
636
1246
177
177
857
190
190
172
188
174
174
1331
1331
186
812
812
191
0
188
188
186
186
4095
1284
179
179
1535
1535
183
183
171
171
190
190
1437
1076
1076
187
187
731
183
172
3775
909
909
1109
1109
767
184
184
1258
1258
2227
2227
1435
1435
178
178
182
182
187
180
180
169
185
2121
2121
183
1600
2164
184
580
191
184
184
191
519
171
176
853
184
2150
2150
1169
738
190
192
847
847
184
1527
185
886
177
183
182
182
184
191
186
186
1487
191
183
183
179
179
735
1375
1375
180
1353
1353
186
186
177
177
1246
2630
176
176
998
1015
1015
175
180
180
171
171
183
1101
1101
178
1149
1149
175
189
189
192
192
1296
1296
192
192
192
192
188
172
4095
4095
179
183
189
189
191
191
188
0
192
172
172
242
1125
1125
1100
1100
185
185
191
191
186
186
693
693
188
188
179
190
168
168
617
617
1140
171
171
182
182
190
188
768
768
182
182
177
177
180
180
171
1210
1210
172
187
191
191
181
1422
1422
171
183
183
1179
186
816
816
191
2161
1203
174
174
186
188
188
1167
191
175
175
176
2848
2848
2030
2030
4095
666
191
190
192
557
557
190
173
795
173
1385
1510
0
190
177
177
173
173
179
179
184
184
176
176
183
181
181
4095
4095
191
184
184
190
190
184
184
1537
1537
181
191
179
179
187
185
171
191
191
1937
1937
187
187
190
190
188
188
188
183
187
187
640
640
171
171
172
172
823
716
716
187
187
173
192
192
180
190
190
190
190
4095
185
185
175
175
173
173
191
2689
3094
4095
4095
171
188
188
181
181
3309
3309
184
184
1416
191
191
1213
1325
1325
172
172
182
180
756
596
596
179
179
1576
1576
1241
1091
1091
188
188
191
176
176
189
188
2107
178
827
827
1431
1431
885
176
191
1024
1024
191
179
191
191
181
181
175
175
1116
1116
2027
2027
191
191
192
850
850
1088
1088
712
191
191
608
171
2217
2217
181
192
192
785
1643
1643
184
191
191
183
183
181
181
175
175
2177
2177
1016
1016
181
181
191
191
187
189
1327
183
183
192
188
188
191
186
186
2175
171
1108
1108
191
177
177
186
3212
3212
802
3135
3135
178
178
184
184
182
182
190
190
614
188
191
191
190
190
190
179
179
1196
981
981
639
172
1098
1098
172
737
190
190
192
192
1930
1930
177
1076
1076
191
908
3509
2164
2164
177
190
1095
1385
981
981
2234
180
180
191
191
192
182
182
4095
178
191
191
546
546
746
189
189
176
176
191
186
186
190
186
186
1255
1063
627
807
807
1283
185
176
176
471
1110
1110
1394
1394
929
1092
1606
182
182
176
190
190
700
1242
181
178
178
4095
877
877
182
182
176
176
2217
2217
188
181
1057
1278
1278
184
1349
172
186
1685
179
188
188
176
176
685
1332
1332
1034
634
186
192
181
181
642
192
1030
191
191
963
172
192
192
188
496
176
176
182
182
191
191
172
173
190
191
190
531
172
172
873
171
0
185
185
767
186
186
613
613
1139
2227
2154
191
171
171
181
190
190
678
678
179
179
1855
1855
1967
191
181
187
187
811
811
827
827
192
4095
4095
192
816
816
1257
1257
175
175
1936
172
172
614
1573
1573
1093
1093
192
192
178
2309
2309
172
1067
1067
190
178
363
363
956
190
190
172
172
1267
1267
179
191
186
186
173
189
2201
192
192
868
868
1813
1232
4095
4095
765
765
182
182
920
168
168
189
189
186
1062
797
191
191
189
187
188
188
182
180
180
1654
188
188
176
188
188
182
182
171
171
172
172
191
191
191
191
182
182
185
191
190
1523
181
804
175
190
190
179
181
192
172
182
175
179
179
188
188
192
192
191
172
172
178
174
191
182
178
191
191
698
698
192
192
191
190
190
2185
174
191
191
832
832
3840
185
185
880
1415
1059
183
183
178
178
1479
190
1002
177
177
175
192
443
176
176
177
177
808
884
4095
4095
178
178
1207
692
692
1825
181
181
181
192
192
185
186
190
187
186
186
182
182
189
173
191
191
192
181
1498
184
184
177
177
1432
1432
191
972
191
191
1059
172
184
4095
187
187
184
184
185
582
173
184
184
176
176
379
379
190
190
184
184
178
193
193
180
180
180
701
701
922
922
188
188
189
657
182
189
189
760
191
175
175
955
955
175
175
177
928
928
190
2271
2271
608
608
192
2198
2198
176
192
172
190
602
185
186
600
279
1055
1055
192
1287
1287
183
1155
1155
183
188
188
182
182
2166
2166
1493
177
192
192
177
177
191
0
189
189
182
182
2161
2161
180
180
1622
1019
822
188
188
176
176
182
182
182
1008
4095
182
182
1011
895
895
187
187
180
180
185
185
185
181
186
180
193
180
180
173
173
584
799
187
171
171
187
187
173
185
1139
2202
2202
184
722
722
192
192
171
4095
179
179
188
188
191
191
191
191
181
173
173
180
187
187
178
174
174
188
188
538
538
187
190
190
171
171
185
174
172
191
191
905
191
191
179
1398
1398
184
172
0
174
171
185
175
172
184
184
175
176
176
3685
569
569
191
191
191
189
189
179
181
181
186
178
172
800
1183
1183
1563
1563
186
763
763
188
3988
3988
3130
177
1797
185
3543
3543
897
2069
189
189
188
188
175
175
186
186
4095
191
191
188
518
518
3481
181
187
187
184
1482
172
172
176
176
188
183
191
189
189
1206
1206
1434
190
187
1489
727
727
191
185
168
168
178
192
551
888
1231
192
178
180
4095
4095
191
1457
751
751
175
175
188
188
188
188
184
191
176
176
186
3303
186
186
191
188
191
191
188
880
880
177
177
179
179
1246
2684
2684
2304
2304
175
191
191
191
191
188
188
2214
172
186
186
174
1526
1072
618
618
184
184
926
926
191
191
533
632
632
1018
1018
794
794
188
188
189
189
171
171
176
517
984
179
191
181
170
170
186
186
593
685
950
171
935
935
839
839
191
191
666
187
1003
181
179
188
173
173
1084
1084
184
184
191
191
191
172
186
171
171
183
183
2234
191
191
1224
1224
1298
172
1667
1667
171
191
191
191
183
183
189
189
191
184
861
188
176
176
187
187
189
1005
186
186
184
184
191
177
174
192
175
180
180
177
177
190
190
2246
2246
869
191
191
176
2239
2239
173
4095
876
182
182
261
1198
191
702
560
560
4095
4095
1380
940
576
725
725
983
612
612
1155
187
2193
2193
183
183
2243
2243
1349
190
190
1294
1294
190
190
1365
1365
190
190
189
189
191
182
182
991
180
783
783
173
189
172
172
176
192
192
178
178
178
189
191
2016
2016
191
191
174
174
965
965
1652
1652
645
192
4095
4095
876
876
289
727
1980
1980
172
179
179
829
181
181
180
176
176
175
175
174
174
1620
184
186
183
183
1843
1843
178
178
190
190
191
191
192
177
177
177
177
177
177
830
830
191
178
192
192
182
188
191
4095
4095
1157
1157
192
192
185
185
182
188
183
183
190
190
186
186
192
179
179
1846
1846
852
175
175
1470
172
175
189
189
178
178
2136
2136
177
177
189
173
173
184
184
1671
185
188
188
184
184
717
187
187
186
532
532
191
191
192
610
1455
742
742
172
684
4095
185
182
182
1731
1731
172
172
1080
1080
2182
2182
191
2479
186
172
172
184
184
176
191
191
174
174
1050
1050
191
191
190
178
597
597
191
180
2627
2627
175
191
191
192
171
178
178
2130
187
186
186
185
182
182
188
188
182
182
923
923
176
174
939
939
2306
189
189
189
980
177
754
171
184
1327
188
189
187
184
184
1247
1247
1044
624
624
798
798
190
754
754
191
178
791
191
191
177
180
947
947
183
958
958
177
177
569
569
180
180
1579
1024
1024
1500
180
171
829
2101
2101
183
183
184
184
185
185
672
171
171
1115
1097
0
4095
2037
2037
2068
190
190
171
172
172
188
4095
4095
189
189
191
191
3059
3059
171
175
2138
880
880
185
185
183
191
191
682
4095
491
491
2138
2138
1400
1400
1301
186
773
773
1907
1907
186
186
189
189
1027
178
178
177
187
187
1995
187
187
176
176
1059
185
1112
1112
191
1039
179
614
614
1974
1974
1335
1335
1072
631
1798
2401
2401
187
182
447
188
188
175
901
176
184
1038
1038
175
186
702
702
661
661
181
181
173
173
185
185
1150
1150
191
191
191
191
185
185
1794
1245
185
0
178
1653
2253
2253
190
1111
172
172
184
171
697
697
191
173
1574
1574
186
185
1340
1340
3235
3235
1510
173
173
2124
2124
4095
4095
177
713
191
888
888
188
1111
186
180
4095
1306
546
546
189
443
443
190
190
171
171
553
171
2320
177
177
177
177
1782
173
173
179
190
190
190
190
1138
1754
171
1507
171
1268
2419
2419
191
189
189
722
722
175
178
178
2091
2091
903
1013
496
186
176
176
173
191
191
175
743
2338
182
178
179
179
2614
649
2062
2062
180
180
189
180
183
1793
1793
184
184
186
1024
1128
1128
885
584
1570
1570
190
190
187
187
176
3642
3642
190
190
172
765
765
186
186
176
184
736
736
172
172
176
1060
2952
187
187
189
189
177
1185
191
191
1155
1155
189
189
180
186
187
187
189
189
186
187
185
185
190
190
2131
941
941
177
177
191
191
180
191
191
759
759
179
171
609
172
172
1244
1244
690
602
184
184
176
176
581
172
186
186
1071
1071
1151
1151
171
171
189
189
180
180
174
1547
1547
176
176
188
177
177
179
179
191
2154
186
186
175
175
190
190
934
193
191
910
910
178
184
184
1261
1261
185
187
187
191
191
3166
860
860
1511
2119
187
187
191
1396
191
191
184
184
179
190
190
177
181
181
694
694
176
176
184
184
914
914
185
1278
183
183
1035
189
608
608
3008
3008
174
866
866
173
173
4095
188
188
186
186
988
988
176
176
181
181
171
182
618
618
966
186
179
179
191
191
184
184
176
176
0
184
184
180
180
185
175
175
173
173
191
188
188
781
2007
792
178
178
803
185
1089
549
549
186
186
179
179
185
185
181
4095
4095
1685
1685
937
183
173
184
184
176
176
182
1374
175
188
186
841
841
187
187
620
191
191
179
0
175
175
1080
740
186
186
447
447
784
784
182
2031
177
177
1720
1660
2174
2174
2518
2518
1471
191
191
191
191
815
815
184
4095
4095
175
177
180
172
183
192
192
847
847
176
176
190
190
1401
176
188
188
182
180
191
1699
185
185
305
305
770
770
175
178
178
178
180
175
190
190
171
185
185
1588
1588
171
171
176
176
181
542
2206
179
191
191
178
962
189
180
180
183
191
191
189
189
778
179
179
179
171
184
184
2056
2942
183
184
212
212
913
185
1117
180
180
1070
1070
1260
1260
191
191
934
934
172
172
4095
4095
180
180
4095
1015
1015
1438
1438
180
4095
1059
1059
185
982
1804
1804
191
191
188
187
187
191
191
178
178
1553
1553
190
2255
185
185
171
191
191
179
179
1179
1179
2514
185
185
2207
2207
179
179
1465
189
189
597
597
178
178
184
184
169
181
181
183
183
443
443
179
179
4095
189
604
183
686
1306
1306
183
183
1018
1062
189
177
652
189
189
191
735
735
185
185
172
0
173
173
187
175
906
178
191
191
2126
187
187
172
715
192
1168
1168
978
978
184
184
176
176
189
189
180
1442
1442
185
185
523
171
4095
4095
180
1239
188
176
4095
4095
176
701
701
182
182
175
175
183
183
187
187
1890
175
182
182
978
978
956
956
180
180
185
185
186
171
171
1041
1041
182
1161
191
191
189
189
191
191
190
190
184
190
190
181
191
191
184
1708
1708
191
191
183
174
172
1039
1039
847
847
1492
900
900
1873
1873
177
177
1157
1157
172
815
780
188
179
183
183
191
1720
188
188
1145
191
191
711
711
892
892
192
176
187
187
183
182
190
2221
191
0
181
3166
763
187
172
172
719
719
190
631
631
171
192
192
182
2110
188
1398
4095
4095
673
673
186
962
1170
644
644
171
171
190
190
1714
823
4095
4095
1939
189
189
187
187
172
172
172
528
192
190
172
636
191
183
183
183
180
180
188
188
2666
2666
183
172
618
618
191
177
184
184
191
175
180
172
172
597
597
184
171
171
191
191
191
188
188
174
174
176
176
3176
179
179
1857
2103
2103
178
191
191
186
191
190
181
181
188
181
875
172
191
191
171
1749
175
175
761
761
1762
1762
4095
4095
180
180
1531
1531
191
191
1317
1317
182
182
547
547
189
189
179
192
178
192
192
1746
183
964
964
185
185
1039
183
183
1351
191
191
183
183
178
178
171
171
188
171
171
950
950
178
189
773
773
712
712
190
175
175
558
177
177
175
735
735
171
171
631
1667
179
189
189
176
176
580
580
1005
188
188
187
187
178
181
1374
189
189
175
1379
1500
173
2000
1381
764
170
170
191
176
176
184
180
186
188
176
1047
1047
1095
189
189
183
172
172
637
637
171
180
180
1721
189
189
169
1639
1639
180
180
172
172
181
181
4095
4095
191
191
191
191
190
190
178
178
191
190
179
179
2546
180
192
1480
1480
799
799
179
177
191
627
996
1062
1062
191
176
186
186
180
180
2295
191
843
843
192
179
173
173
184
185
185
192
185
185
973
191
1753
177
177
190
181
1434
1434
189
189
817
817
184
184
181
181
182
182
189
189
842
180
180
1213
1213
175
175
192
172
172
172
172
182
182
184
189
1178
1178
179
332
191
191
4095
4095
1475
832
821
185
176
192
192
177
177
1774
183
183
177
186
189
189
571
571
636
636
191
191
191
191
693
693
631
631
181
191
191
187
177
177
176
176
187
183
1491
792
792
180
180
174
174
173
173
1751
1751
187
187
1584
1807
1807
556
556
4095
4095
4095
4095
186
186
340
189
189
186
180
180
191
191
180
186
186
1189
1189
181
181
638
178
189
187
1042
179
179
179
179
190
190
191
176
176
192
1491
1874
189
189
1378
1659
1659
178
178
175
175
188
1001
1001
184
184
674
674
174
174
174
175
175
184
184
1068
1068
175
172
179
179
179
171
185
192
182
180
180
1868
1868
191
181
181
622
467
467
191
191
189
189
191
191
927
185
185
1091
1091
1791
1791
190
190
957
957
172
1119
1119
4095
180
180
994
183
185
185
191
189
189
178
178
186
191
191
782
782
799
1633
1633
1523
184
949
983
983
175
175
184
184
1036
177
177
175
189
189
181
3787
3787
956
956
171
185
185
758
978
978
172
172
4095
173
173
1578
1578
923
177
191
1924
1924
2223
184
184
188
191
191
174
174
948
1420
1420
181
184
184
2118
187
187
771
771
514
187
187
178
192
184
192
176
176
182
182
185
185
913
913
175
176
187
187
184
174
174
1557
1557
3264
179
179
189
190
173
191
191
176
176
188
1366
1366
191
533
533
173
173
175
175
603
180
180
1102
188
188
187
187
607
182
182
172
172
171
171
1336
1336
176
178
178
179
923
1246
1246
3359
1333
1588
191
191
1123
1751
1751
191
174
174
184
184
177
177
178
2083
2083
231
231
188
1035
1035
179
179
188
714
714
834
183
181
181
181
185
171
171
188
491
491
263
183
177
184
184
171
171
256
256
175
175
181
181
832
688
963
191
177
588
175
183
183
190
188
1137
172
172
191
1848
1848
758
187
187
176
707
707
1089
1089
172
172
1966
190
725
725
180
180
179
190
190
971
971
191
191
1815
189
189
187
187
2276
4095
4095
191
1141
3022
3022
177
177
189
189
174
185
185
192
192
760
760
191
180
191
187
172
172
191
191
191
191
190
190
2336
741
174
649
649
2311
2311
2494
189
189
4095
667
179
793
916
916
192
187
189
189
964
964
948
948
2129
651
183
183
184
184
2305
185
185
188
956
181
191
191
189
189
184
186
186
181
786
786
1452
176
191
182
182
1003
185
187
187
181
172
172
189
189
190
3377
173
173
185
1101
183
183
181
181
168
1161
1765
1118
1118
186
184
185
185
174
174
4095
4095
178
178
180
1432
189
189
192
172
172
180
173
173
4095
746
746
2735
2735
177
483
483
2044
172
172
172
172
172
172
180
180
192
192
633
172
769
874
175
191
191
175
175
2360
1129
1129
172
172
172
1410
204
192
188
188
1083
179
179
184
171
171
175
175
1734
1734
191
191
191
175
175
181
534
534
2253
192
171
176
720
838
1253
642
175
175
177
177
1884
1744
1744
1316
192
182
191
182
182
178
192
1616
178
1348
189
171
171
189
191
191
187
179
179
191
4095
4095
826
826
189
189
188
176
186
187
187
192
186
186
172
1431
1431
180
180
191
191
1469
1084
253
580
580
975
1042
1042
4095
4095
1042
184
184
189
189
191
191
1485
184
184
191
191
184
857
187
187
186
186
186
186
176
176
172
1433
1433
192
192
1303
1303
734
178
178
186
186
586
586
186
186
2344
2344
190
190
2132
192
192
2279
2279
177
177
170
170
178
178
4095
4095
184
184
188
188
186
186
174
518
518
178
178
185
185
2185
3687
3687
756
191
179
1191
179
986
986
190
173
173
191
191
190
1067
1067
296
179
3625
187
187
184
191
324
324
4095
4095
188
188
1228
177
184
838
838
179
180
180
4095
4095
180
182
182
733
0
3531
175
183
183
179
173
180
180
191
191
185
183
183
184
599
1809
1809
175
1957
185
190
178
585
585
2538
2538
1545
191
712
712
188
188
930
173
173
1148
1148
644
183
766
766
2928
186
186
976
191
178
178
176
1418
264
1090
1090
175
175
985
985
179
179
177
175
175
176
176
176
1843
189
2057
180
180
186
692
177
2321
559
559
177
177
185
185
175
191
1809
191
184
184
184
184
187
187
180
180
191
191
1491
175
0
1064
181
181
1009
181
181
174
174
183
183
185
180
829
188
188
1114
1114
2156
2156
178
190
640
180
179
191
1312
514
514
185
182
182
190
190
191
191
171
181
181
179
188
188
186
4095
173
173
176
176
187
2241
2241
611
186
186
1452
1452
189
184
2204
174
174
1116
1116
190
3311
175
181
191
2123
187
1819
1819
172
172
178
178
186
180
174
174
837
837
184
184
1019
1019
191
181
181
985
985
625
4095
4095
189
190
190
189
189
190
4095
4095
796
187
187
191
191
189
189
181
177
175
179
179
1260
2189
2189
1130
177
2316
2316
1055
181
180
180
185
185
181
181
173
192
192
172
2806
176
1870
1654
1654
2036
2036
916
183
183
191
173
190
333
333
191
180
2030
176
793
793
186
184
192
192
790
790
180
4095
4095
184
184
181
185
3688
178
178
192
1855
176
191
191
1612
191
179
185
180
180
176
692
692
182
182
185
185
2076
191
202
202
4095
4095
190
190
177
177
442
1244
1244
805
805
173
178
179
1665
1665
182
2055
2055
175
175
4095
191
191
185
185
172
172
179
192
178
2205
2205
1143
1143
186
186
180
182
1355
178
1742
172
172
183
180
192
192
192
179
189
189
173
449
449
172
186
186
1150
179
185
185
184
1890
1890
583
583
190
2026
1255
1255
934
934
191
191
748
748
187
187
452
168
168
4095
184
830
1143
176
1479
185
1432
186
186
1028
1028
188
172
181
178
746
746
179
791
179
179
1018
1018
188
188
175
175
178
178
1834
866
387
191
184
184
179
179
191
191
177
191
191
614
614
185
185
190
190
172
2085
173
173
191
173
177
177
191
182
192
192
190
185
192
189
189
171
182
182
176
584
584
187
187
177
177
189
748
748
1121
1121
419
171
171
812
812
192
192
178
189
189
192
192
190
177
3691
3691
184
184
180
1667
1667
184
184
2110
1632
1632
181
181
1703
189
189
187
1730
1730
187
181
181
176
838
838
192
174
174
176
191
172
175
175
191
191
961
188
177
177
1143
1143
187
191
191
171
644
644
173
186
186
181
186
174
174
187
607
188
188
4095
183
183
994
780
171
180
180
179
639
639
587
192
192
179
172
172
180
176
185
192
192
177
177
178
178
1426
1426
171
171
173
181
189
191
191
982
4095
189
189
180
901
901
1672
1081
182
186
178
178
185
185
171
1470
192
192
191
931
931
828
828
180
178
178
189
179
187
182
182
962
962
1513
1513
4095
187
188
1417
1417
1248
178
178
191
1086
184
184
318
318
180
180
173
173
177
171
171
1052
1052
532
192
192
936
1416
1416
177
177
1301
1232
188
189
194
194
4095
504
504
180
180
1004
1004
180
191
191
171
188
188
171
1348
591
183
738
738
188
188
185
191
4095
4095
1077
1077
179
179
189
1033
1033
185
185
953
953
507
507
187
188
188
172
172
182
172
718
718
173
173
176
377
182
1724
1724
2064
2064
173
173
973
173
191
184
184
188
192
192
4095
4095
192
192
184
188
186
1115
1262
1262
187
1800
1800
740
184
188
188
830
830
2149
172
177
177
189
182
185
172
1473
1084
189
189
188
188
184
184
184
184
188
2142
181
664
664
182
182
173
173
171
190
191
176
689
689
185
185
190
190
176
176
776
776
186
186
176
176
174
4095
578
578
187
191
191
190
190
1863
1863
182
191
191
713
713
182
189
1639
1639
190
190
189
182
182
3278
188
1548
1548
171
171
183
171
179
191
576
576
191
2054
176
1027
172
184
184
193
193
882
882
172
172
185
178
892
892
185
771
771
189
189
190
187
187
1479
1479
187
187
1014
1014
727
179
179
172
172
2072
176
814
189
176
176
192
179
179
172
172
183
172
172
1043
1043
171
171
188
188
4095
4095
1040
1040
190
191
191
192
1330
1330
1144
1144
184
184
184
180
180
1010
1010
181
1431
1431
1127
1127
184
184
1886
997
860
168
191
182
911
911
4095
4095
191
191
785
785
176
176
176
626
2153
191
2128
186
170
938
781
781
172
172
191
187
1113
172
179
1105
174
174
191
180
180
1957
1957
185
185
179
179
1074
986
181
187
4095
4095
188
188
182
171
171
614
191
191
190
190
171
171
179
183
183
1041
1041
171
171
186
186
178
186
186
182
182
1603
1603
173
173
189
172
524
524
187
183
719
173
173
947
947
4095
188
177
172
1170
1421
670
181
181
692
184
184
186
186
191
191
4095
180
185
185
178
1974
191
4095
4095
1908
1908
190
973
973
185
172
171
171
172
172
191
191
849
177
177
186
186
188
178
184
184
185
499
499
179
191
173
191
191
1716
629
1721
172
1131
4095
4095
177
180
180
172
172
192
1452
1452
191
179
178
2016
2016
183
173
173
190
191
1124
1124
176
177
177
175
184
184
189
189
2016
187
184
184
185
185
183
183
1362
765
765
1602
791
791
173
184
184
175
172
172
2156
2156
187
187
191
191
2376
182
182
172
192
850
4095
4095
175
2026
501
184
180
180
192
179
177
1391
1391
182
888
1197
187
187
717
177
185
185
646
646
1471
1471
564
175
1187
848
581
700
700
179
179
2135
182
187
189
191
191
191
191
184
184
188
793
793
597
597
173
1012
1012
172
187
187
1559
1559
190
177
177
176
191
191
1179
1179
178
178
179
180
180
177
180
1642
1642
188
1549
1549
1640
1640
228
934
188
174
174
829
829
2073
191
191
739
739
187
174
4095
4095
177
1065
179
177
177
174
171
1906
1906
184
184
1844
1844
170
170
192
192
184
184
186
182
1196
1196
182
182
180
180
799
180
840
2255
2255
1598
1598
176
176
177
181
181
761
761
177
187
634
634
903
176
190
188
188
174
189
189
191
191
180
180
187
180
180
185
185
1012
189
169
169
191
191
189
177
177
175
553
553
190
191
181
181
190
177
182
882
1504
1504
191
191
780
172
181
1121
1121
1431
1488
1002
172
172
174
174
191
191
189
1231
1190
191
777
777
1064
183
183
189
189
2101
2101
185
185
1934
1934
175
175
1071
2218
179
185
185
182
182
180
192
171
171
190
190
190
190
1443
955
181
1099
171
1297
173
177
188
188
1597
1110
1110
1179
177
1340
1340
182
182
182
191
175
175
189
189
191
191
1338
182
1244
1244
1138
1138
184
857
857
191
191
174
190
191
2117
2117
177
177
180
181
1513
2136
2136
182
182
185
185
951
951
190
998
998
1425
1252
192
192
175
189
189
172
175
191
191
180
180
177
1334
180
1441
1441
189
189
190
190
1257
171
171
180
180
184
803
803
645
645
175
175
178
1125
188
188
1359
586
819
191
182
2143
2143
640
640
189
1262
184
184
1359
1359
174
187
187
698
172
179
181
1187
1187
186
186
839
839
187
187
178
178
993
174
180
172
172
2270
2270
171
183
2809
2809
181
172
182
3258
185
185
191
191
1797
1797
192
192
185
185
186
186
179
179
571
571
1060
1060
1445
320
320
188
188
764
764
184
184
183
183
180
186
186
4095
4095
188
188
192
172
192
192
673
673
184
184
1130
1130
188
188
186
186
1057
1057
185
185
191
184
191
191
1531
182
192
192
736
736
185
185
394
834
186
183
1814
1814
191
2466
2466
1331
178
178
693
185
185
967
177
175
189
1079
1079
180
1112
1658
176
176
177
173
182
185
171
173
173
179
179
176
176
187
187
1484
819
819
185
189
189
172
2212
2212
179
1550
1227
184
184
172
184
188
188
970
970
2492
2492
184
184
172
172
1254
175
175
1540
189
189
191
191
179
177
177
178
183
176
181
678
190
1212
1308
190
190
631
631
185
902
902
1365
192
189
188
175
1086
182
1632
1632
172
691
188
188
711
711
174
1795
1795
181
181
1061
1061
187
177
177
1211
177
177
952
952
174
174
189
189
1014
1014
190
190
2042
179
188
176
176
1559
1559
178
2175
2175
187
187
175
177
841
191
191
172
172
2159
2159
1063
1755
192
192
179
179
1751
182
1253
1253
175
188
1469
183
171
192
185
185
177
191
191
187
187
191
191
173
173
1541
190
181
181
1691
2652
2652
629
178
178
190
190
587
587
3048
2823
2823
1151
1151
1258
171
171
176
2228
181
1690
1690
192
183
183
172
172
184
1458
1458
191
0
184
184
4095
762
172
184
1440
645
176
188
2232
2232
191
191
171
171
179
179
191
191
181
191
191
183
189
192
192
1050
1050
192
172
172
1165
172
172
1283
862
180
176
176
880
880
182
185
397
397
186
186
1034
192
192
185
189
189
817
912
175
172
191
175
171
191
191
191
0
184
1619
1619
190
1142
1142
182
191
186
186
185
1032
186
187
192
2677
177
192
192
191
191
724
187
187
177
1570
191
1330
193
179
188
1122
1122
748
4095
4095
1515
1515
1567
176
1218
173
1247
182
182
177
0
191
191
176
187
185
2041
2041
189
189
180
191
176
176
619
191
864
1572
184
184
191
191
171
179
172
172
181
181
175
719
719
176
176
175
175
546
546
893
182
667
667
189
191
191
627
627
915
915
186
186
186
186
1091
188
190
179
179
179
184
184
1498
441
190
190
2082
173
173
183
183
1538
2307
172
1702
1702
179
179
184
184
192
192
574
190
190
182
181
181
1085
191
1390
175
190
189
798
183
765
765
897
897
177
1371
1371
725
725
183
184
184
1045
1045
190
190
191
191
1831
188
186
186
1151
1151
884
191
191
177
177
915
192
192
4095
1475
1475
656
656
174
179
179
180
189
189
1290
184
184
179
179
1104
1104
175
2167
736
736
179
172
185
185
755
1934
1934
175
2943
191
191
360
186
934
187
191
2690
177
1654
176
176
1651
1651
958
191
191
883
975
2902
182
821
1458
172
734
185
191
185
2162
173
173
539
191
710
180
180
179
538
538
2182
1007
1007
191
174
191
172
4095
179
190
173
615
615
1126
192
179
179
968
968
192
192
187
191
175
175
1406
1406
188
186
179
984
984
1067
1067
1782
1782
177
177
182
828
188
188
808
808
190
986
2585
2585
1029
1029
1069
537
187
187
177
191
191
189
1563
172
1340
1340
1981
1819
1819
1024
795
795
991
991
186
191
171
706
191
191
697
697
176
512
191
191
192
192
1096
191
191
1005
1088
1538
191
191
1017
179
186
1804
1804
189
1133
650
650
189
175
175
2185
2185
928
178
170
702
702
192
180
192
185
185
847
847
190
190
178
178
171
171
185
183
3206
3206
186
186
4095
4095
182
1918
1253
182
1725
1053
1053
1829
191
177
185
178
178
2120
2120
187
187
191
191
180
191
190
184
184
178
178
2367
2367
191
191
1045
191
176
190
190
755
173
173
184
4095
4095
191
192
192
1044
886
178
182
182
178
177
177
191
1138
191
182
963
963
192
192
182
182
2004
4095
4095
177
188
188
177
1038
1038
176
176
173
173
1077
190
181
191
192
1075
190
190
446
175
175
603
603
191
191
1713
1713
966
3832
3832
1085
180
180
540
190
190
174
188
188
970
970
184
176
176
189
189
866
866
689
188
188
188
191
171
171
1357
1357
175
175
191
1344
191
190
172
178
178
1543
0
173
173
191
191
779
188
188
188
185
185
1087
178
178
960
960
637
637
173
180
180
4095
192
191
188
188
191
0
1422
1422
171
1866
1866
183
1035
285
285
187
186
186
187
187
186
186
191
175
192
0
176
988
988
179
179
2185
184
185
185
187
184
879
188
2207
186
186
179
171
171
645
645
188
188
2073
2073
1211
838
838
180
184
184
1387
558
558
185
176
1591
1591
923
923
1487
1487
181
181
380
180
952
952
178
1322
1322
171
171
537
187
178
1029
668
668
172
191
172
185
187
884
884
180
192
863
863
192
192
191
191
916
916
179
192
179
192
192
185
185
836
1380
1380
1094
174
174
190
186
186
1105
184
1494
1058
1058
189
190
188
188
175
175
1043
1043
174
0
186
181
181
183
1526
1526
181
181
177
177
605
184
184
191
179
536
536
1900
1900
172
172
1257
1257
179
174
174
172
189
189
184
184
192
192
1000
1000
176
176
179
187
187
1190
1115
180
180
179
179
888
693
1147
861
861
972
972
188
189
171
175
890
890
1911
1911
171
171
190
190
191
191
191
622
2170
172
190
1059
1285
1285
181
1407
189
189
178
178
172
177
177
186
186
179
976
976
191
169
169
1603
839
189
189
178
1588
4095
766
2163
608
608
1110
1169
175
175
4095
1212
1077
1077
187
187
1371
181
1203
1203
187
1390
887
728
933
933
187
173
173
189
189
191
940
332
332
1372
1372
1233
4095
192
185
185
182
4095
181
178
1852
1852
1627
178
853
853
1014
1014
1674
183
565
866
172
2146
4095
189
2002
2002
191
171
183
184
184
3409
3409
1846
1846
188
180
180
176
176
1341
182
182
186
186
179
190
180
523
186
186
186
1102
1102
1121
179
179
788
1290
1290
192
192
190
967
967
673
673
175
190
190
1095
1095
175
175
191
173
186
186
176
176
182
185
185
180
180
414
1325
1212
1212
192
192
184
175
175
707
2154
176
191
191
188
1200
1200
1456
1456
173
189
189
175
175
1339
192
178
2875
188
176
176
192
945
650
189
1560
1560
180
180
1017
191
191
2190
173
192
192
188
0
188
183
183
172
187
184
184
187
187
187
187
171
1020
1020
1325
1325
191
3524
3524
1672
189
189
210
819
819
189
189
173
173
184
184
177
1013
171
171
172
189
180
186
186
177
177
1072
184
1686
188
188
678
189
189
889
889
192
192
191
191
178
178
186
186
1026
188
1542
1542
1185
183
183
173
188
188
171
189
189
1129
2187
187
187
176
176
184
184
678
1015
0
185
177
189
179
943
191
191
3092
3092
173
173
1523
2267
4095
4095
1454
2577
2577
187
894
205
176
1838
1838
174
174
184
184
184
190
492
492
189
182
182
632
1316
188
188
179
189
189
192
1626
187
191
178
187
191
669
1228
1228
2264
2264
1228
187
187
186
896
173
185
185
2165
192
192
191
191
190
1105
1105
175
175
1486
1486
701
187
187
190
190
183
183
1101
191
187
187
187
191
182
179
185
185
185
185
189
185
841
841
176
176
188
182
182
177
584
810
810
181
175
2190
2190
1184
1184
4095
2186
4095
4095
180
180
177
636
187
187
190
190
185
191
191
192
740
1356
259
259
1303
3156
3156
172
172
597
499
175
190
190
182
192
1610
180
191
933
171
192
181
178
192
1704
188
192
188
188
181
181
181
181
191
191
172
172
678
678
686
686
1433
176
176
183
183
177
186
186
174
177
177
175
175
187
187
189
189
1029
4095
171
1445
1445
190
175
1382
178
187
1016
193
187
4095
191
176
898
188
1040
1040
1285
1285
178
178
186
186
905
905
179
179
717
191
640
2156
2156
177
177
2110
181
181
738
181
181
179
171
171
174
172
172
172
172
546
180
180
189
980
190
190
1068
1068
184
184
190
181
181
192
4095
189
191
191
2005
182
191
191
189
1255
1255
191
191
4095
191
191
3147
2158
2158
785
281
281
191
187
185
183
178
192
192
909
909
181
191
191
188
188
171
171
712
1385
1385
185
192
592
188
188
811
4095
175
966
966
973
973
1107
1717
1717
175
175
172
172
175
175
1101
1101
177
189
189
184
4095
185
185
183
183
172
185
1129
599
1143
1143
176
176
1341
644
644
182
191
191
184
184
188
188
177
191
191
188
1020
1020
188
172
172
191
191
182
182
181
181
176
190
190
1240
1240
781
538
538
191
191
583
583
184
188
188
181
181
191
627
189
169
1896
1896
171
171
177
191
1387
1387
1233
1233
1095
1095
4095
1368
601
191
191
627
1248
1248
187
809
915
1255
189
191
191
187
442
1078
1078
4095
716
716
191
191
190
190
190
190
190
190
461
461
187
185
185
187
187
191
179
173
173
1139
1139
983
983
180
180
185
187
183
183
191
843
191
987
185
595
595
174
174
185
175
1297
1297
180
180
180
180
185
191
191
580
1602
188
188
177
979
1149
173
192
173
173
1690
191
177
177
176
180
921
187
187
172
178
4095
174
190
1781
1781
914
914
176
180
182
182
659
189
189
185
185
1667
1667
178
171
171
1056
1874
192
192
1917
1917
187
962
990
178
179
179
840
188
188
189
172
185
191
187
186
186
1141
1141
1061
1061
191
191
191
573
585
585
1504
1291
1291
176
191
191
4095
858
858
184
177
192
808
173
173
176
191
191
182
172
171
173
651
651
189
586
586
1912
1912
191
191
180
180
187
187
970
970
2618
2618
171
184
184
176
176
997
173
173
180
180
501
501
699
192
192
187
804
804
1423
1423
183
1005
191
172
172
191
184
171
171
185
633
633
1363
177
0
172
191
1155
1155
921
921
2463
172
186
186
189
623
623
1723
191
191
187
187
187
174
185
174
174
190
190
190
190
1559
1746
183
973
973
189
173
182
182
175
187
187
178
178
191
191
583
176
183
183
1180
1180
182
1654
180
180
191
1014
1014
794
794
1076
1917
2601
2601
857
857
1286
1286
182
177
177
186
186
4095
177
177
2158
2158
181
769
769
177
178
178
181
181
741
741
192
192
191
190
191
191
174
174
175
191
190
190
190
184
184
191
174
174
183
183
178
0
919
919
184
184
186
186
187
187
1052
1052
185
185
192
1060
1060
185
191
962
962
176
184
184
180
180
1175
4095
4095
192
720
720
189
189
3000
171
177
184
238
178
178
186
171
171
174
2332
172
172
174
186
4095
182
192
940
940
189
297
297
180
180
189
192
2189
180
178
178
171
3119
3119
1174
1174
1096
191
0
2143
187
190
174
174
192
192
172
186
185
185
177
177
172
761
178
178
178
651
651
178
177
177
191
191
171
171
171
174
512
1339
432
171
191
184
184
185
171
3193
3193
1415
1415
183
188
188
177
177
191
2297
1302
1302
2170
2170
191
191
1027
1027
176
176
956
956
189
189
188
188
1159
1024
1024
1550
175
175
1059
176
189
655
2031
188
188
843
843
184
176
176
902
188
188
167
167
685
685
171
188
172
172
641
276
758
758
172
172
192
189
189
1829
1829
175
1395
1395
185
533
191
2093
2093
3797
172
1086
1086
171
183
189
189
185
1959
1060
608
172
178
178
2141
2141
797
190
171
171
1176
1176
184
184
189
189
181
181
187
187
186
186
178
178
190
187
187
179
179
191
176
176
2168
2168
1602
1602
189
621
621
1506
1506
966
966
1559
1559
1430
190
178
1106
1914
1914
189
189
178
1624
1624
172
172
188
188
191
191
178
178
186
186
703
703
191
172
172
1040
189
189
176
1739
1739
191
188
172
172
187
187
875
875
2179
187
188
188
179
179
1662
1662
175
189
181
172
526
526
1588
1588
186
4095
179
179
1511
1511
171
186
186
172
172
182
189
189
1778
185
185
182
182
189
174
174
192
192
2268
191
191
186
190
190
1980
1980
2123
1258
1258
190
184
190
190
191
2101
2101
189
189
936
936
185
184
191
191
1653
181
190
171
878
878
181
181
1541
1541
184
1153
184
189
188
181
181
190
186
171
171
593
593
179
191
191
189
189
989
989
182
179
174
174
184
184
285
1776
192
192
176
1018
1018
167
558
558
895
923
923
172
2197
171
171
184
184
176
176
1447
176
179
179
185
185
172
172
174
184
192
192
1468
1468
187
187
1608
1608
176
176
189
189
171
171
184
179
179
182
177
1675
173
173
699
185
185
187
187
180
1733
191
1610
1610
183
183
1356
1356
190
186
186
178
191
1327
1327
1178
1178
179
801
185
191
191
171
171
1540
1007
1007
189
189
180
656
179
179
1659
1659
1094
1094
188
188
652
652
181
191
187
868
868
1046
1269
1718
1718
963
934
934
184
188
171
171
897
897
176
176
182
173
699
191
906
188
1846
1846
177
189
189
1252
1252
171
1136
191
172
177
187
187
3884
180
180
190
177
189
189
904
904
1473
1473
186
776
705
175
186
172
172
175
175
191
191
178
178
182
182
191
191
177
177
1187
4095
4095
670
670
187
187
179
186
182
173
173
698
698
853
853
1133
173
173
770
2218
174
174
176
192
192
180
180
176
176
171
171
179
179
1562
1562
766
1851
1851
512
512
1254
1254
191
181
181
1889
1889
1231
1231
189
189
180
184
1099
1099
182
938
924
840
840
1981
1981
191
191
171
171
715
190
190
174
192
192
180
180
182
926
926
710
710
189
957
0
176
176
184
191
180
787
192
192
180
180
191
172
172
176
176
188
173
173
2171
2171
175
183
1095
1095
172
172
181
181
185
185
183
191
4095
4095
172
1474
2197
2197
171
191
191
191
185
185
191
1112
1098
1098
178
191
191
354
354
171
1515
1515
188
178
191
191
172
172
191
188
188
191
191
174
174
174
188
177
834
834
2123
180
180
190
1028
1028
188
188
180
189
170
170
962
911
911
2210
2210
526
176
176
192
192
4095
4095
187
176
176
805
805
181
3736
192
192
189
183
183
4095
874
874
3480
3480
2249
190
190
186
186
174
571
172
190
191
191
183
183
172
174
174
179
758
758
171
171
191
191
181
573
1006
173
189
189
191
177
177
182
182
4095
4095
764
764
189
189
340
190
190
171
179
182
182
1119
1457
0
179
1078
182
188
188
184
189
189
182
1916
1916
1647
1647
185
185
191
3726
3726
181
181
659
659
948
948
1783
4095
4095
188
188
188
179
4095
178
1097
889
889
1900
1900
180
180
596
181
181
2176
2176
175
175
930
930
171
191
181
181
1126
1126
172
172
1261
1055
1055
725
1984
1639
1639
1314
177
177
192
173
173
4095
4095
581
1410
181
181
2544
2544
172
176
176
171
171
178
178
191
191
186
172
2141
177
177
176
176
191
191
925
190
1201
186
186
187
187
172
1793
188
185
191
191
184
184
181
169
168
168
186
186
171
191
171
171
191
1853
1853
191
191
1876
188
176
1212
191
181
190
190
186
186
189
189
2480
2541
181
181
173
187
701
701
731
172
179
191
172
2122
2122
191
1814
1814
182
182
1322
180
736
184
190
190
190
190
178
1772
182
182
171
171
4095
2258
2258
186
175
189
187
187
191
172
191
191
177
180
180
183
183
191
191
1883
1883
4095
176
184
192
191
191
191
191
2184
179
192
192
189
242
242
191
177
177
175
175
173
173
184
184
694
694
178
1468
191
191
1654
1654
2740
2740
732
842
842
696
696
569
188
188
178
178
191
191
178
178
665
665
2507
2507
190
719
191
191
1695
182
1228
173
173
1619
1619
190
579
579
175
175
173
191
1081
182
182
182
182
179
170
185
185
182
182
597
597
644
1748
1748
1336
1336
2238
1708
1708
186
180
180
689
689
183
183
187
187
177
1198
1198
171
171
190
1319
779
779
2145
840
840
1626
1050
1050
171
185
191
191
181
181
192
796
796
185
1456
1456
176
1447
1447
190
190
805
171
171
172
177
177
183
4095
4095
171
789
192
703
703
178
178
924
189
189
185
179
179
965
180
180
181
181
1046
1046
179
179
763
191
191
1687
1687
189
191
1629
1044
191
191
179
191
175
190
416
613
181
187
183
4095
4095
