657
1195
2191
2346
744
200
1249
183
1329
602
957
183
939
1300
751
1233
196
948
651
1250
1742
1280
2023
202
1258
1208
983
721
183
1253
640
180
1282
827
696
1283
155
633
1287
1239
849
1317
1311
181
195
623
1188
1402
1253
746
133
505
513
1257
594
982
1620
134
1353
1355
1073
133
1309
874
1277
950
816
1218
1290
1334
1233
1364
841
190
1309
1291
188
584
1222
1264
607
1158
1217
827
1317
1299
1304
693
1310
1210
183
1269
1241
1421
2345
671
711
1315
291
2803
1336
695
619
134
1237
2469
609
1254
1280
938
700
1232
1256
1275
1321
1267
619
1296
1259
1280
1301
959
774
2450
1678
558
1253
1266
621
767
1233
1162
1247
1287
1203
835
926
1242
1248
1277
1285
920
813
1281
527
880
1263
1239
1211
133
1262
1327
1413
1228
189
1215
1306
895
1215
1350
1306
667
1232
1243
1228
736
1280
1230
2384
1244
821
1284
179
1233
1249
133
841
1271
788
1119
1323
1254
1381
1274
902
979
1247
1284
645
615
134
931
198
1268
1276
1206
1239
716
1246
994
1389
875
904
1238
1285
660
822
1266
134
1223
1315
1257
1247
1363
1292
908
197
1233
1325
1322
896
637
473
727
1315
672
1239
1264
1273
1241
205
782
1312
198
1399
188
133
563
863
750
189
1283
134
1222
215
856
914
1299
1375
183
1272
1655
1290
133
784
1264
739
527
1351
1240
1273
1034
1329
693
185
1278
194
133
686
672
1255
520
1343
620
583
133
1362
1375
727
606
1272
902
1257
1287
1275
1403
198
869
1255
199
1290
2075
513
1284
1191
1252
1222
1315
1024
910
1289
1252
720
946
1340
179
1369
815
133
1238
1271
1191
1710
636
695
1284
1213
1322
785
1210
1267
1259
477
1080
575
133
606
193
1269
1263
1185
1328
202
800
829
940
1294
1202
1207
1211
183
1301
664
1246
187
1237
888
886
637
1089
1231
923
1285
1331
1004
1240
1325
1210
1217
458
848
134
1291
1780
1233
630
1272
857
1322
1822
1028
133
820
533
2325
1241
1264
1012
1309
1330
529
967
1207
1226
133
133
1305
570
1216
780
743
803
939
1233
188
197
1289
1235
865
557
857
2033
867
1252
133
1239
133
977
1297
1218
1263
1371
1318
719
180
1392
1260
1252
870
883
1160
957
1290
1277
637
1296
1168
1003
792
185
1260
1233
1396
1200
1256
1308
1166
1292
1298
1443
1296
948
1242
800
715
690
1308
1301
380
1232
1217
134
1235
1255
819
1297
787
1271
187
786
1238
133
1280
1264
1280
1258
541
1270
840
180
523
1061
590
1286
1449
619
927
870
627
972
1261
133
1544
1297
1240
932
1681
190
1299
867
1242
812
1226
1289
1303
1261
1272
1294
1291
1233
202
133
789
822
1228
1237
1293
1518
1154
1258
179
895
1198
662
1374
199
2209
196
1372
181
1229
1992
816
1306
196
1304
1310
1309
133
1305
660
629
872
1326
512
1242
857
185
1314
1275
808
1353
1274
1268
851
133
1362
802
965
910
1077
682
1693
133
1261
133
707
1290
1267
180
2420
861
1286
723
1306
849
640
1234
1269
1261
1292
913
1238
1285
635
1284
1458
1329
1299
1337
832
1260
1308
1936
484
190
1233
1306
1305
2207
1298
1310
1300
1337
190
1285
1330
1198
879
705
199
1274
1285
1256
1323
960
133
1320
1251
537
1297
574
1201
505
538
682
1204
504
924
1267
133
1325
1340
674
503
1330
133
1299
1203
975
524
133
613
1336
480
1269
838
869
1350
594
133
562
1353
1315
1232
581
1235
195
1305
761
945
191
1741
1309
749
1283
1285
1244
758
798
893
1267
1263
716
677
2301
1289
1318
514
1867
964
200
680
1339
1248
1078
711
941
1206
1251
1212
134
1248
700
133
2368
1208
781
313
614
1262
198
835
1247
686
1699
811
1269
183
1233
1345
1233
202
203
1129
869
1364
1201
1264
1308
1247
1738
1043
1269
1094
2453
804
1268
1260
1684
1305
1259
1257
1198
1234
670
446
1424
1305
1225
1277
1285
1190
1214
1799
1320
134
1237
897
1068
1307
1230
1301
1239
1309
648
1035
1245
134
1322
1290
806
1301
1298
1232
1302
1693
715
673
1319
1190
1242
1346
1253
133
134
1388
1234
652
505
1343
659
134
2326
701
183
1277
1268
888
1260
1258
1133
190
1298
531
189
1199
1257
1327
1266
878
1242
1300
578
811
624
1236
2011
779
665
198
1638
795
935
510
1280
1302
1407
1346
1277
780
1285
133
184
1316
1269
181
1318
199
1296
882
134
1351
909
1357
725
1365
1135
658
1237
754
1235
194
200
836
133
759
605
1899
1290
1260
661
1206
182
608
1327
133
1245
1305
1290
708
982
525
572
1218
536
1346
968
1219
1342
1292
1309
475
1306
1088
1318
695
188
1318
1237
1312
694
133
824
1256
1243
538
1128
1307
989
1264
1263
1313
1233
2362
1274
1278
1272
1310
1070
1232
1314
1281
1283
133
1123
669
780
1085
797
1277
650
1231
1285
1318
177
1280
196
177
616
592
924
1270
1281
1290
1256
202
1243
694
899
1316
1362
194
1318
1254
1288
849
1276
1259
1275
726
1274
1964
1230
1757
1254
923
1377
1289
1607
974
1181
795
1247
1282
433
134
1250
547
1231
1305
206
1219
1332
196
1249
1282
1307
1229
1344
788
1333
788
1304
1270
1597
1324
641
649
670
1250
1297
1265
674
650
192
1298
1305
1337
1267
1352
1236
186
349
753
1276
1256
858
592
133
604
1261
1218
1271
1280
1305
1241
1533
1643
181
1299
1397
685
1213
694
179
1272
1331
1280
682
1225
502
1213
986
1201
1199
1317
1277
729
1088
2410
1290
1323
914
1344
1325
1207
981
1194
1872
134
524
1209
1010
1366
1271
1261
1771
1229
302
1336
188
133
182
186
1242
1266
1318
510
789
689
1264
748
193
835
1328
859
1282
581
204
134
1251
1683
197
1309
194
1162
772
1259
1300
133
1254
1233
1271
702
1300
183
2205
1264
1399
134
1207
1269
1285
1259
931
1321
1274
569
1328
821
1325
198
877
1286
1249
1267
1245
828
1795
134
1301
1251
847
991
1457
1292
1346
1638
1243
133
2905
1354
1284
1024
1202
584
134
1256
856
1354
551
1330
911
1267
1211
1222
1263
1269
1303
1222
1363
1277
844
1187
1258
1346
1261
188
1314
1304
1277
1226
1299
1302
1246
1069
192
546
629
1260
595
1611
769
1024
1299
1321
1263
903
201
1212
1255
803
1287
1268
856
1256
908
1221
1228
183
749
1264
1303
1296
233
1323
197
1234
1303
955
1371
1068
773
1735
1272
1276
1323
1296
1256
1254
715
1453
715
1251
781
178
639
1230
817
738
1296
968
1297
187
1220
644
134
638
1242
1226
1486
1338
1229
181
950
1159
787
979
1277
1195
800
1298
1056
133
1274
899
1349
1342
1004
1319
1260
1224
1272
409
1222
857
1276
1309
500
1271
1317
184
133
1323
1233
534
1249
1272
2358
184
1346
1988
183
772
876
812
720
195
1278
182
1224
647
687
1666
193
1276
1198
1254
205
884
1306
618
2110
1244
1246
1341
751
1292
133
1226
1261
1270
719
1194
698
189
2241
1015
133
1077
883
1256
508
1258
1244
622
1314
134
1194
1262
765
1343
1700
1210
199
536
1381
200
560
850
1038
1358
1341
134
1251
133
1270
571
1273
197
132
684
195
133
1272
1295
1216
1190
1286
869
202
1252
1294
1305
1251
318
133
906
643
710
1338
1230
1261
1034
868
646
776
884
1232
1250
1306
1254
1264
197
1286
1309
756
1332
191
1312
764
1281
1253
1256
804
852
839
133
133
1242
1287
1304
2373
1335
1286
1240
561
134
1079
1247
1257
1682
687
862
891
1280
600
615
1341
879
1274
134
1415
799
2384
1351
1275
1241
186
1311
199
185
1269
1287
532
594
705
1245
1156
133
1266
825
791
732
1277
716
1266
1704
1240
1260
693
1250
514
1004
1279
178
1371
1280
876
719
135
596
733
635
1196
1182
1273
573
1257
646
1245
1222
866
1291
201
1279
1233
1264
1242
895
618
1263
735
1414
874
189
802
1406
1272
1274
1257
1482
551
892
1342
1255
781
870
866
1153
1246
1207
1606
811
2244
1236
955
1296
1274
1245
874
798
3324
191
133
2337
950
854
944
188
183
1242
1403
1322
1051
1255
191
1314
750
133
951
1315
603
199
1272
1299
1213
1316
637
1261
284
1277
947
179
492
767
1156
1237
134
1290
1276
1203
1219
697
1253
185
1140
133
1334
949
966
1226
1485
196
1188
201
1272
1328
1311
1202
672
1280
491
928
870
1241
1250
772
1264
1261
1327
1003
1577
798
1292
1310
1629
133
1338
1306
133
134
134
134
616
1303
827
1313
516
1208
1289
716
1247
1343
1288
1319
741
194
803
1253
133
478
1259
1225
1292
1251
1227
1334
188
1245
1300
133
1348
1015
458
1311
1255
1226
692
275
522
947
984
1604
134
1379
1196
1262
1261
2143
1292
133
695
1846
784
932
200
1120
1280
1290
134
1275
1299
1316
1265
192
1214
576
1270
955
1275
730
713
1278
1263
1300
204
1324
1295
202
1262
698
1271
951
1418
1265
767
684
1301
1183
1302
1241
179
1263
1274
1259
1298
1260
133
1327
710
784
1278
1245
1316
1285
673
1280
765
615
1272
1356
1855
1252
2381
1333
1201
1233
1234
832
812
192
1338
800
614
1314
716
188
1290
691
1191
133
199
1258
1577
802
698
1291
848
183
809
1235
1226
1274
558
759
2032
133
1004
1285
252
1280
657
955
1242
1353
1215
647
1320
1181
182
885
928
1226
545
1247
1278
1271
1271
1318
617
138
835
622
1320
868
133
562
610
1297
799
1337
1280
1251
1701
1332
2069
599
1301
133
1245
200
1269
134
680
1276
197
863
1268
579
821
900
1284
985
133
1231
1285
182
909
1244
1303
1303
1255
752
1284
133
1265
1304
1325
1264
1030
1240
1274
1252
1268
1315
2064
538
1854
683
1221
133
1288
1312
1308
133
1800
1295
195
1141
1318
886
909
1306
1587
1291
1289
1269
1188
1280
1284
1377
1334
777
1638
1199
630
1252
880
1248
2208
1323
988
1225
133
1342
767
1242
2064
322
1452
183
1308
1026
134
521
1254
621
618
1267
801
1266
1277
1380
743
1308
720
3005
1263
1288
1221
1286
1220
745
1326
852
134
1281
514
1418
1237
1344
133
689
1296
640
1275
187
133
1291
226
1274
2322
180
1703
890
1306
1228
2361
1356
1106
1300
195
726
1258
1228
1321
1300
1346
1033
655
844
532
1135
1250
1167
751
462
602
133
1243
1344
183
1319
638
702
843
722
1210
756
1269
820
586
133
1295
956
817
682
764
1257
817
616
817
564
1320
133
1224
1285
1378
1246
1280
1247
943
1131
181
1266
887
519
842
1212
192
1260
1280
194
1218
133
1000
1177
1337
1232
181
1288
187
1240
788
1261
704
1254
1314
819
1241
1307
1353
1280
1327
1281
1277
741
1283
904
1266
796
1317
1151
583
1660
1250
556
889
1281
1308
1301
757
1276
1275
725
1281
134
1297
197
1302
1595
1245
895
1303
1256
1231
1368
1243
1205
1314
1274
187
1326
1254
133
1250
1601
943
1298
618
1234
1158
536
861
1421
1281
1318
947
787
970
1481
1304
1360
192
133
1204
1264
310
133
167
1289
1197
1280
1321
1280
1324
134
1244
134
2133
1262
837
1142
958
1291
617
2406
849
767
1930
508
940
1317
1179
726
825
1309
1192
831
1259
788
1434
1352
133
1222
1233
920
895
1540
1295
1220
890
731
793
1328
1549
593
199
725
1300
1314
2130
1241
1253
1290
1267
1205
671
1274
1259
1263
914
134
1264
1281
2019
769
196
1255
1338
1283
1291
188
1310
1286
1301
1249
1182
1495
133
1214
538
1232
594
874
1057
1335
557
653
1321
1311
665
1243
1314
707
1245
1317
1225
1342
1184
194
1288
2040
203
1271
1306
1265
1337
938
854
2047
1337
1219
1280
688
863
794
1278
134
537
540
821
1743
873
888
1292
1285
1254
1252
213
1206
1290
1315
1263
1354
1291
589
943
848
896
814
1292
181
666
133
677
1291
1271
790
943
2352
134
1204
769
717
602
1316
698
203
1247
1269
903
1255
1162
1236
1347
763
724
806
1276
800
134
665
665
1392
134
1248
134
350
737
1282
565
602
832
1482
494
1256
1267
1267
621
814
197
458
563
199
926
198
133
1358
1290
1312
1305
198
1298
1297
1188
1265
134
1324
1272
1326
1229
934
887
197
1230
853
133
1322
2428
888
676
1292
2152
1245
843
1259
1200
1239
1304
1327
1335
207
1308
133
784
1709
1298
1334
627
1295
1208
1309
491
133
1228
1277
133
133
1071
1670
730
1175
903
2091
1352
133
1199
2379
1286
1391
733
1309
855
986
623
673
1240
1302
1264
1312
1198
833
1285
133
1061
1304
179
1268
1251
1274
784
134
792
1393
1324
1157
1343
1261
671
1284
890
1751
194
661
1288
1369
1231
583
533
743
1290
1291
193
707
1282
1237
1191
1338
1907
622
1685
907
133
1098
1290
1082
134
1202
193
1273
183
1888
1246
1224
1334
907
1246
1248
1261
185
191
1260
712
1248
1292
1266
542
1198
1252
1170
837
182
196
744
1282
1277
1237
1210
133
865
1301
133
186
648
775
1290
2391
1315
787
867
1303
1299
1266
133
1432
1244
1313
182
1339
648
133
1426
1167
133
1332
1241
1258
133
1271
1313
1228
1234
1244
623
884
1243
728
1267
184
926
1276
569
1319
545
1230
1281
1215
1202
864
926
180
1302
1256
1298
1311
1130
1002
1274
1267
1344
1280
1379
134
853
683
787
194
1332
1275
1374
1241
912
1659
736
1221
1300
134
1287
670
1301
1267
1209
1234
648
957
1210
198
757
1238
841
194
1261
1364
1311
999
809
508
1317
810
1268
199
190
481
1142
1316
1243
1354
714
1224
1447
1295
1232
1771
1268
202
1345
134
1409
133
1120
1322
1010
200
479
1236
1289
678
181
1262
1291
1291
985
1288
189
1478
1319
1280
1249
1256
1355
626
180
1397
1214
1287
188
1067
873
178
1351
198
945
1293
1336
1318
1271
133
778
1254
1389
1312
1300
888
133
1757
1269
1259
1295
1297
829
1117
1625
1293
1305
858
1276
898
658
2407
1307
1262
1410
136
748
1266
836
1289
746
1275
1297
133
2195
1240
195
133
659
1315
1292
1256
2249
617
1333
702
949
133
1291
1310
1345
1550
1276
1285
1342
1268
818
1206
1282
1286
1278
1297
1278
1253
910
870
792
1230
1296
2180
1310
1245
1791
1246
1777
1866
1766
1299
1252
508
133
133
1665
500
179
740
722
1191
1212
940
778
133
658
1250
1119
1366
1278
1195
1292
1338
830
200
1298
1296
1152
761
596
1270
1307
133
184
1252
1887
188
199
1315
183
134
1272
1258
335
196
467
1302
134
1212
1304
1290
766
606
133
1548
866
196
1322
1321
1206
1233
1198
1951
1256
747
1297
1245
1329
1250
1295
1926
649
1304
1269
1241
1325
959
1184
1213
1180
859
1259
1263
186
561
1271
1207
1277
640
702
550
197
1287
195
2242
1271
554
195
1319
842
1266
1288
1273
1255
182
1334
973
932
755
133
1265
1305
721
133
1967
906
1300
808
977
1326
133
713
184
835
1263
805
999
1281
837
726
1264
1278
1267
567
1188
1303
1218
1020
1226
1263
1502
1322
1350
1228
195
1675
133
1306
1300
824
1360
1327
2165
923
134
957
858
1258
1214
1255
1277
1205
1344
181
1250
1258
1353
1324
1727
1255
1319
1238
1304
1263
640
134
133
875
776
1263
804
1270
134
1254
858
1293
588
1174
1258
939
1280
133
1471
629
134
1288
133
725
133
193
1266
668
757
1008
638
133
134
991
1234
1223
1423
652
932
1110
888
963
1250
1197
133
1294
526
1261
185
742
183
189
750
667
817
766
1261
1362
1252
1282
1310
718
845
1293
724
177
1367
904
185
133
1265
181
1526
197
1238
1281
1298
908
931
2225
1338
134
1242
1309
1339
1388
913
2004
1365
771
1312
1347
1251
1232
134
406
758
1248
1363
1287
1244
897
2451
1281
1257
737
1243
1342
704
1185
687
1335
759
1311
951
223
747
1228
1270
1247
1314
576
1195
1345
181
1226
1325
1198
679
1335
718
198
1295
1234
133
1235
1232
428
486
1347
1314
569
1310
951
833
510
609
592
1583
987
561
599
1241
1194
850
1302
1273
134
1327
629
1088
1238
2011
1587
809
1275
725
1223
747
134
1248
189
739
1253
1278
1296
902
1225
720
133
1191
133
1271
1263
185
203
1347
1257
1297
555
1304
204
179
188
823
1208
1369
2038
971
1293
134
133
731
1235
1314
193
1318
820
839
1313
774
1493
1472
182
484
1301
1241
1124
1309
1273
1250
658
1270
647
189
788
1201
371
1280
1079
581
636
1328
1296
134
1230
1038
1280
133
1256
913
1269
916
919
1228
695
191
575
1248
1305
134
178
883
1317
183
590
729
1292
955
196
790
1341
641
836
1287
1277
1335
1717
1230
572
877
197
183
134
1255
1178
842
1254
1245
1260
1198
528
1355
543
1012
1294
1268
1280
1348
519
1290
856
897
1255
920
829
134
1247
1292
2090
1322
1299
1209
199
1275
1228
1295
181
190
1331
1291
133
1245
1238
1918
508
1453
761
133
1311
761
1212
186
884
802
1304
1264
1255
803
977
861
1292
1242
134
1230
1292
1256
1270
907
901
1304
1310
1240
268
196
902
2145
1293
1254
839
1336
1315
923
1308
1229
1382
1318
1185
1283
1113
133
633
1249
1239
177
946
544
787
1233
1288
1260
623
656
1272
1304
910
775
1259
1670
1078
1258
1217
1296
1261
1265
1314
1178
1199
1713
544
1145
1256
1320
1302
920
1208
1268
1256
1257
1253
849
1296
529
1268
1239
774
1272
1615
1274
1261
1329
838
1216
134
1243
1334
687
875
1320
1311
195
576
1281
1718
1233
769
745
184
189
975
1241
1225
1269
668
1307
1349
1265
1192
1257
1240
738
1288
1264
863
1254
539
617
1262
871
1252
957
1322
1332
192
717
1266
636
1315
443
1258
773
1271
510
181
1312
1293
1229
1647
1302
1197
1260
191
718
1331
1213
1227
1227
1232
1240
1196
1960
1302
1265
695
1518
732
833
631
1812
1292
916
846
179
1340
1317
1286
197
1282
134
191
766
1282
196
1342
1344
1249
1698
848
1092
745
1079
1231
1328
1231
1280
134
772
183
196
133
743
1318
1305
1263
1279
1318
1306
1268
745
552
492
1269
184
1318
198
1319
1288
1397
1209
683
1258
1251
839
1299
133
723
1318
180
1152
1236
1337
1014
741
1221
715
1335
715
1282
883
1302
1350
1278
1296
893
1262
1316
1230
1358
1148
133
195
1259
1264
182
1396
1350
1245
1293
1264
1270
1790
787
674
1188
840
1235
1243
1276
1226
731
955
195
866
703
562
1260
1249
783
790
133
134
1267
694
2315
1238
196
195
1124
206
1291
967
201
1314
1203
1262
1201
1253
1024
1289
727
639
1270
1382
1332
1224
1529
1276
846
696
733
846
1315
1401
760
1280
1215
134
842
1402
1257
1001
1238
1426
568
1154
1273
1344
830
1716
1259
1296
1600
679
1288
1309
1328
1254
1264
1265
736
184
925
1273
499
1350
1317
1235
1329
189
725
1203
1197
829
868
1312
190
593
1274
1333
1334
1265
133
1383
1233
1278
1291
1331
767
1259
1202
1216
134
1231
1226
1103
134
838
1243
1294
1292
1242
1278
1214
742
1312
1302
1010
185
618
869
635
222
1239
207
204
1216
1255
1284
1157
1286
852
1218
748
133
856
766
1281
736
1247
740
640
1254
1191
701
1280
745
1296
976
1293
932
1263
133
839
871
1336
179
620
902
1277
1067
1344
976
1249
580
738
1272
1332
1307
1258
1318
199
1321
944
2412
1271
1259
184
1208
1227
1212
958
675
999
198
578
915
1261
1225
1310
1292
1273
1296
1972
1288
191
1275
1331
192
197
1358
889
2293
1103
1281
1291
910
1307
1496
1293
133
134
723
1318
1325
1308
133
1274
825
1025
133
733
1177
1353
833
1252
1358
749
705
1281
685
1604
657
1315
133
1381
828
1263
1287
1735
1267
1277
829
133
632
576
1226
674
1299
1647
1218
541
1171
882
194
1268
1284
1320
134
1139
1256
993
550
1293
564
538
1432
191
186
1296
1060
1235
134
832
133
1275
133
188
761
1852
1302
1333
1292
214
677
821
133
1277
134
1282
1875
1301
427
1350
1256
1269
1286
674
1315
1267
133
133
133
767
1293
1261
1205
134
1335
807
1330
1264
1262
1269
742
1213
952
939
1240
1227
1195
198
1270
801
1267
1308
191
1284
1310
1319
1313
1271
1138
914
1231
197
2355
1280
973
1751
872
194
197
1231
1232
1233
134
1233
1243
1267
1264
1294
946
1215
883
1302
1357
1274
746
504
179
133
1300
188
1292
1921
1218
1000
1326
668
1233
1286
190
659
463
1188
548
133
1237
1268
823
421
1256
2426
1513
1164
1118
1275
185
661
880
1303
1282
1253
555
590
1258
1300
699
1220
1309
134
624
682
1199
602
1290
1294
1325
724
832
850
1323
189
1324
195
1316
615
1304
1332
512
614
1331
1248
799
199
1327
193
718
194
1278
1503
1276
1290
1266
1326
1254
1029
631
185
896
1311
1247
626
1342
586
1229
133
685
180
1232
1177
1199
646
684
656
1255
914
707
1357
1280
893
1320
188
1287
469
199
840
183
1299
854
2354
1889
830
1315
842
1218
1260
1330
690
1235
1273
905
1150
1385
1305
189
199
745
1282
1303
1224
1264
1318
1185
1316
589
133
1343
1313
1222
1269
201
626
500
1342
1283
906
1207
751
1288
1284
1272
1287
847
763
1318
697
1806
1273
1299
1362
1297
636
1280
855
1240
641
1260
961
1267
1639
1140
1936
1198
1330
828
1848
806
819
1267
134
1248
200
652
204
201
1367
190
827
1277
1324
1227
1295
1189
802
1266
1312
1266
863
134
134
1247
909
763
780
709
855
1315
1230
771
1372
319
1260
1276
602
820
830
1285
889
938
1386
952
1384
642
188
1270
581
1619
1262
2433
134
672
1323
943
133
1280
134
696
534
1280
585
134
1228
1266
921
582
134
860
1259
980
1274
569
1065
1251
966
1336
1964
1256
1193
190
1280
1878
2278
1225
1212
1235
693
753
1167
1291
1352
826
1359
1244
1255
1231
199
134
1200
1240
617
1218
837
133
1401
940
1252
731
133
1306
1291
1224
180
189
792
594
613
1271
1967
1249
1256
134
1333
1320
1310
1293
1325
594
134
1334
1180
1213
1229
684
196
1286
1320
1231
1298
1252
849
182
1258
1261
134
188
1192
691
1277
1235
1192
1307
721
881
1184
201
572
1307
1548
1259
134
201
1266
1306
1179
589
612
1443
1301
134
1273
575
198
1314
133
197
1316
853
1148
1288
840
197
1269
1297
1290
183
630
954
1259
811
1298
1391
738
887
799
1293
1255
134
1320
1247
1338
1261
1280
1269
1337
1264
1350
832
1418
177
1244
1353
1283
1291
916
1214
1277
1288
1251
1295
1287
1314
1330
629
1197
196
1291
553
1227
1269
1321
185
186
980
1344
1284
824
747
762
828
1249
721
1382
1249
1274
1255
1266
822
1248
1281
1259
2303
644
759
1282
134
1305
133
133
1304
1383
1278
202
1292
185
640
1256
134
1225
133
1205
1549
1239
1423
561
1359
1240
1269
1167
133
888
1012
872
1218
1185
698
684
1795
741
197
1247
1328
1143
1944
1265
749
1231
627
1258
646
184
133
733
1192
1186
1325
1067
1272
1251
188
1250
1263
719
770
184
1319
133
2281
1335
1297
134
1286
939
133
299
1296
1214
1293
676
686
1308
1293
133
134
1289
3442
556
1238
496
1259
782
1756
1608
593
1232
711
1301
1263
1270
1243
715
1226
1255
1236
1962
681
1295
134
1264
725
196
1244
492
1250
1242
1293
1245
1779
1334
796
1280
1244
457
325
1683
133
1223
195
1331
664
1199
794
1229
134
1311
1115
133
1076
1179
961
1282
1319
208
422
1363
2264
188
1317
594
133
1277
929
1239
520
1239
1290
1247
1260
1502
1295
303
1232
134
1302
1301
134
1757
1243
798
1330
1286
2288
1209
1275
1250
1233
1219
1314
1298
1313
1248
197
1209
1265
1242
640
1282
1203
503
1268
1255
1230
900
818
1255
805
712
1317
1334
610
818
2235
1270
898
1259
1305
1283
228
2379
765
1261
187
1229
896
910
1310
843
1324
697
1253
197
1307
546
1267
767
1225
1264
133
923
1320
1374
1282
1246
1256
1272
133
1622
1306
1285
1277
582
542
816
964
1179
1298
609
133
1331
1377
760
1269
1931
1290
660
1242
190
1471
927
619
1285
1193
1234
1397
657
134
891
1228
1325
708
1276
526
814
1301
1367
1265
1303
812
1221
813
643
1209
1338
134
977
1003
1259
872
1180
826
1278
571
895
1289
1246
1273
1301
750
1238
1394
1448
911
1270
790
134
198
1307
1326
1082
1219
1300
134
1278
192
133
1280
970
1024
1239
1305
1268
746
910
179
834
820
1245
959
635
1225
1300
194
1227
1350
693
1211
133
1300
184
1840
1276
1320
1359
1248
661
860
1187
981
920
907
640
1326
134
839
1264
1237
635
1114
988
907
1070
1257
1274
1225
426
1274
929
157
1342
722
181
466
1208
1254
1296
134
1306
922
846
146
1297
1287
1290
1282
811
2352
1203
646
1288
627
1280
1283
133
1236
1372
135
1320
182
1245
134
1245
1464
1217
187
134
655
1206
1280
997
809
714
905
779
1258
1293
1278
1157
1331
1244
1242
134
1234
196
892
1280
1283
1329
803
1291
1577
1344
945
134
476
755
1327
1297
1052
1216
198
555
629
767
516
1241
1258
1306
133
2270
708
1291
1312
1249
638
1032
1284
527
1192
1247
1289
1270
899
1273
1250
1306
134
1244
1312
2317
1278
1215
1314
678
1069
1214
1004
1016
1630
1273
1248
194
653
337
1252
1298
186
1288
192
1223
929
894
1249
532
1215
640
939
1278
182
1638
1272
1203
919
134
1315
713
524
1222
804
985
1864
934
186
1281
195
1613
1278
1168
835
1237
1217
179
1276
761
1210
688
1340
1250
794
905
931
512
1260
134
935
1330
134
1205
1272
134
197
133
1301
1258
1288
822
1263
1231
1280
1313
1309
736
1295
1845
1306
1311
1349
1299
1304
1365
707
848
711
1245
1260
1245
1201
1291
1219
1389
1251
1218
1331
1398
665
1379
1901
1184
134
687
133
1340
1284
1347
1308
864
133
178
1270
855
1259
928
1338
1235
1267
1325
1311
991
1304
1198
1328
1458
1239
1338
1250
1251
1283
751
1204
945
1012
717
1321
1217
1933
1248
1221
504
1243
646
711
1251
1220
180
1270
1297
1240
1324
1214
703
1130
923
1317
1272
555
1190
1345
1363
1266
1324
1276
1979
881
778
554
892
1280
1213
134
1286
1643
1286
1208
189
699
1201
1103
1269
888
1270
1230
789
133
1362
851
194
973
1239
626
1327
824
867
1218
801
1047
133
1390
611
1358
185
1341
1294
1330
196
1262
962
1226
703
585
1330
1291
1276
197
171
1263
1238
729
1292
197
182
1004
1292
1404
862
1389
1223
1336
831
712
740
2366
796
1299
2383
179
1266
134
133
777
134
1226
1310
1352
1166
583
1304
878
646
1079
1243
1258
133
1297
853
863
892
1221
134
1302
1296
795
517
775
1247
969
870
832
1398
1312
348
252
901
1276
1305
1302
1266
1311
918
552
1236
1230
1304
1255
194
176
1305
1358
1251
1209
196
1350
1583
1380
884
589
1269
1227
1258
2208
1248
1267
882
185
1527
703
638
1232
1269
1282
1303
1259
853
1302
1244
185
275
133
1185
1272
1245
675
1291
569
186
133
1306
189
710
1295
1292
929
893
662
133
176
802
1305
1266
1264
1364
134
847
902
1321
134
194
506
1241
1756
675
1963
1315
186
1258
962
698
736
673
189
1177
1223
771
714
1394
1261
1270
1347
1361
133
1254
1301
781
1311
788
1258
1236
183
197
1304
647
1359
1064
790
617
648
686
133
1232
1301
255
1236
723
795
657
1240
899
846
597
1671
747
181
1262
133
886
134
857
133
1243
134
875
1244
175
815
1318
1230
1297
1212
1282
1348
858
1210
1245
1273
994
1260
1775
1217
1090
1320
178
894
821
593
1250
1261
193
577
1279
1291
1169
877
1280
901
179
134
691
1297
1284
2303
1272
1210
1280
1336
1688
1305
1268
996
617
793
1287
1087
810
1156
847
1262
781
751
1244
1202
1313
1215
1249
799
184
200
1266
583
1254
1307
1221
1287
1266
1265
1113
635
1262
133
928
1264
183
1260
1275
187
197
939
838
716
1291
1276
881
1210
190
871
978
134
1245
803
1319
791
1289
1149
1322
1340
1317
134
866
1278
134
1284
1308
133
951
850
866
133
134
1172
134
2024
1256
1212
134
1223
1242
1302
1265
189
1303
975
133
692
571
1248
1239
1343
674
1116
1328
1249
1288
719
2640
1250
1239
765
1292
1259
2193
831
857
2304
662
721
193
644
1258
1276
858
2407
1266
1237
709
1320
1263
1332
1349
1204
1013
2202
1247
876
134
1286
730
134
192
1257
983
914
1270
1832
188
647
1302
1194
1583
1257
1586
891
670
1226
1274
1286
134
842
1311
959
134
1314
1245
1344
1508
134
134
940
690
1265
1781
788
767
197
1294
895
1320
637
488
1278
1203
739
825
1298
631
1284
946
1293
785
195
479
1294
1289
192
1055
1250
1298
1311
921
1290
1207
608
1268
761
1305
1228
1205
1246
183
1290
1247
134
1249
1322
1261
1212
1245
134
924
198
782
775
1287
826
1886
1275
793
699
1285
2449
1287
194
1256
827
1304
1227
1620
1293
1212
1733
1312
2377
1533
1301
1242
1147
1282
1282
712
1614
1259
134
596
839
883
1229
1731
727
590
942
1322
1281
1304
593
1217
889
197
515
795
135
1245
1067
1341
1995
1754
1310
1223
1293
134
1313
926
656
1329
1657
1207
867
932
1253
1226
1239
1306
1310
1288
996
983
1325
134
1263
560
134
133
1799
1220
807
1258
1248
1282
2151
758
134
716
848
134
1209
867
133
194
133
191
133
1254
1343
696
2189
1252
1268
134
1238
780
134
1348
1195
1187
2381
1171
179
1253
941
698
1391
1302
216
1765
1105
1167
196
133
1289
1289
1340
514
199
1179
183
1298
185
640
133
1438
197
641
702
1172
1289
657
748
1163
1290
1175
1274
666
1304
679
1615
133
2332
781
1262
134
2275
692
1207
719
1316
1322
178
190
886
579
1259
816
1320
1613
1280
178
1297
1338
1276
1266
873
746
197
1236
1504
1289
1240
1343
196
134
876
1173
1334
1091
1296
665
1324
519
1410
1244
1265
1194
1390
1275
134
1947
1350
1264
1210
196
786
786
1325
1366
1219
133
1509
500
1267
885
1381
950
133
1227
201
896
1319
1309
1190
1280
1323
544
1280
1297
1268
1297
1280
630
1353
1412
544
1300
673
1315
592
866
575
1293
1244
1299
614
1353
1321
1292
1442
1684
134
1293
738
1237
1317
2099
1362
133
840
1032
553
1272
196
787
1203
1364
980
1267
1366
1296
1280
1245
1243
1303
1281
927
1290
1322
1266
1254
1281
1282
1060
532
1215
740
1278
587
1351
1270
133
1228
1304
2005
1305
133
2328
1303
1310
735
1316
1320
469
802
680
134
870
1333
1228
134
541
1251
1502
1261
1303
941
1270
890
1271
177
861
1310
1205
186
1273
760
623
728
1201
1294
1267
1259
133
1329
1365
1361
1273
667
226
1237
1206
1048
1205
804
134
1205
1269
1295
182
1209
1251
1231
789
1312
1275
1315
1303
1307
1289
1171
1262
1191
573
2220
134
1294
182
1012
1175
743
1281
1282
193
2338
1235
528
1281
1329
1232
950
901
1300
1214
1230
1342
1344
195
845
1289
830
187
1934
1290
1305
1020
1262
700
1285
1235
697
1266
811
852
773
427
1297
1274
1269
1119
1306
1278
1349
571
1293
1290
1350
184
840
194
134
1277
1328
488
1208
1304
1281
1250
1011
134
1315
1320
883
133
1344
825
133
195
133
133
1318
455
711
1278
794
685
1285
1302
1318
1237
787
1296
531
913
1254
1217
134
1278
1326
1313
180
1977
1282
2264
960
499
1630
133
1029
1263
1101
1306
1267
1320
878
1218
195
2255
1913
1293
1250
1214
1292
795
244
1841
691
133
1227
1291
1325
1156
1098
1346
1267
1323
1303
1228
1270
654
1272
1282
133
1270
885
1326
196
134
909
2380
1273
832
1313
1260
1215
1240
133
1308
1231
1279
829
1344
1273
871
1225
1263
1291
1247
1189
1299
1365
1264
133
1250
1292
1641
1270
1332
902
652
1321
569
1251
600
134
1192
1245
1249
1258
678
225
1190
528
1318
1291
134
1346
701
192
1284
2427
1288
192
2084
134
598
709
1262
1280
134
912
134
599
133
1234
1346
487
188
133
1273
1302
1405
903
1635
134
196
182
1304
1290
1283
1346
597
2368
1264
512
1284
1280
1080
1243
1889
947
404
2319
633
1211
2169
1277
1299
1334
1596
1332
1235
1217
1229
1288
984
866
1239
134
1286
1284
789
184
963
1291
134
196
1268
1276
1256
1255
613
1471
1276
1368
502
182
576
1247
1485
1231
1289
535
1253
1344
1311
629
1744
1262
1305
1299
1311
645
193
1273
1266
614
1210
528
1241
612
1297
1338
854
198
195
1274
882
935
1255
669
189
1236
196
133
611
1094
1271
1190
198
838
181
1267
473
1233
1293
191
1317
587
2433
1218
1375
1222
1308
200
1256
1278
1016
1290
1378
134
176
134
191
996
133
2216
202
606
133
1291
1263
1658
1298
134
730
1243
134
1448
1582
1265
1259
183
1316
1258
1310
1272
598
133
840
1223
1210
1301
908
807
1271
133
556
1280
133
1562
1230
847
687
1233
798
1329
1270
1707
1302
811
1827
190
1286
1284
1266
1208
1344
133
1208
1291
1313
1320
1312
1314
1291
1290
1069
1232
1191
1262
2211
184
1347
623
834
2488
584
1340
1274
1205
1312
1296
837
1294
198
1326
912
1085
2043
1274
1256
1300
1211
1269
881
1252
195
1242
575
1280
1192
1177
1015
181
1316
689
1232
589
1217
771
1552
1235
134
833
1206
183
197
1215
916
1797
192
1298
1286
606
772
1355
187
753
1270
1294
2462
1275
1185
1634
1292
922
1517
1263
1265
997
798
134
1268
1297
1357
1489
1322
735
133
1303
134
1257
197
1258
1239
1404
599
1224
870
1273
1293
189
1318
1199
1309
1328
1217
1261
544
627
1336
1270
1297
1348
194
834
1288
1267
2259
810
1261
1305
765
874
389
678
1290
515
1282
1326
1236
1515
1320
1254
1210
1494
640
597
894
903
196
194
133
620
1202
1280
869
1326
1285
1300
194
181
739
788
639
1243
720
636
1236
542
672
1330
698
1026
200
725
1280
1296
1217
824
1584
1189
1234
1313
595
944
1284
134
134
1625
1314
202
1290
177
647
512
1458
1344
1312
1253
579
134
1280
1264
1241
1287
681
591
524
1379
769
869
1271
1172
1007
1316
645
1258
1252
193
1272
1207
1284
133
933
1230
229
1248
1263
2297
1261
1308
724
1326
631
1229
603
1352
1286
1270
1520
1240
756
183
134
1656
1247
594
1348
1306
1353
788
869
2055
134
504
874
775
1217
133
730
184
1291
1273
1245
1288
1270
1369
697
642
1271
804
1276
197
560
206
1280
221
1088
766
1290
134
1264
1269
1407
182
637
518
1301
1428
1256
1170
186
883
814
1350
1473
134
1241
852
760
636
133
237
594
1184
1289
1344
824
688
1272
1345
533
1234
1302
1281
1422
1176
133
1406
1281
847
1375
862
539
591
1258
922
1268
2172
1225
1288
1252
1294
1201
1169
1314
1324
197
951
1266
192
191
1280
2425
2424
890
737
635
633
1292
1294
1014
179
787
742
874
712
1230
598
192
1871
1745
1267
1326
796
196
1203
974
1281
1306
649
1197
1203
1274
1312
619
1258
1244
385
187
1282
1247
691
1315
977
727
134
1302
1291
1255
177
628
914
1288
1383
1227
973
845
1303
1310
647
202
134
1225
1490
1142
194
628
1254
1290
1342
1309
1309
1240
1221
1288
767
1001
659
616
181
133
196
1286
134
134
1001
1262
134
229
794
134
1199
1300
1077
1301
877
1243
852
1082
1251
1288
134
134
648
1333
133
1304
199
1215
191
2250
869
547
623
1309
1371
1256
181
637
1280
183
811
740
659
133
1404
531
228
1352
728
1294
910
1275
1287
1198
852
207
535
1279
201
1286
878
857
1202
184
199
825
1318
1043
1272
761
1300
181
769
1304
1253
1305
674
710
785
2414
894
1664
606
791
1516
588
873
996
1270
1278
630
778
1024
192
1262
718
1303
1301
1331
1364
134
1284
1181
1271
1269
1284
1264
134
200
1436
1327
1293
711
569
1357
472
863
934
178
835
1347
1275
1222
1238
1209
1754
672
1283
1240
969
734
191
486
1277
134
2363
1220
1276
571
771
184
899
1278
1010
134
1257
1013
1311
196
133
1406
1289
1299
895
1237
1248
187
195
1221
1237
898
1289
134
1230
1312
848
133
1210
1568
1260
1233
1264
724
1220
1302
1257
184
1005
133
1309
1233
1341
1361
133
674
1232
1216
2252
1318
1108
770
1256
197
1278
188
1275
179
859
133
1221
1254
198
1795
764
210
1310
694
833
1003
968
192
1259
1322
1177
735
1246
1332
1054
1277
2040
819
186
1194
1325
184
2316
1276
1311
1272
1365
1356
133
767
1236
1839
1227
1289
198
1249
133
1227
1304
1264
197
1249
189
1220
1219
1051
2405
1303
1247
191
1382
1323
305
1249
194
1189
821
1328
1246
183
855
1292
1277
1266
798
1271
218
1229
1735
197
1342
1193
1422
1277
1272
1148
872
1263
1243
695
1879
1283
1224
1251
1278
1277
133
1198
647
1300
134
1256
1270
706
728
793
372
1195
1094
1339
1268
1286
133
1757
1281
1203
1215
691
669
134
197
782
579
1275
773
134
622
1286
940
1337
1189
1247
1292
1269
918
1347
1246
1269
1312
1341
1274
633
1257
2239
1356
1350
1320
1254
1279
1383
767
1251
134
854
133
1320
741
850
1263
1216
1274
1257
682
1335
1391
133
1236
134
713
1314
1295
708
1264
2189
1284
960
1319
134
1326
1332
775
134
656
851
1245
876
572
711
1259
905
1315
854
1227
1265
627
134
134
1316
999
702
1267
176
1338
1234
924
1313
1302
1212
479
1175
800
984
1314
1282
776
234
1215
133
1272
1934
1214
1273
628
1212
185
1280
1234
134
871
649
1219
182
1297
1257
925
1271
750
814
2545
882
2368
1973
280
1251
134
1277
133
555
1209
1268
1240
1215
1294
2004
1189
1295
802
618
1291
1295
780
1380
134
794
133
1276
1268
556
1574
948
1250
179
1298
1208
610
1239
200
1409
688
656
1380
1259
679
1293
1293
180
1286
588
188
1222
133
1241
1362
946
1337
560
686
1250
1196
873
1281
813
1311
1003
859
1326
859
2430
1232
1266
961
1292
630
1229
1263
1057
805
875
1238
785
2085
1321
1257
787
926
1334
1164
845
1322
193
684
1219
737
1169
1251
1288
588
1272
1281
675
1309
1267
959
1233
1213
1322
1302
1237
134
1331
196
177
1234
913
1282
1262
791
1322
1278
710
880
1237
1289
1217
1315
1286
521
1276
1351
1292
773
1291
703
1296
1200
1211
134
1308
536
1243
910
1153
1251
1229
1326
1242
770
853
1291
921
1301
815
185
1298
958
180
845
852
175
1269
772
1221
1307
1275
599
1244
1314
182
1206
1276
1280
1264
284
1316
1353
1304
1305
1275
1246
1258
536
903
1355
1324
855
182
2249
873
830
195
1328
181
1290
1218
1303
1446
212
186
1275
1329
748
743
1189
1544
698
1296
769
1196
1234
774
609
1304
186
134
1245
2018
846
1318
2037
1305
1274
190
200
180
1321
966
1168
949
1328
178
772
1251
1272
1269
1288
133
641
1248
708
1250
1315
134
1257
1320
183
694
1470
1261
1272
1219
187
481
831
663
198
1116
196
1310
1265
133
338
753
133
1295
601
193
1303
1305
990
1756
563
535
585
1280
1262
133
181
1245
1291
1297
193
692
1290
134
758
134
1303
1366
1429
201
1309
1193
705
1238
1362
612
1190
188
492
134
1270
1237
1244
1581
1214
696
996
1285
1272
1226
856
852
937
1309
676
134
1305
1228
1228
193
1261
912
198
133
133
1678
534
1355
772
1316
134
1305
1272
808
174
1451
1259
1329
1297
872
1204
1359
978
1325
512
195
180
188
639
179
1439
1178
1333
990
1247
949
1260
1193
1250
1300
1295
919
1236
869
529
1208
134
1315
1353
861
477
881
184
1202
1256
1272
1313
1180
641
2336
199
1276
133
1290
729
1030
451
1230
2486
698
1269
1278
2056
2356
902
1228
1278
1256
1242
1304
1273
1283
1276
1311
866
728
1252
191
181
1299
1291
899
1266
1245
594
1318
1266
1307
1277
226
734
703
494
1198
133
1262
863
1273
1294
1265
1143
912
193
2456
141
1298
1266
1275
192
193
1271
665
633
1330
731
136
1226
974
1314
1289
815
869
743
200
941
179
1276
1140
724
1338
944
840
134
763
194
1264
1271
631
1249
198
1260
783
1220
1218
1291
1296
1341
1256
1222
638
1238
198
1259
1258
1303
833
1231
1313
134
1339
963
559
1251
200
213
1288
1347
1254
963
1282
1307
134
1312
2252
1218
1358
1225
1258
1483
1358
1243
1247
1300
1306
1300
1466
1340
134
1207
447
2049
1275
828
1282
1351
757
751
886
1243
668
1341
743
943
1249
197
1287
1061
1301
133
1312
612
1251
2355
1240
1276
1615
924
1606
800
1234
818
134
837
183
1197
649
1234
1299
133
1662
1228
1207
524
1032
946
1205
1623
1261
950
1271
1291
1272
1262
988
752
721
1317
1250
1344
1285
772
1264
1253
1245
838
913
133
1325
1276
181
1305
187
1407
597
1032
655
134
190
1255
789
776
1260
1315
1211
1241
1164
637
683
134
1356
826
1216
176
762
1311
1265
1200
1733
2108
907
1299
1238
1210
1258
1350
2346
777
807
1313
691
1186
563
1243
1296
1251
199
1279
727
634
1322
852
704
1268
733
801
1309
1329
1210
916
1372
1306
1260
1295
900
791
1383
1234
134
1240
1307
1263
183
1265
1355
652
1291
1224
592
1921
1323
1337
1284
2363
1308
134
133
1254
1302
1279
1314
1323
1624
1160
176
134
134
1698
518
1256
1217
795
1238
1868
1189
1279
134
1670
250
1236
1262
272
200
187
560
828
1298
1325
1239
1726
198
528
133
925
1199
1348
1276
1302
954
1260
1381
1261
843
185
200
1295
1380
742
134
975
184
558
697
1289
734
1218
868
2254
134
494
1239
846
1214
1329
643
829
133
1072
1276
1270
870
784
729
1301
1265
1274
1302
1239
193
564
1230
1249
925
1312
796
1984
204
2078
727
1286
1307
1765
134
210
1309
196
1146
1227
202
1297
208
685
881
1339
1272
942
552
134
1292
2188
766
1266
556
703
134
1204
1195
944
1272
1224
1432
134
553
1258
790
193
1914
1203
1244
789
611
1249
180
196
1068
1264
417
1190
1032
1283
1647
717
1330
1268
1322
717
1250
1210
620
757
133
1192
134
1308
666
581
1088
199
1281
189
1238
1241
437
1337
1251
1229
1307
1291
1267
195
828
134
1216
1305
1054
1280
938
1229
1262
812
1309
722
1241
518
1248
1250
197
1258
784
1256
133
1000
660
1261
1289
1324
134
1271
1263
656
1258
1269
1193
1291
486
561
1288
1274
1277
201
1365
134
1254
351
1282
796
1226
1224
1234
1309
1184
176
1256
1200
1196
1245
1343
1257
1300
807
1208
1271
1268
1262
1371
1225
1220
1321
133
1251
133
1277
179
133
1357
1275
1683
1238
1284
1283
857
2437
134
536
1306
1267
1249
1053
1786
685
1293
1245
1268
1301
1010
179
759
133
1230
635
1272
1283
186
193
177
798
133
1272
689
134
1251
900
701
1028
1268
134
882
951
807
133
763
1213
1245
134
1508
1544
1324
1336
439
756
521
1232
617
1323
842
1316
723
133
133
185
133
199
669
1313
1235
594
1165
1315
2026
748
199
1264
1243
775
1250
1441
1245
744
1258
487
1114
730
1051
178
2007
1255
554
620
940
1253
954
1310
1337
1301
1231
1033
1296
929
1269
1266
1239
794
531
1134
134
1237
1333
1493
1109
578
850
1304
992
133
1268
926
1249
1401
1280
1294
1239
1238
599
1290
1284
2323
1335
133
2132
249
794
1313
1272
134
2163
603
1229
1274
1307
1287
192
586
1288
1275
531
1323
1314
1267
181
1237
1269
1303
1307
793
1281
839
1226
894
1319
982
1274
902
1230
134
1296
1204
183
1312
1289
697
898
1062
1237
681
134
1766
834
1293
1325
952
1236
588
1247
1252
915
1324
1200
1359
602
183
1295
2197
1175
1308
1260
1415
910
855
1689
935
176
608
1341
1280
1275
134
2421
1353
1250
1284
1364
1258
2471
183
1251
822
1260
133
1298
1217
1307
801
1309
507
133
1295
715
456
1273
1271
1235
191
1272
134
1263
1186
1342
646
1374
1319
1219
195
1286
887
294
1239
1262
1285
1204
826
919
1522
1322
1267
2407
841
749
186
1116
134
433
641
1245
779
1273
815
1312
1071
1224
758
585
1200
1338
1248
1284
720
1256
732
1228
1251
995
1241
810
726
1265
196
1293
133
528
1256
1185
1338
1220
1193
159
1156
900
1285
685
1230
795
1277
1215
1289
1370
730
289
772
779
1223
187
1282
1256
134
874
188
1308
858
204
1347
1360
640
1621
1244
989
771
407
1235
1241
1006
141
846
2384
1254
1287
916
1235
1277
1946
378
1330
690
1343
1294
251
979
1223
1293
1301
1318
1355
133
194
1269
621
1146
1238
1281
678
203
133
872
1273
1726
634
187
598
1248
694
1330
1275
603
1228
1013
1340
946
675
1218
1257
1221
560
1343
883
1268
1263
1274
185
193
1340
730
1284
1309
1286
1220
2146
1245
133
888
133
1242
1264
1310
1275
1266
713
1181
1205
616
1368
562
1267
133
917
1237
1266
926
204
681
1245
1341
789
759
1169
1278
134
754
677
191
1260
1199
1245
1213
134
817
133
616
1278
780
133
625
1260
1863
1299
1218
1276
1226
1276
1334
1294
1126
1318
625
874
437
751
1299
617
133
751
133
1225
1235
1253
729
1266
1201
134
911
1224
192
1295
1275
1082
196
1271
1262
1282
1262
196
1332
1265
1277
1252
181
1402
2543
1362
1330
1278
752
1885
134
1290
1198
573
1283
133
1254
828
900
1328
851
1222
568
190
664
134
1245
2224
782
1851
550
1275
1194
2573
1235
1224
2367
177
811
1905
1166
193
872
178
636
133
898
1270
1243
1268
970
133
1223
218
1270
134
900
1274
1190
1248
1040
1285
905
1251
1264
1356
1309
1229
1282
705
188
1338
1294
1353
1331
548
1242
197
1224
1228
1153
1216
1299
640
757
1362
133
1191
133
1007
914
890
914
1262
1196
802
1315
890
1266
134
1320
749
1340
1228
1318
784
1329
942
1234
1337
820
812
1261
188
1321
788
1314
1376
1331
182
854
1335
180
1321
870
181
1264
1279
1263
188
1202
769
1187
1001
712
134
1179
1310
1313
195
1285
196
133
1227
1246
1297
133
1297
595
1259
907
1622
184
903
1291
567
1245
694
1266
541
1266
1221
195
1237
1268
2026
1303
1297
1609
178
1343
218
589
1286
793
1229
1245
1272
965
197
1300
177
1335
630
1306
875
1240
1275
1287
1228
1288
1280
1272
1266
951
2339
134
1255
134
2357
1304
190
1335
558
1277
1233
231
133
1288
1263
785
1291
663
1186
1339
1280
1604
1266
1369
178
1383
1297
1291
1263
1183
1264
1255
1246
180
651
134
1290
723
134
956
855
1244
1253
494
689
621
196
924
1314
194
844
1327
398
2074
1287
134
837
181
610
598
1219
1258
702
1212
196
1264
568
1277
789
1309
1266
1679
1299
1253
862
187
1303
1268
840
1265
728
1277
1323
175
773
1226
1275
1259
864
1307
1257
1229
1476
191
195
748
1394
133
1336
1215
134
1240
1250
918
1711
1231
1217
133
1018
1276
1108
1224
1323
667
1016
543
133
931
892
1312
507
134
1320
862
1270
896
737
1279
1257
1216
1269
134
134
786
709
1335
1253
963
1190
1105
851
194
852
882
195
660
191
1259
1288
1056
706
1270
133
655
1292
663
1251
673
1337
672
1286
1242
898
1258
2050
888
931
715
890
991
862
134
1211
1275
1221
1229
689
1260
1233
1309
1284
1269
1268
1329
1289
735
1339
134
707
1003
1253
1280
690
1232
198
1304
1181
1265
783
1526
205
1273
1267
196
1286
1280
1251
1275
1221
1335
1024
851
703
1294
1317
1294
1253
1314
708
1192
692
134
830
2247
731
1263
1248
1263
865
1304
1287
1280
1253
1780
180
1272
2324
1222
1154
1294
872
1236
1253
1235
1321
1276
1273
2382
913
236
1416
1260
1251
197
1117
1259
458
180
1088
894
1256
1254
1361
1359
898
1262
1217
886
1314
1220
695
1354
512
1553
1261
1167
1413
1222
134
1332
1303
772
1294
809
1280
1305
608
1242
1217
133
881
703
622
134
979
651
1278
1239
1248
1228
1335
1216
1416
1256
908
778
2351
852
133
1280
1314
680
1265
1344
728
1221
182
1257
1250
559
1267
1261
1009
1212
1239
1289
1124
178
1288
134
180
594
777
1325
1256
1291
555
1311
1821
1280
1543
206
1282
1267
759
1221
1249
541
1290
195
1339
656
1324
735
1240
752
195
789
1306
323
697
621
1215
920
197
787
788
723
1235
1331
1250
1281
665
588
710
733
1262
1020
743
1314
940
1272
195
1768
1249
2209
773
1326
166
133
176
1252
777
665
1217
915
133
584
1258
1259
1305
1243
369
725
1173
679
134
550
1180
1288
743
1299
1273
1277
1296
1275
708
757
742
1256
1245
967
178
1234
1305
1308
1297
1139
1283
767
1364
1263
1290
1179
1209
1251
188
1223
1274
1184
1175
426
735
1312
1296
1235
1253
1194
658
943
750
1265
1266
1320
1201
1244
1723
1272
133
1330
713
746
1275
1910
630
2137
1265
194
1254
1248
1502
831
1020
1228
1340
1296
1275
1318
1246
1233
841
726
549
187
1211
1349
1294
875
1284
759
1263
1288
2239
1283
1240
1280
1230
934
1232
719
1260
673
1223
134
1367
134
1313
1231
786
1305
641
1284
1285
1324
958
1282
1273
973
1201
1299
1237
1233
1305
1196
1270
710
1271
700
886
1313
759
584
2115
1348
1260
1238
1237
1264
1337
1275
1228
796
1232
134
1189
694
1275
1963
1234
860
186
919
1265
479
1274
1272
1254
729
1252
1249
2098
1321
193
193
2347
195
134
133
1440
1288
1326
991
1184
2476
1585
697
1273
195
711
1278
573
666
897
1246
468
709
1244
659
2263
1244
668
1240
630
783
1298
198
1241
586
733
1239
256
1226
175
1296
1230
1262
636
527
1304
528
536
1205
1306
1322
1166
1299
195
179
1270
1168
1242
133
1259
176
1262
649
665
1368
191
1245
1252
873
1463
868
481
1460
896
1261
836
646
845
1230
1277
797
133
1401
1316
727
493
134
1281
194
1283
1303
134
1201
134
1257
720
1261
643
1306
134
193
1287
1791
1286
623
1299
1219
441
133
1310
1285
134
194
133
199
1714
133
1224
1287
858
775
944
134
1290
867
1211
1642
179
186
133
2399
1369
515
1280
1240
1206
1247
1294
663
1213
551
764
1283
191
1194
2095
1272
134
895
191
1318
1266
1089
1257
1213
816
1075
1230
1351
1322
1327
1261
1246
184
1264
938
1304
1305
1515
1329
913
134
133
1300
1307
862
609
916
756
559
218
729
1207
1363
1240
2624
624
185
1000
1315
614
1266
759
630
1254
668
1232
1274
134
193
830
1219
1271
192
1213
1284
192
183
1215
1261
133
617
1164
841
133
975
669
810
1330
184
753
1249
737
1232
1265
696
1277
1333
1308
1276
185
1220
956
600
1325
640
1265
1291
782
627
771
1273
543
1328
1249
2301
610
730
714
713
194
1372
194
1273
1299
1338
240
1184
133
1215
792
1315
1182
1291
913
923
1232
134
702
1330
1083
133
2219
1306
1281
1263
208
1239
192
1252
766
1290
1318
1229
2249
1262
1013
720
1291
1534
1210
866
1247
196
134
1232
1227
1354
1319
520
1294
1246
190
1340
862
1308
1388
1277
1375
618
1158
1024
1371
1309
133
798
1320
1322
658
181
133
1691
134
134
1185
1253
1302
1200
1227
1317
184
1287
819
1242
1527
971
134
1234
719
1410
1349
1299
1250
1266
840
1254
1286
450
1255
1252
1266
967
884
1266
752
192
1282
1277
1374
133
758
1306
134
1254
1237
1238
1225
134
1227
1292
1318
1708
680
198
1310
1302
1318
1285
1245
1260
133
1268
903
1259
1248
797
1276
1489
1258
1289
1320
1151
191
477
1255
1313
1280
1288
1284
1271
1306
1249
1230
1249
1049
192
1344
712
909
509
536
1257
1252
1222
1336
133
978
188
2076
1271
1274
815
1308
1255
1270
2400
1295
657
1232
1248
1340
133
759
849
202
1308
1215
134
133
883
696
1264
816
133
1343
2824
1209
933
874
944
1355
1263
1223
1297
839
182
1278
1286
1280
937
1155
190
1363
1237
957
588
133
1306
1299
1283
723
983
923
1282
828
1260
930
494
1229
635
911
886
1307
583
1814
1243
674
134
1241
1535
944
1223
1190
1223
581
1247
2276
1348
1409
1236
1288
529
1359
1282
1309
2232
615
707
1277
1208
1320
216
1390
564
973
179
375
1333
593
2349
1375
1294
1323
1293
1298
1309
870
1771
1316
825
596
1052
193
1247
1598
1236
1260
1204
1299
1213
1184
690
1259
1264
915
2050
1324
750
849
862
1180
1221
1246
134
920
1635
1552
1313
1316
1283
814
1359
855
862
551
1250
1294
1092
847
902
2484
664
1292
914
990
843
699
1253
871
1199
133
1338
1264
1267
807
614
134
664
1235
1362
543
133
729
1327
134
1355
1233
2510
1120
372
1246
1253
1334
1660
1203
2259
447
2285
836
133
1338
1230
927
1375
1169
1320
133
1513
1266
809
1257
1175
1240
134
1136
1250
878
134
1320
1212
742
1304
1202
183
1280
187
1325
301
1254
183
675
880
1241
1564
491
133
872
1259
133
3851
1301
1224
1155
1225
1291
1288
177
190
839
676
1093
632
1193
193
1288
1217
196
1326
650
1634
1290
1321
133
133
182
197
1276
1224
599
1237
887
770
1271
134
1288
1255
620
1479
806
656
1214
1242
1342
1195
1283
845
1243
1345
743
1267
371
1249
1258
2218
630
827
1296
1258
1222
1239
193
1253
1058
553
916
182
1351
192
1350
1344
1304
1296
193
1196
984
1296
133
183
1316
1254
651
296
1262
781
575
862
711
1389
1219
1230
1240
1236
134
133
525
1300
649
634
1318
1306
1267
189
1225
1242
1332
1229
1320
1349
1293
582
1547
775
772
821
1246
1330
1247
707
183
1252
599
1299
650
1291
1162
1316
968
1310
1270
739
648
1198
1269
628
134
1224
247
1024
909
748
1286
1318
1268
961
1251
873
1291
1235
1297
1293
895
1292
1214
898
1274
1330
1295
1252
612
1287
552
1325
1245
1146
1284
1290
772
690
1001
837
926
133
196
630
684
656
1291
1241
1213
1248
1199
1326
203
1270
1206
2337
2279
1202
1241
1192
1313
1259
1336
709
1219
1215
834
199
133
1559
864
1315
1313
1334
1964
1326
1294
654
133
1276
595
743
910
1343
1196
968
1452
2278
1693
1334
1220
769
1357
1286
690
179
624
945
1255
1292
684
703
635
1207
1269
1256
1191
773
1352
190
913
1253
242
622
2298
1247
770
1322
1234
585
1328
1290
1265
1347
