903
2069
579
1033
2021
2505
899
186
957
2187
924
1358
2080
887
875
852
938
443
926
484
175
629
418
711
532
877
1214
930
1320
942
2122
2074
1508
1940
1367
2378
956
1475
915
929
907
1049
507
971
1545
961
652
979
957
914
956
930
172
899
188
2749
2149
1056
473
673
589
899
1038
2270
1571
901
973
941
1750
1533
174
1034
870
1436
1083
862
970
1383
964
870
1070
180
963
897
1309
903
191
2102
1125
134
1213
936
924
1264
551
586
463
911
957
1861
932
734
1947
924
1286
1946
183
915
175
180
907
901
534
1270
2774
963
2004
2164
1484
940
1024
970
2079
820
1640
189
826
407
892
1007
978
915
950
1557
173
983
1336
2043
912
905
874
2046
185
907
909
1770
1674
919
688
133
909
133
2814
187
906
896
2044
2019
1973
884
934
617
711
904
967
922
1210
133
924
1958
936
554
2022
1158
866
191
2401
177
872
887
897
952
198
1662
920
872
916
636
950
959
2861
1616
1688
1614
962
309
967
939
1704
183
899
927
915
277
869
954
635
1172
840
174
980
961
1345
920
1777
920
931
966
956
884
2442
935
888
1215
1131
1946
891
1884
188
512
907
2012
1444
919
887
961
929
335
890
913
967
1622
1374
2075
964
973
2008
901
2092
627
936
2020
625
2035
755
178
680
627
2481
1995
2035
174
1060
2349
1715
182
132
930
1577
1072
993
941
190
939
856
191
2132
180
947
905
937
188
1394
889
649
837
169
186
956
169
950
891
903
178
191
877
876
909
870
909
1458
966
851
733
1811
170
2283
189
959
569
907
894
2142
608
912
931
866
1780
1551
974
971
1129
972
555
172
2914
955
2896
705
2181
174
855
934
861
1585
949
965
1024
939
873
1015
941
2121
674
180
2025
647
178
808
2022
2042
180
476
2811
944
915
172
182
954
880
863
966
904
879
943
2444
944
2068
917
830
1278
810
2043
886
924
592
970
957
194
295
902
2054
1062
1123
1893
687
634
801
889
943
516
1516
2051
976
944
999
1235
970
982
924
934
178
897
922
312
926
173
898
190
903
964
189
900
183
1449
922
1816
631
2389
2846
187
959
911
187
889
2751
134
950
505
1630
845
1118
184
495
189
2859
669
1910
897
939
616
1493
2000
907
892
953
691
917
132
860
898
177
952
721
910
1415
183
701
903
424
912
907
926
916
895
395
1495
883
2045
936
189
777
180
662
134
873
2091
967
1725
2177
1464
894
880
849
1266
858
891
881
941
2022
848
849
974
792
889
573
950
1060
971
1688
183
2518
134
1514
916
1017
774
542
189
179
1570
740
1332
974
934
830
2011
934
935
693
1952
817
889
880
907
2022
465
2672
2903
2029
456
2115
726
922
1304
827
1259
2575
788
892
937
1206
688
132
1224
560
132
1425
2091
938
2843
1082
883
943
890
978
1157
938
499
922
917
901
2461
1871
875
2020
544
192
173
932
557
850
925
190
914
1370
191
132
181
1144
893
512
1823
899
184
886
2022
957
1918
955
231
908
735
931
831
1996
854
934
994
900
889
878
850
909
2134
941
1148
465
2487
946
908
132
1163
1429
1315
877
636
192
1104
179
838
810
965
903
1391
874
954
889
2070
916
1624
187
906
894
2046
898
822
2064
905
871
898
933
850
186
916
1318
571
1960
949
908
1000
2036
1519
853
626
997
925
178
2793
181
843
926
929
931
1168
890
260
1665
902
756
576
842
180
134
822
2876
936
928
2072
855
1054
132
189
890
2035
794
922
932
133
869
911
2842
925
905
729
1288
2028
1635
2902
1680
907
703
928
882
918
887
767
177
918
872
951
979
1999
177
2076
1271
761
190
1181
891
947
1924
922
864
173
809
1618
1094
1951
961
906
835
1126
2166
185
929
169
964
962
956
920
926
827
865
573
2801
2124
952
977
134
1245
847
319
927
1486
778
184
1995
941
872
1267
895
1636
940
782
1250
889
1998
1820
869
1081
911
865
931
550
908
2112
893
858
910
2070
892
713
999
915
840
879
923
184
878
755
134
906
974
946
915
2041
711
191
177
133
761
1592
621
926
1495
1746
895
903
885
880
2137
938
1211
859
185
953
1607
585
2794
185
170
2252
192
934
1944
967
1028
1351
817
1485
880
951
1671
563
918
931
1444
185
1969
905
892
922
1646
1958
836
238
946
911
884
177
414
939
4054
461
2087
2114
1232
1004
907
172
948
869
977
942
1388
2113
175
1497
1425
2090
621
980
909
732
616
2075
403
1438
1692
978
880
969
865
2581
923
923
1036
188
904
904
951
878
132
741
809
964
1082
1619
923
999
358
980
638
836
853
942
865
180
1261
2097
900
190
807
966
928
910
916
2136
605
720
865
881
882
189
2132
947
188
925
835
390
891
922
925
931
938
1114
934
855
1399
893
967
892
940
881
442
924
940
1535
1105
422
2829
1705
2059
919
132
904
1296
1891
917
877
755
952
1552
180
938
670
285
190
2015
2760
188
1424
2309
796
920
807
993
487
852
188
940
931
955
908
929
855
924
2824
940
170
850
1596
915
929
940
239
2370
932
889
980
907
2243
1369
1407
2709
1655
896
178
920
905
926
864
906
952
2046
592
869
863
988
633
594
176
856
919
173
967
927
339
844
986
605
182
897
691
839
1592
923
937
1529
1339
2113
1100
1476
843
510
2530
2048
901
862
1906
957
175
1288
926
955
856
895
2270
1355
882
859
2062
188
632
1983
867
1635
914
907
931
870
1168
957
190
816
949
2052
869
2034
2649
172
1802
932
1016
2078
2069
886
989
1973
915
613
945
860
870
2050
893
1348
1584
1024
187
263
973
2057
1840
1327
919
873
953
929
852
939
520
744
912
915
567
178
986
177
2282
1009
928
1734
961
179
566
762
174
906
191
893
873
2394
2725
944
859
171
926
871
2045
928
188
1276
1359
1282
1262
1563
882
924
186
886
951
266
871
734
898
856
902
1549
556
876
966
182
976
885
2053
992
1065
933
927
886
1580
926
960
183
909
2084
1959
1019
971
182
4095
2295
829
949
1003
190
711
1282
518
895
731
237
171
1706
949
492
1416
2085
985
923
911
1113
1596
814
700
896
860
957
187
1483
544
916
943
979
916
184
2007
939
871
1368
930
927
1425
1158
878
186
1466
931
180
627
866
1817
1307
756
240
1502
920
1094
922
1621
955
190
861
912
943
913
804
2159
749
2095
987
886
881
188
1461
556
848
1527
955
187
2051
1044
868
1970
916
914
174
2028
842
874
962
901
843
187
822
917
908
850
1698
189
1759
821
937
1459
177
906
890
846
925
177
919
2016
2043
183
930
1084
179
870
172
1658
2137
895
1959
903
1056
183
2386
169
817
922
910
875
180
917
1731
890
1026
171
1315
544
173
2118
930
827
1442
1548
917
833
890
989
895
1994
858
927
934
861
134
1404
313
1678
856
910
911
1933
883
829
897
900
870
915
940
898
759
182
901
900
943
910
228
2030
1704
2036
256
613
2225
928
932
914
2887
532
914
909
191
1518
1997
132
870
937
182
824
956
2014
925
948
1603
937
924
183
932
788
924
885
2642
880
1596
895
950
2089
2074
1286
2733
957
935
357
916
954
2103
906
911
865
2086
1186
2908
2104
1657
1513
776
2919
867
1428
910
990
874
1549
189
911
950
953
972
941
306
1613
947
176
872
435
951
184
958
945
877
803
608
170
2841
1974
901
838
955
190
837
840
1646
906
2029
928
963
927
1621
889
900
889
2227
879
2517
936
1393
2039
172
953
909
645
174
1001
938
900
1653
339
912
816
948
1421
1925
904
806
898
936
918
880
853
176
918
818
1271
1961
916
181
2413
958
900
925
921
194
567
786
989
2092
177
916
189
576
1619
1011
906
344
497
192
882
172
918
969
1454
890
1348
693
888
878
2294
998
928
1972
1073
2484
313
192
2044
1743
909
927
453
193
897
176
3088
886
865
191
906
534
1287
902
944
2156
550
952
2858
885
276
2058
688
921
191
1678
868
550
910
914
942
1298
932
960
2829
876
1705
956
891
1589
805
978
939
847
910
189
855
2541
830
2281
879
188
1154
1017
927
697
1186
624
916
902
1730
991
951
897
930
1784
967
2523
702
918
2088
931
176
967
957
1466
940
1708
3828
898
2817
2114
1561
927
133
961
1553
893
900
1525
883
1360
2435
865
856
903
919
567
864
931
174
945
859
973
953
941
1986
906
957
1320
999
855
1982
186
188
863
971
1239
766
2599
665
1800
553
912
905
189
840
1513
1766
1193
2135
2053
1917
896
971
1268
919
946
912
576
912
917
1904
901
175
805
2040
1990
2043
1942
172
2002
881
935
1419
926
728
1278
2806
898
1605
2012
2395
930
2081
874
916
677
811
539
191
788
1530
910
819
176
961
891
950
1020
133
923
896
512
942
1523
956
2338
960
836
357
909
920
897
173
2717
1987
2116
2208
256
2026
1546
1994
901
619
955
2038
2086
885
861
951
867
934
190
1208
2399
194
2156
947
2916
924
362
823
2076
824
865
1960
955
620
1244
884
928
134
894
2029
940
965
1184
929
1247
2775
172
915
188
700
978
787
938
959
902
876
1114
1803
1801
169
509
790
169
1215
133
928
134
880
410
879
2408
2029
1104
938
573
953
726
1968
942
928
869
942
894
864
190
1958
1992
1748
2413
927
192
2895
926
882
2831
1677
920
2111
932
2830
1092
2161
930
875
582
964
920
2272
637
1914
899
1616
912
890
1969
933
962
1727
958
1024
1979
898
1945
132
1244
936
2775
638
476
996
943
962
191
829
1848
1975
1682
652
190
845
1584
2235
913
613
916
836
892
528
829
1396
894
1392
2042
884
133
2216
2066
1083
928
945
180
910
952
2130
2031
2082
949
815
2082
2478
370
2103
1563
179
178
875
174
951
1513
2070
179
2436
666
954
325
1978
1265
190
2116
675
937
915
1943
953
309
185
1365
1667
666
2179
856
537
920
913
926
186
1925
945
951
915
868
2022
174
594
2024
1535
2052
534
1884
134
2768
918
2001
858
181
1035
871
538
912
909
1190
1498
172
931
956
2250
569
896
170
943
913
899
885
888
133
2510
840
548
928
304
2083
927
894
887
884
872
1366
1711
1189
174
1306
929
2519
876
182
832
1073
948
899
931
934
176
897
1198
922
909
901
953
915
2043
901
1853
2047
1421
533
1002
1130
2007
937
785
928
1541
922
709
1284
181
2191
1332
1885
972
2126
2090
979
944
2011
939
878
184
892
895
2788
531
777
755
187
889
1257
2097
682
1972
759
2139
918
1055
1640
877
894
1993
606
241
2060
865
1067
918
2200
902
688
943
369
1354
133
1446
577
1992
870
973
189
1207
2040
230
989
924
2038
909
2082
178
528
942
968
2000
961
177
916
595
753
549
989
985
1657
1150
188
188
971
851
191
185
898
184
932
918
966
883
921
895
935
189
935
1005
902
948
890
646
878
862
869
913
347
1995
1834
420
2158
943
477
840
1169
1142
981
1036
860
895
2027
2036
952
665
928
1993
958
2785
941
2034
902
1945
1514
952
178
133
193
1971
2281
2790
1038
1207
942
2079
180
946
1153
181
191
458
856
2001
910
1395
884
640
2100
1834
2110
2808
913
448
948
771
170
1337
884
895
1214
132
834
888
2061
926
2061
910
1323
1840
877
840
134
186
956
929
647
942
899
177
938
936
931
965
915
175
926
2450
132
995
170
967
1057
2632
187
895
873
897
935
735
1270
2517
177
178
359
880
886
192
866
180
191
1180
1149
1828
831
1035
909
259
1980
894
863
186
1939
171
758
188
927
294
828
843
2043
1115
1443
1652
938
889
2640
185
173
882
864
919
2416
2199
2108
934
757
629
833
181
914
190
832
876
916
914
919
1716
951
933
692
2009
1486
878
1568
919
859
667
947
189
2018
1714
1388
914
545
2117
818
1538
187
2231
1010
835
903
638
865
1750
574
2020
1983
850
884
786
1339
894
540
813
701
587
906
1357
1784
896
1776
904
1263
898
132
953
883
892
930
863
2007
1534
571
933
2430
2070
133
2182
881
914
906
849
1688
992
901
888
839
170
941
767
2364
868
2229
821
1050
994
2004
898
132
591
908
2288
1682
2833
2399
2107
1750
2173
1883
888
683
865
948
1246
812
924
283
2761
499
920
1460
133
1434
821
1535
902
561
744
1714
933
561
1052
1783
677
1795
2981
273
1549
912
2082
1241
183
723
891
942
951
174
185
186
489
910
415
923
871
1385
175
943
909
132
998
187
1498
904
937
945
907
905
961
1434
1130
839
909
330
887
1056
1544
901
2095
899
935
954
1697
1998
881
916
949
468
1666
893
2076
897
963
2777
890
915
134
1645
960
958
172
2206
909
1171
1085
1929
903
932
2168
952
754
186
918
862
853
1253
920
1240
2002
924
876
869
348
2438
941
2055
190
867
935
1865
133
924
1505
879
515
2770
2492
2632
1060
1354
182
953
2894
909
267
351
2123
866
891
182
908
920
902
927
884
185
132
891
185
534
900
944
249
2086
2794
2446
831
891
832
964
899
924
1498
906
1519
910
908
890
902
1759
738
1689
959
909
943
962
987
1244
918
937
871
1561
780
2073
877
2021
972
134
805
1086
2404
783
870
891
1682
916
919
920
2811
923
868
1429
922
928
926
1280
923
1603
288
871
1621
1289
928
919
855
1235
1010
890
713
953
2027
600
418
914
1984
866
1782
1456
2069
241
615
988
2024
913
755
2020
177
190
181
2834
961
1834
177
914
941
133
980
2787
443
191
2300
181
923
944
878
932
856
1274
961
2392
978
917
843
892
2333
868
917
1696
171
1619
894
933
185
948
857
382
899
1288
911
1165
132
912
839
1098
647
964
171
985
189
1083
834
1368
348
849
1385
191
1862
868
1421
191
925
2212
928
1613
170
932
1899
896
940
1006
1401
884
883
2201
900
1475
512
866
905
2287
888
1539
975
170
609
189
2774
1248
189
834
1330
1947
2029
2049
926
969
961
911
178
1452
183
872
825
884
174
937
852
1165
897
181
2895
1810
573
1209
901
1422
897
947
949
170
1157
956
930
180
1721
559
940
886
882
894
2037
627
886
2815
1314
944
914
856
2189
1944
171
1291
863
133
945
771
1969
844
912
2112
1711
1365
940
966
1347
918
1073
751
2067
1956
1017
908
924
1381
2808
923
133
708
928
933
509
761
905
635
973
896
1130
892
995
905
929
905
2414
1757
620
697
1600
192
178
945
1253
1324
916
910
1239
922
866
932
865
859
171
856
932
872
2058
972
887
1388
189
2683
938
1548
171
1801
1223
1180
1797
918
1676
932
917
769
962
3184
685
930
1148
935
2043
1165
516
541
898
968
675
856
928
191
1529
1634
608
533
659
2879
887
884
957
868
484
657
966
1568
189
1036
957
865
483
879
583
896
919
908
303
635
1190
959
884
797
1458
1998
926
953
931
866
861
916
1950
909
2864
811
2070
988
543
888
194
184
865
888
2149
895
772
594
914
889
606
1599
2274
891
178
894
653
346
190
2058
947
2029
134
2049
925
1539
1488
853
897
823
732
967
934
899
896
889
491
365
828
928
900
955
2797
2079
933
914
800
942
2814
191
925
767
540
1246
1507
861
2304
912
879
1601
945
1051
2094
868
754
810
975
906
543
920
2090
899
171
995
187
943
924
1364
902
910
696
893
1471
978
916
1590
942
946
962
946
964
1853
918
1211
919
622
871
950
2079
180
952
874
974
878
2028
912
984
946
881
904
176
715
190
936
2065
953
882
888
905
2179
990
134
879
1452
187
966
915
1011
846
925
897
836
189
2342
175
885
886
937
907
1204
2365
886
183
1442
132
899
962
1345
898
392
932
922
863
1652
178
1039
930
455
876
984
175
945
902
895
1849
2287
953
545
738
2069
462
932
172
862
911
843
872
888
4095
887
864
1322
885
947
882
186
900
860
865
916
2256
445
940
964
886
1985
640
1696
920
938
1067
897
2161
761
1643
178
1810
926
957
943
1025
1662
2086
898
941
921
923
886
2095
1675
882
2334
172
912
881
1963
874
597
1413
956
961
888
1631
882
1109
177
190
1008
1415
1379
902
2877
911
280
914
1759
180
633
191
874
1582
940
1999
893
919
880
1339
1172
856
2779
850
862
183
919
1595
132
921
2767
910
916
170
1040
906
916
1586
913
878
187
886
886
912
929
883
885
1715
925
2975
2341
175
907
1283
1690
1141
895
2030
189
180
881
1964
947
2868
191
711
875
888
951
1007
900
1535
2128
917
896
525
2035
644
2018
190
172
2845
910
857
559
916
868
920
891
916
2026
670
2026
933
922
737
879
895
2176
970
133
900
573
1300
134
957
133
889
189
791
923
833
179
921
2089
881
2025
1764
2112
859
966
2018
512
2778
1684
1608
1957
905
2391
941
497
922
869
171
911
869
616
944
944
1131
929
187
858
917
961
943
2006
950
958
2871
536
508
188
2074
2098
978
1304
306
769
2164
967
184
191
514
905
863
891
879
898
1135
1276
801
2221
134
905
2053
2071
184
787
1314
934
332
1676
957
891
1118
899
190
924
1711
1777
913
817
876
1099
1893
918
134
841
914
133
935
181
939
901
986
964
987
950
1322
465
922
191
178
348
900
2169
900
546
930
2288
2031
941
906
895
1942
1319
2247
941
895
2195
573
2066
651
918
2881
958
2101
1488
931
914
1966
880
1553
898
2009
893
895
912
823
804
613
311
1104
885
848
896
949
923
964
190
782
1452
2798
1099
875
855
969
904
1368
967
947
1997
2032
229
1630
1013
947
847
863
550
189
2412
898
850
853
1130
911
723
859
905
910
190
968
951
941
1656
603
644
916
133
2071
919
1315
850
1089
937
190
929
591
688
904
2742
683
1180
2311
190
934
897
945
912
897
950
896
939
2342
900
253
880
964
934
943
586
1179
1420
2828
1842
732
875
1422
914
899
2329
1202
923
967
185
932
884
854
1074
877
2362
2019
530
879
2304
2003
998
176
1218
1346
1002
903
1918
2153
934
734
1124
640
948
1014
559
203
751
916
940
181
1739
852
982
1664
171
916
941
894
938
927
1493
890
1210
1798
1584
893
867
2004
895
1149
1588
186
908
1034
945
271
1959
2039
1174
2036
890
915
968
922
629
193
1102
922
252
1224
1332
886
926
970
1917
882
620
728
2270
600
1092
173
183
933
925
723
916
134
1035
952
1007
2918
917
1710
926
188
955
901
902
171
2025
559
906
827
1306
1677
959
185
861
929
1526
2007
868
184
883
1059
186
899
890
956
2585
938
178
717
2057
2873
178
918
894
905
733
2234
870
191
1453
180
975
948
907
812
2052
879
968
2103
184
2012
133
944
1969
820
2138
905
268
959
1510
176
186
900
172
861
462
924
2058
883
918
907
932
608
886
938
2798
760
404
924
928
924
934
593
881
1127
895
2544
900
2012
1280
1078
644
188
901
896
924
896
832
2081
914
899
962
907
964
909
975
881
944
858
890
837
932
620
2050
1581
133
1555
930
919
2071
917
924
940
947
945
603
2153
2067
1624
2627
880
1125
700
907
885
345
192
1480
946
190
1632
184
190
928
853
2047
1221
1232
980
453
132
954
879
185
1573
670
919
834
912
941
186
903
925
938
937
658
914
889
132
1632
555
875
1191
693
191
897
828
943
934
914
192
176
893
958
1047
926
974
175
182
1610
175
892
549
895
933
2073
973
1317
920
2439
182
1103
855
905
189
983
186
133
556
991
1579
2837
188
876
620
954
894
869
994
901
894
1735
183
2606
937
1555
1688
1625
1572
939
894
887
859
922
2096
1517
971
175
853
976
2114
2027
311
838
904
952
909
1783
915
133
875
1001
2008
884
1093
913
888
804
923
792
960
949
2075
899
729
940
1335
921
172
1073
895
923
932
877
894
951
1908
4095
832
1081
890
1000
970
866
989
1429
190
2067
835
899
190
879
895
2138
1692
2097
1975
1243
928
832
2418
184
1556
875
939
188
881
1301
856
1394
870
938
783
1016
1832
590
189
885
179
2798
2000
176
910
183
2114
645
1317
178
904
917
2350
651
818
2288
867
894
181
1113
906
1450
2043
2012
885
2887
953
183
897
896
728
788
172
1630
906
132
969
188
551
900
889
1014
956
2864
889
1945
181
963
907
174
1666
889
1306
929
191
2858
1673
1333
834
900
1795
134
967
2054
932
668
850
132
1601
2133
894
932
1141
868
1544
2494
917
2000
900
1511
894
880
874
1819
949
640
942
1282
1154
922
936
958
929
878
1284
1569
856
577
737
918
482
2389
449
890
1382
969
904
848
1981
176
881
1523
915
1596
917
828
809
827
2644
1448
1562
1403
188
958
939
1708
189
949
1657
1649
928
986
929
935
1414
939
332
1986
284
898
889
934
239
713
174
1348
891
896
858
727
1631
1703
2140
931
642
939
874
892
823
1570
963
191
835
913
1527
132
917
2837
935
1256
717
894
889
961
173
825
2390
832
980
1057
1996
899
888
954
1227
1501
1570
904
921
977
956
2803
406
907
904
873
191
887
906
1245
967
963
877
915
1705
190
1142
1865
955
1472
1401
1393
2848
2826
879
2075
900
1072
885
2218
713
1295
187
1816
916
946
876
616
187
1440
2361
535
2220
886
2416
184
176
191
1934
176
1410
181
276
1282
180
917
191
2297
1695
908
2875
959
1924
175
181
403
911
453
2539
939
1363
907
937
2150
812
934
890
189
2879
951
188
908
1707
906
1411
1405
2060
170
906
2043
524
918
991
899
876
921
963
734
883
174
907
860
2059
899
1960
1343
1293
877
446
636
881
1523
966
2413
178
2338
905
848
191
2033
1258
998
2039
988
1184
825
2035
2048
944
2257
193
2058
940
890
171
1613
926
877
2098
873
863
257
863
236
915
909
969
959
894
175
878
960
787
916
2054
933
968
184
2170
932
909
1181
1334
181
178
929
134
177
578
1669
964
902
1635
901
890
881
251
602
1000
1204
925
960
880
928
906
2005
978
2262
1015
877
187
1042
1458
950
1115
912
922
901
834
1460
1723
934
1475
2075
189
1736
2018
866
972
176
2046
1326
686
189
1277
767
955
1763
898
1209
174
1247
403
1921
946
2024
548
1409
893
903
185
888
924
895
942
880
775
761
915
848
1472
840
942
940
1626
2339
187
2401
879
944
851
922
886
899
189
557
2023
2179
863
871
746
867
1418
1584
864
910
635
856
763
950
825
2771
875
1659
2868
923
175
2688
458
917
614
1037
2021
958
2804
171
2885
929
410
184
191
1117
918
978
955
909
905
932
936
132
1116
2791
955
898
959
926
907
1421
1669
874
847
790
936
875
1277
897
891
2028
893
978
565
1137
936
917
916
996
1889
180
2123
1206
179
2471
886
964
2439
646
2638
903
172
922
394
201
183
887
932
881
188
1256
810
827
936
757
807
171
919
1979
926
928
919
791
2835
1255
928
877
850
177
2811
902
928
947
1770
941
975
1990
917
924
705
2792
744
1301
896
861
958
932
1498
1825
2053
806
581
134
937
525
1107
863
953
734
932
896
1393
932
846
189
929
1187
2890
919
864
920
803
910
918
877
912
915
2420
727
877
893
928
1768
940
2060
589
2073
1931
2046
907
2191
651
855
631
190
973
869
190
1372
2399
500
921
938
674
173
911
1517
2112
946
191
968
1922
2029
171
1779
2092
2185
2041
1441
1384
2269
878
1504
1145
2332
1300
838
922
946
1972
955
921
819
949
714
2122
2026
928
934
854
842
957
977
995
1744
904
880
965
188
2041
1105
848
1659
171
874
939
2844
1067
186
1026
1307
921
2084
883
266
134
910
956
917
567
1940
910
922
189
913
907
967
1019
916
918
959
2199
892
876
886
921
1454
2019
969
910
938
971
884
1975
773
1010
910
180
2416
976
2072
1414
914
914
896
2797
1319
1952
923
2863
898
894
2019
911
896
182
1623
1199
955
955
1600
942
1478
190
561
948
1895
911
796
180
688
1866
1146
407
774
1069
1399
649
868
829
881
948
984
2109
134
1016
886
995
852
968
927
939
1078
2064
921
954
161
861
893
1922
917
947
927
1643
472
187
912
919
959
615
174
2019
1300
2108
936
1986
800
930
1693
929
870
1189
976
1344
949
2124
1533
186
1399
723
2293
2096
1082
183
928
169
922
189
1064
928
635
653
936
931
171
894
943
922
1478
897
946
2478
909
1664
1208
262
895
949
890
883
2053
1443
173
833
1446
955
935
612
868
634
1193
1552
191
2109
918
675
2524
1604
190
134
908
925
921
964
2042
963
930
937
1165
626
923
867
181
3096
2186
183
2546
1366
917
132
1188
939
1636
2057
2425
944
611
184
1989
192
186
634
2029
860
857
1214
964
868
916
1300
1657
940
1429
881
1658
871
1182
928
1986
1610
923
133
1425
1013
899
1257
257
852
696
1475
932
1971
913
917
905
941
492
914
1462
1730
906
905
945
894
1702
1725
1984
2162
189
489
2771
876
633
1885
853
832
187
923
935
873
931
175
929
2099
969
921
821
849
1692
980
966
194
902
780
191
869
529
904
860
995
995
1198
913
936
923
180
944
1487
898
191
1666
673
935
916
926
969
1061
2379
2095
961
883
1510
945
2851
1226
915
763
923
172
926
2100
172
188
1417
2060
897
1259
902
881
990
2775
899
934
832
192
1889
864
947
1528
959
908
921
969
1075
986
2088
192
1764
1004
974
2023
2038
2772
2049
926
983
1261
911
954
1169
899
1225
1298
840
2058
291
1199
722
1107
192
1391
1675
187
896
2657
931
1274
1323
416
1392
2098
2244
1236
1727
907
869
993
1708
133
887
2247
2743
179
191
591
950
2204
1911
927
936
175
486
925
956
881
854
887
183
2005
862
1508
817
2039
820
873
653
2057
187
863
924
1441
174
2096
840
915
188
1328
926
941
874
1548
918
579
2866
2325
901
882
2318
945
888
943
950
944
1476
580
945
942
894
2815
933
932
915
2838
179
919
691
887
828
791
751
182
2490
976
938
761
1527
945
933
2725
916
909
2022
976
892
173
134
951
944
1971
1047
629
921
883
493
942
1507
1506
903
998
924
2039
1772
2853
1199
1972
880
916
854
898
929
910
1180
1187
911
919
2122
134
1007
2028
609
180
933
2071
134
191
1472
680
1008
1182
185
1397
786
2075
1274
714
739
2729
2164
875
910
842
894
942
623
894
865
772
187
2038
1987
187
1531
968
1273
920
855
907
830
1970
944
544
1191
2141
478
1820
1613
1132
885
967
2671
2941
659
175
2207
1535
1977
880
946
842
188
866
853
913
905
1119
186
864
915
1845
788
941
951
914
191
989
2047
653
1083
177
512
181
908
893
1764
178
933
642
905
190
896
1739
2032
884
695
895
862
778
597
913
1840
1981
950
920
947
2824
2109
930
870
942
2307
2879
1634
2905
1531
923
274
877
732
621
970
951
849
529
940
953
2253
917
944
2046
2711
951
936
134
2616
888
957
980
894
1308
1646
976
1563
873
847
2239
1346
1256
261
2061
1000
2029
1670
2007
930
903
900
855
979
172
903
1578
880
953
850
698
2080
887
1338
1447
845
890
1213
1655
924
1321
238
2067
933
626
1309
888
907
909
909
1378
1024
2323
1409
1303
690
935
865
2045
949
1480
700
183
907
1270
935
1225
1922
930
1636
886
2022
860
1911
1998
132
808
189
692
862
942
134
2108
266
1661
865
172
929
2003
133
177
954
956
2368
914
1644
755
190
1689
2108
132
891
875
895
1412
895
1408
1723
938
959
905
957
2039
1896
2247
190
1316
1002
890
1221
2162
472
889
1557
1767
1044
863
985
976
1327
855
537
937
884
824
2045
1727
846
933
1402
885
547
1616
956
164
930
933
532
1993
1993
2734
1561
917
689
919
1340
1246
909
2065
825
2171
178
960
1969
180
1179
1357
859
909
907
948
566
2778
900
1430
867
889
1001
859
1724
887
863
947
906
1585
2140
1802
973
2791
1732
1246
989
910
853
956
353
2043
188
1000
924
922
981
772
1348
738
884
958
672
876
1909
972
762
1160
924
2044
1371
920
1980
190
921
932
1018
864
2387
2316
1510
923
1584
866
2072
190
774
609
925
2005
762
957
908
885
680
903
1284
773
887
185
912
844
947
1034
1637
856
885
173
922
187
173
2848
959
918
2000
887
922
188
858
180
913
865
132
1220
986
178
945
880
883
881
924
898
193
173
181
2043
171
563
960
1990
181
935
170
1968
517
870
935
980
912
886
1287
2658
948
2011
898
189
1361
2519
933
859
913
191
867
718
897
926
231
1233
897
2032
1200
1353
910
957
1303
181
1413
841
797
885
862
178
345
896
1495
850
829
965
2239
829
2087
945
880
848
1947
934
866
907
764
1571
865
617
185
926
1024
599
930
1228
984
1816
1463
844
932
607
926
431
1297
2827
2140
791
900
183
936
968
182
748
190
895
914
1165
899
843
947
978
2159
920
929
180
2940
977
1067
872
170
618
2105
2065
2092
981
952
939
933
2490
949
912
802
1880
933
845
914
824
951
1240
899
903
2125
881
887
186
903
962
2346
186
1565
2887
132
923
2214
936
1150
902
1129
951
924
1017
1526
911
923
889
881
912
889
1968
939
179
891
175
895
883
174
938
190
863
935
1835
917
1034
1407
924
2049
1961
990
1363
928
2058
862
906
910
1047
927
1005
1998
878
2090
869
928
864
198
750
172
954
132
893
872
2026
871
949
908
640
1015
517
1561
904
967
558
193
1640
960
1339
439
1386
962
665
889
1333
937
539
666
892
566
882
1112
1478
2214
1190
2028
189
930
638
1994
1982
2783
1935
912
939
890
1953
1000
901
927
836
925
1707
2183
637
945
663
183
1263
981
958
133
2024
830
949
901
911
1267
1593
284
1527
191
935
838
932
858
954
2073
2038
943
933
1188
2122
941
880
1575
1640
169
183
2200
870
941
847
1530
907
914
173
1987
954
517
1927
923
2006
876
941
924
2547
321
659
942
1052
132
1502
954
1406
950
935
1457
902
1586
816
976
910
967
909
905
939
907
920
618
1160
1740
844
171
2027
2108
930
860
818
1803
2067
906
812
175
1232
897
176
904
2842
828
171
921
918
2933
1498
2001
2518
2013
2294
901
885
1118
896
888
872
929
967
562
862
886
630
2903
806
2094
922
872
954
134
887
881
933
890
910
633
971
1574
819
975
1190
843
909
2380
133
855
657
134
2020
908
2531
920
2028
832
823
2580
2082
969
891
466
181
989
179
930
2061
620
2136
2055
916
940
932
889
956
947
1212
366
646
556
1611
888
683
2126
2054
906
910
933
912
921
939
973
901
1319
1466
193
895
920
186
860
816
2055
2568
1501
902
901
557
2823
853
945
890
1509
873
938
272
190
2055
477
1655
415
1515
877
1715
892
190
614
899
2042
916
897
132
887
951
1577
886
134
923
913
2298
188
2800
942
862
917
1216
924
134
898
967
2080
1545
929
919
926
905
2037
931
1374
819
1665
180
1469
1564
983
916
2134
900
898
981
850
1984
192
3147
180
1490
2327
930
940
171
184
906
932
1485
748
489
739
887
922
1178
189
955
966
1006
1360
2238
2178
903
907
617
2080
1355
1682
919
189
913
1248
1425
1645
1046
895
576
1974
191
902
880
2403
1714
930
896
915
950
891
2052
1040
941
841
907
1489
736
1159
976
1522
752
917
2846
859
227
829
955
2113
923
432
1267
1605
839
197
921
951
874
916
993
1297
1723
837
462
2056
1000
798
725
896
710
1119
2093
892
181
932
1763
1299
922
872
875
1645
889
2774
179
999
179
1508
907
182
641
975
1565
739
191
899
1563
2790
856
1783
1427
607
1967
794
781
774
4095
1971
570
823
189
928
902
986
946
2408
977
976
1088
942
133
909
189
2008
177
2100
491
932
2207
2042
1006
870
2167
179
2345
965
974
937
886
887
967
935
182
1988
845
946
899
2087
2076
190
1042
903
1132
919
898
199
900
1343
1601
977
921
924
900
905
186
2019
134
936
908
921
874
993
976
182
922
977
1067
933
2863
2074
906
2494
866
682
191
981
919
2612
887
929
964
895
829
875
862
1769
189
832
1676
2393
932
897
913
169
945
873
675
755
1398
545
1337
692
1290
722
1098
902
2611
2400
2133
931
944
881
1692
181
904
863
946
962
895
847
959
1050
2031
914
2010
376
1924
902
879
1999
2048
1008
938
932
1652
923
886
916
924
883
188
184
2006
969
1042
478
904
926
2050
2050
926
1670
2070
1632
943
1175
2255
930
900
932
1190
1452
2143
1231
959
2784
2060
2128
923
1973
949
192
920
1004
1004
177
2771
190
935
922
2058
175
880
989
620
899
1797
640
955
829
191
515
501
867
686
872
859
562
2346
894
1544
890
969
1894
944
134
480
948
919
934
939
2035
926
1429
914
1748
192
2273
918
934
1244
949
900
1420
2343
902
1531
858
841
2017
552
1249
944
1523
1429
931
930
899
782
934
1027
918
969
991
950
188
862
861
847
918
2143
949
901
277
493
1315
640
939
731
879
1209
183
1382
191
133
200
931
963
1222
2768
473
1155
921
2451
1728
911
913
886
1668
793
895
2852
835
936
218
880
2059
958
1973
956
866
893
185
943
2100
977
895
2095
881
856
1105
1081
877
755
918
488
880
1984
1598
875
897
1975
2049
825
992
885
960
944
854
1381
911
179
2031
1306
881
896
1578
903
901
2234
1407
668
865
860
825
911
2052
2226
901
2100
947
592
933
437
187
2021
887
2101
932
872
940
898
915
1711
1288
1236
1694
1334
951
2021
184
1024
551
1177
909
896
132
869
762
899
960
964
849
2933
976
952
194
868
950
1078
859
180
1428
2096
949
1730
1176
971
884
2000
903
1182
2408
929
1650
1007
849
1977
728
1135
812
1065
875
189
496
835
2006
619
1786
930
186
915
906
1462
594
188
917
653
1179
183
2097
915
891
2173
2765
1194
1402
956
907
907
928
178
867
896
2849
2059
190
833
1176
928
2009
901
182
902
978
2102
134
895
3183
1543
916
875
943
761
187
851
1653
2127
891
1389
191
1444
174
1790
928
816
888
2102
909
191
433
912
747
2337
920
1817
900
921
1821
2865
1270
880
718
879
1464
1625
926
950
942
949
612
1424
1488
924
1443
1668
2404
170
2817
476
2131
1771
919
954
1312
886
911
882
907
894
1226
1308
2069
930
1438
907
189
829
1280
948
907
941
2855
909
1145
927
748
1953
625
804
2069
861
652
962
190
1643
976
897
1274
2041
907
959
2108
959
598
184
2875
863
935
187
1148
954
2000
174
875
1228
899
2085
868
937
3062
595
930
927
2869
134
895
773
865
1686
835
2152
906
1165
2237
688
914
860
192
856
2217
876
889
913
955
1972
997
132
170
913
724
908
574
1505
1254
943
772
708
185
851
893
887
187
804
1893
1980
2077
955
1854
2802
1817
958
1231
2116
565
934
1503
183
1486
978
671
2078
1698
859
910
877
2082
1524
2030
920
1014
1924
1314
1907
934
2014
2069
2762
890
2841
831
772
888
187
903
969
1669
2729
1845
656
630
188
531
969
947
2026
175
1025
930
862
865
873
175
875
931
2057
939
556
2072
1778
1433
972
191
2032
870
1996
942
648
931
174
689
1312
924
1034
892
1990
873
2876
171
182
865
339
590
2122
132
1794
719
1852
191
1985
1777
1594
1999
928
977
802
2649
1812
740
628
874
939
919
1593
685
171
910
1027
240
875
966
852
188
890
850
2080
1298
1084
459
1042
1715
189
858
181
675
183
1247
1938
184
177
2036
847
1302
904
820
1077
191
1435
865
883
2530
1780
1122
174
952
1222
904
181
2357
2709
1249
698
907
328
938
1211
996
712
2262
186
1143
930
2010
914
883
874
186
2073
971
1486
924
2077
816
2370
190
841
176
932
2109
1706
1226
179
923
1065
884
1736
836
896
1287
2093
955
857
938
985
580
881
174
835
191
898
934
973
845
955
882
1639
1390
1270
654
1926
176
951
190
961
172
939
978
1538
3345
2950
921
134
943
1925
882
799
776
835
3303
1280
937
710
879
2058
133
2815
1344
512
826
1590
929
909
310
904
891
1727
924
2043
948
875
1996
1147
1548
190
905
942
2049
914
747
833
917
372
2749
886
903
1249
2077
191
893
174
950
186
176
190
878
744
868
934
899
192
968
179
188
895
947
186
865
1296
1297
2046
2272
2036
2000
2708
934
917
869
188
901
923
357
1810
2102
190
1360
1322
946
1052
647
570
916
179
924
763
179
133
174
2754
2214
1498
1177
950
133
1664
939
170
698
1774
932
883
1434
2796
820
960
909
962
918
2119
920
955
928
1202
891
874
946
1566
929
930
1068
1793
677
966
961
2247
1798
902
585
179
191
2754
822
607
921
917
929
2512
2029
935
182
956
178
870
1265
832
919
182
1980
883
933
929
916
1659
895
751
597
950
943
2451
780
969
2100
920
912
2112
625
916
134
862
942
888
1453
2304
871
902
2037
191
875
1483
942
960
2827
2606
909
943
937
922
978
1099
1947
1366
1327
759
964
2032
833
865
2031
197
1487
977
943
182
875
2075
1229
759
886
1557
2500
845
342
267
744
2796
926
932
1775
2104
2091
753
946
963
892
1487
895
641
187
172
1247
245
820
912
657
2028
891
870
996
184
824
1954
1286
1236
1128
929
899
867
2133
692
959
911
1569
975
1655
1008
861
764
958
786
1584
421
941
919
897
917
839
2020
1307
868
792
915
2466
879
191
892
415
572
1431
952
1538
1965
2305
919
907
895
923
933
580
2455
1315
970
953
1105
936
1482
919
2923
2060
921
2037
871
663
850
928
1981
1446
568
966
188
933
174
2072
283
2039
2951
1015
2049
194
934
178
2043
1711
180
870
775
2175
2412
1194
1763
889
176
885
976
913
181
916
879
2100
915
2284
908
866
2007
1939
1187
933
186
133
1003
2094
1073
966
133
968
549
951
1668
901
188
2064
860
729
736
178
192
774
1634
880
889
179
529
852
871
1998
633
1576
938
176
945
917
174
876
1284
1065
918
956
1783
184
883
171
894
189
1523
1597
2333
818
1753
530
970
1006
1752
952
1321
2101
1997
2536
403
171
922
185
981
924
2825
884
2051
874
1430
902
877
708
1366
881
1208
2150
951
181
864
1275
901
563
903
930
912
876
180
2847
349
927
597
943
998
1359
170
928
936
1046
979
938
870
964
623
171
1419
2121
420
187
646
471
907
185
2193
933
190
548
183
887
2396
896
1223
2797
1976
1552
867
925
189
902
1348
984
908
600
919
1109
800
2082
883
816
927
717
190
185
947
922
613
177
191
857
859
1317
178
615
190
2037
948
835
906
898
191
949
898
895
1892
918
956
597
1945
921
1698
183
884
552
601
133
932
881
902
938
885
1075
929
807
2003
959
187
837
2824
920
186
925
1923
1661
445
915
183
878
927
952
881
191
1403
946
982
2496
2650
1025
949
2266
2170
390
178
1080
1286
1050
193
2413
947
918
851
876
1176
912
1097
904
954
926
2646
880
2794
864
169
1024
759
900
928
193
559
965
866
716
933
862
864
2070
594
1952
1013
935
1729
1336
2228
978
1571
2090
920
1428
2066
2734
839
958
1039
2740
960
1251
175
837
2091
938
1962
2121
1964
948
907
2028
879
303
178
990
949
880
903
890
1184
1534
818
1411
685
868
937
939
287
502
912
947
134
943
2008
184
948
1313
185
2108
2024
947
918
890
967
185
134
2519
895
1992
930
876
2268
632
878
2030
877
943
893
1376
916
1985
2074
904
898
905
1145
1407
923
895
180
914
2112
912
925
954
849
1420
701
885
939
942
1217
957
171
919
921
2548
2059
908
852
431
919
861
175
870
931
1339
879
2111
326
174
929
1069
2279
926
827
887
276
1980
184
882
819
181
178
880
2912
1994
192
659
922
951
1349
901
193
1989
969
2174
171
180
704
690
1032
1284
2771
816
234
933
2744
1830
933
927
750
1975
2146
1961
930
868
1614
913
706
432
838
1902
1024
237
883
926
920
191
1034
418
2109
971
2762
178
989
947
1020
285
2600
708
2342
863
2087
2230
869
190
826
2080
945
1583
630
964
986
940
881
566
1555
972
1341
191
932
1675
700
1327
2351
1382
871
1728
736
939
969
883
961
189
187
170
2201
926
882
2282
917
479
912
956
979
2315
2062
188
811
941
1994
950
1509
189
646
324
895
2085
883
2031
928
1424
905
177
558
1211
170
811
1748
800
1013
929
1215
1322
968
132
1855
810
793
905
2073
954
974
467
909
657
1675
872
877
931
1016
176
1254
219
179
963
180
384
881
2315
179
929
886
2917
1365
868
932
961
969
929
873
1803
905
939
893
890
966
939
496
1391
963
906
192
924
2169
933
953
941
982
917
1333
958
926
2073
906
902
3301
2526
917
949
907
176
2086
666
957
1907
2047
917
2006
1967
867
1283
901
1569
941
934
2106
934
171
944
868
652
1400
865
1864
595
620
858
2356
880
1147
236
913
557
955
890
920
188
720
173
2778
928
928
921
883
851
916
1998
1787
134
921
177
964
953
1584
868
923
1307
1785
924
2456
1444
1368
1056
998
892
2212
983
919
893
535
920
1068
190
912
906
910
1005
975
930
1210
1221
884
915
1216
347
920
2016
905
1017
933
937
2185
662
133
912
910
2070
986
1218
2046
473
1767
3580
867
961
898
927
918
887
1646
787
856
180
936
1068
1273
600
636
185
191
2372
939
969
1642
847
189
2066
901
970
171
891
2858
1227
2667
930
2061
906
699
867
193
1131
954
1960
2026
1562
771
980
928
2595
970
1993
894
2501
178
190
837
756
2024
971
2205
191
867
424
1050
960
379
977
844
1138
930
870
183
1653
935
182
1008
171
187
1253
943
934
929
1052
926
929
544
845
938
640
845
883
176
900
884
1487
678
871
1972
2086
2697
177
914
2020
937
2056
175
923
191
1333
900
547
952
907
1971
901
878
1273
884
910
1967
2059
655
896
1431
1015
837
654
2551
1426
960
2027
187
902
547
186
175
899
981
2001
708
927
2067
1259
817
1102
936
1032
854
1066
625
912
1656
956
907
865
941
877
887
909
935
738
930
2010
873
2062
1131
191
1784
909
1622
920
888
919
818
1576
985
2006
868
899
132
179
709
942
843
879
767
644
879
953
937
926
904
184
974
1973
184
957
913
1678
1551
907
999
2475
894
1568
2442
172
932
1952
800
938
938
907
134
186
1083
942
964
854
577
1620
2092
851
897
1983
1631
179
854
950
1481
3216
305
906
994
194
1111
928
405
1361
1998
972
825
939
189
1045
902
848
894
916
921
847
959
179
1626
958
939
179
894
897
1227
965
175
1506
912
922
962
2052
2081
889
914
854
1156
916
2840
2436
959
843
905
923
917
868
1353
836
811
945
2004
851
773
632
920
941
822
1493
900
2071
932
890
177
191
181
917
1195
990
1549
943
2792
2048
2320
1496
929
191
875
761
1390
880
2017
912
2091
2104
896
651
942
895
2504
957
1172
897
1288
976
2036
906
187
912
1484
936
132
926
903
925
956
888
482
911
918
856
651
640
919
361
888
970
870
2038
2393
895
1248
930
940
613
1711
696
2031
2472
1568
975
909
1158
682
887
1617
192
938
925
942
897
1147
858
888
915
838
904
2118
2012
608
1293
186
922
906
842
1511
1345
548
823
134
180
1590
1299
875
874
188
796
1518
1051
1733
912
923
963
1999
402
223
322
1657
1205
195
864
898
950
1692
876
952
913
2003
275
548
876
1280
133
884
620
880
173
887
191
647
931
888
1209
898
904
930
191
2201
947
1006
907
941
986
928
188
863
894
906
924
899
1083
883
132
894
902
887
899
857
1952
191
842
2444
366
2263
2086
976
526
853
184
919
2065
847
957
181
842
2087
3245
916
726
512
187
2927
838
188
1978
178
911
644
1181
926
918
2088
914
1360
948
486
2360
2014
191
968
1544
191
179
1190
929
1732
908
411
896
832
699
895
911
1056
906
867
2454
762
922
890
878
984
946
429
878
189
422
890
824
171
917
907
1980
953
997
179
1741
2046
910
938
926
892
920
906
729
1607
836
945
918
787
846
1602
1236
763
921
2108
888
1090
347
1600
1885
171
891
952
172
866
2061
880
1012
189
171
888
567
881
187
882
913
1729
943
856
857
938
1751
190
214
2560
797
1431
885
913
1257
2060
957
939
1573
420
180
181
2025
868
180
859
697
180
133
1515
966
892
1222
961
877
2040
1080
876
1024
2788
700
134
947
710
2046
1491
864
2304
2088
188
1969
187
928
946
189
882
861
937
1001
2374
2032
856
920
2135
909
778
890
918
2044
917
939
918
918
189
973
934
547
1995
901
681
902
787
1341
947
931
133
2034
548
181
845
2066
133
959
657
907
921
931
875
935
921
918
182
1977
686
777
1606
896
1289
1093
916
908
673
938
813
181
491
955
1013
876
170
912
889
2114
185
2377
1535
186
968
876
826
2030
172
938
885
175
1284
983
2560
2882
956
636
192
778
1714
946
182
894
931
968
888
955
897
929
1222
934
2530
1280
2000
1015
190
2088
2020
2669
173
1559
922
870
2328
2062
962
903
2091
933
872
2040
912
956
446
401
926
1142
594
1333
929
2866
919
931
889
935
1471
134
879
1265
1603
1696
1694
944
952
607
1687
209
812
935
926
1627
2124
184
189
833
1868
608
1500
1968
2791
885
483
2038
924
585
3817
864
697
879
927
1028
923
2539
932
2048
1079
2404
919
894
904
180
192
763
183
933
175
899
996
1370
908
2016
2020
2848
191
925
661
1543
661
881
932
935
1153
188
1139
2787
914
936
889
838
176
903
2141
954
1578
290
582
961
134
1432
861
892
999
1330
872
930
2007
2407
2536
885
821
882
1500
907
898
1894
925
870
905
757
185
2136
877
895
1501
1319
134
1524
849
2871
1385
912
1508
951
1564
935
886
1167
1309
862
902
187
884
876
722
2082
911
966
1760
1281
916
2087
951
190
950
1024
1646
929
2922
920
882
419
977
872
946
885
173
1150
197
905
2088
904
899
1177
965
788
855
733
1351
951
1408
890
1428
1643
946
721
2008
1707
981
184
897
1682
2053
2170
934
931
134
191
1976
935
853
1965
179
2018
850
180
733
861
1532
549
175
859
2622
917
917
2127
1999
898
1868
173
602
876
947
319
850
1067
915
860
879
975
963
557
572
428
762
627
927
962
2047
2825
877
184
870
718
676
1877
180
1351
1445
924
2054
826
916
883
956
2643
947
898
903
933
1443
895
199
954
275
921
807
893
913
857
916
898
134
930
190
904
2195
190
957
950
2060
1623
1142
2265
950
860
2483
909
189
866
1444
1434
926
1105
967
377
1378
1913
943
937
909
132
984
615
2215
1044
886
182
985
2732
134
921
706
2076
806
887
757
958
904
983
132
1400
901
988
191
968
599
972
955
1563
837
898
913
902
920
188
1533
2105
1388
757
1114
916
1218
802
1202
936
2147
960
1178
191
179
911
957
944
893
997
931
1075
912
1349
1453
873
926
562
886
900
1357
916
878
961
909
3006
190
932
182
888
955
854
893
1137
962
911
892
668
2482
1596
924
189
776
814
1311
990
836
894
923
1561
184
626
969
1825
912
2398
2742
663
1266
958
916
920
1241
887
865
939
854
190
613
918
943
2832
636
2152
1262
954
2035
915
1251
3362
924
2835
999
890
132
545
1590
914
1798
930
932
944
1531
887
490
904
917
937
902
538
887
685
930
2429
1630
910
882
176
874
1137
1457
961
183
176
936
1450
645
1133
179
1582
193
876
1160
132
902
901
856
914
1570
1988
957
2026
1117
886
2881
922
170
922
991
840
2462
951
2061
988
2102
767
2061
659
174
780
1664
905
955
922
903
2078
889
134
890
1012
488
958
188
975
1175
548
912
894
177
132
190
995
890
1672
1729
912
191
783
1379
796
908
959
190
818
829
193
899
870
1562
1631
134
812
974
889
1873
1359
909
924
899
956
477
2168
2265
899
684
1077
749
2781
877
1639
893
906
931
891
761
920
2003
507
1564
923
907
874
1070
964
845
894
1253
1135
1625
908
915
1035
2094
945
1700
924
171
885
1398
849
406
194
2286
613
939
723
938
872
931
956
912
174
747
188
942
878
887
868
906
1359
180
944
1573
2732
944
1475
368
967
899
2144
672
926
2331
523
922
974
193
902
924
993
915
514
879
940
971
881
1955
936
910
831
694
911
2844
574
944
1270
1312
186
1164
1376
869
916
911
1467
982
1237
2038
913
880
181
1187
1266
929
177
192
871
178
867
939
1148
191
1511
839
1692
894
945
191
862
521
1622
174
925
189
1333
1562
191
2236
844
1282
1491
932
2049
1396
187
1318
1895
745
2043
2151
187
1633
968
1362
477
175
852
979
178
1947
1375
928
915
777
850
2087
1793
2361
1972
828
180
133
177
892
1889
871
2121
192
934
2216
895
1347
972
945
1476
1085
885
1601
955
995
864
187
1517
134
927
189
2007
1019
970
2003
976
943
915
1431
892
894
897
931
1019
1679
2482
903
942
1567
943
191
900
908
576
883
729
948
883
633
985
883
894
931
948
1030
950
859
621
850
132
908
134
926
2492
182
890
926
924
943
1366
607
179
966
928
2123
971
970
508
2185
938
864
857
1164
2581
986
902
1990
2156
861
188
1243
912
927
1672
999
948
920
2015
2098
2017
931
971
920
2067
176
876
187
1360
2513
1012
175
1237
1302
2247
2048
513
915
872
895
947
2045
1865
833
895
954
1098
2086
2048
2154
918
914
884
958
903
845
909
199
1093
715
885
950
500
1710
918
861
890
921
169
956
938
2041
1733
1993
1112
920
188
921
912
931
1630
617
2530
836
945
2019
2381
820
554
2163
957
177
928
614
861
837
2240
1347
1483
1353
1948
975
859
844
927
863
1471
895
892
552
869
1119
1640
1721
883
932
937
929
857
171
933
1710
3972
134
1443
1746
1966
179
853
1586
1524
186
1733
1908
2029
191
880
2084
1411
825
2378
874
906
925
631
965
1679
892
908
862
2524
985
607
2361
1462
906
819
925
920
327
947
839
916
890
481
1842
908
173
183
859
808
927
837
905
913
2178
2136
912
682
855
181
921
984
931
1988
877
1669
179
642
1531
885
1796
964
179
452
928
1425
948
188
900
923
189
838
875
1364
595
176
2021
867
918
963
132
934
956
2045
908
1119
430
900
2029
2344
946
757
798
1815
552
1607
898
133
173
913
189
879
2818
1978
650
968
933
2239
870
932
954
971
828
630
911
2124
2480
1150
187
874
1486
1542
1624
947
895
860
961
821
952
2068
907
682
643
914
893
861
910
178
199
932
877
2873
546
885
889
1366
759
1556
2054
1013
2493
882
937
955
876
1010
1376
828
1625
2001
972
938
2130
849
186
1350
880
890
898
861
891
943
2024
1603
2092
876
945
944
1098
922
1281
951
2541
1600
177
190
912
2280
848
1445
1292
904
881
173
2884
2064
2333
618
502
1428
245
2075
873
1407
937
960
921
1273
188
890
915
956
931
881
1993
1468
942
1940
2038
786
720
1709
2209
949
867
2929
862
912
2249
933
959
758
955
890
794
898
858
855
965
2739
2789
904
189
187
1530
1452
849
966
940
614
508
1361
906
891
2080
2378
797
861
781
949
2163
924
919
851
970
2040
924
907
953
938
1639
1041
935
828
655
930
916
1483
2007
847
185
880
3806
976
914
961
932
844
1981
921
2004
895
188
941
1430
1734
2045
911
1875
