154 183 2701
154 183 2701
888 186 3047
888 186 3047
203 191 3172
203 191 3172
149 174 2576
149 174 2576
645 177 3059
645 177 3059
158 992 3061
158 992 3061
146 730 3064
146 730 3064
156 1849 3078
156 1849 3078
154 1758 3071
154 1758 3071
154 325 3173
154 325 3173
155 469 2986
155 469 2986
159 408 3172
159 408 3172
154 182 3173
154 182 3173
150 870 3067
150 870 3067
413 173 3029
413 173 3029
153 177 3034
153 177 3034
155 184 1819
155 184 1819
157 670 3033
157 670 3033
1465 185 3079
1465 185 3079
157 451 4095
151 177 3054
151 177 3054
155 184 2690
155 184 2690
401 192 2971
401 192 2971
156 189 2954
156 189 2954
155 187 3063
155 187 3063
370 176 2963
370 176 2963
154 1411 3066
154 1411 3066
146 174 3060
146 174 3060
244 1252 3078
244 1252 3078
1394 191 3083
1394 191 3083
714 173 3042
714 173 3042
298 173 2996
298 173 2996
836 182 614
836 182 614
148 618 3046
148 618 3046
159 251 2758
159 251 2758
156 1856 3072
156 1856 3072
155 540 3041
155 540 3041
155 592 3024
155 592 3024
831 180 3046
831 180 3046
892 177 3055
892 177 3055
685 175 3064
685 175 3064
152 839 3052
152 839 3052
792 178 3042
792 178 3042
154 179 3005
154 179 3005
146 1444 3076
146 1444 3076
145 172 3037
145 172 3037
159 568 3041
159 568 3041
158 778 410
158 778 410
144 173 2649
144 173 2649
150 776 3052
150 776 3052
155 544 3058
155 544 3058
159 191 3012
159 191 3012
154 179 3060
154 179 3060
145 1272 3066
145 1272 3066
1938 177 3084
1938 177 3084
477 191 3015
477 191 3015
155 180 2904
155 180 2904
152 732 3052
152 732 3052
837 179 3067
837 179 3067
153 181 1046
153 181 1046
150 1783 3079
150 1783 3079
328 191 2876
328 191 2876
155 1864 3096
155 1864 3096
145 813 3042
145 813 3042
156 188 3011
156 188 3011
156 227 3172
156 227 3172
377 189 2969
377 189 2969
158 1563 3074
158 1563 3074
159 443 3001
159 443 3001
159 192 2959
159 192 2959
160 734 3007
160 734 3007
748 190 3064
748 190 3064
153 177 2568
153 177 2568
1085 173 3060
1085 173 3060
346 463 1739
346 463 1739
155 1860 3081
155 1860 3081
150 177 3172
150 177 3172
144 1127 4095
145 173 3059
145 173 3059
157 188 3016
157 188 3016
356 173 3007
356 173 3007
155 187 2666
155 187 2666
437 182 3018
437 182 3018
155 248 2685
155 248 2685
701 183 3035
701 183 3035
155 187 3059
155 187 3059
150 176 375
150 176 375
153 177 2946
153 177 2946
154 486 3037
154 486 3037
145 924 3074
145 924 3074
144 173 3020
144 173 3020
156 346 2986
156 346 2986
155 182 3018
155 182 3018
148 174 3016
148 174 3016
145 471 3035
145 471 3035
377 178 3012
377 178 3012
146 1238 3059
146 1238 3059
153 1105 3070
153 1105 3070
156 189 3172
156 189 3172
1068 179 3066
1068 179 3066
144 173 3056
144 173 3056
152 177 2846
152 177 2846
156 1600 3070
144 173 3057
144 173 3057
155 185 3011
155 185 3011
158 191 1458
158 191 1458
158 191 2232
158 191 2232
160 192 3049
160 192 3049
145 173 3173
145 173 3173
620 175 3007
620 175 3007
156 182 4095
157 822 3057
157 822 3057
149 303 4095
148 1786 3077
148 1786 3077
159 300 2891
159 300 2891
152 181 2929
152 181 2929
727 191 3058
727 191 3058
1331 192 3062
1331 192 3062
419 191 3018
419 191 3018
145 1960 3089
145 1960 3089
945 181 3056
945 181 3056
144 173 2531
144 173 2531
571 183 3020
571 183 3020
145 173 3063
145 173 3063
150 177 2868
150 177 2868
155 356 3171
155 356 3171
152 514 3034
152 514 3034
450 176 3017
450 176 3017
147 341 2930
147 341 2930
234 187 3171
234 187 3171
857 191 3061
857 191 3061
147 1770 3081
147 1770 3081
1902 183 3083
1902 183 3083
2108 174 907
2108 174 907
155 3544 3093
155 3544 3093
149 176 652
149 176 652
159 4095 3087
159 4095 3087
150 1932 3082
150 1932 3082
159 192 3051
159 192 3051
157 730 3043
157 730 3043
155 180 2270
155 180 2270
155 873 3065
155 873 3065
151 287 1170
151 287 1170
839 177 3050
839 177 3050
154 1611 2327
154 1611 2327
157 190 3015
157 190 3015
159 193 921
159 193 921
155 933 3055
155 933 3055
156 864 3045
156 864 3045
148 176 3006
148 176 3006
152 713 3049
152 713 3049
159 1895 3075
159 1895 3075
152 681 3054
152 681 3054
162 186 201
162 186 201
155 997 3055
155 997 3055
761 188 3057
761 188 3057
258 192 3172
258 192 3172
159 1163 3074
159 1163 3074
568 188 3044
568 188 3044
1660 174 3077
1660 174 3077
826 173 3063
826 173 3063
579 173 3007
579 173 3007
548 191 3041
548 191 3041
157 190 3061
148 176 3172
148 176 3172
156 843 3041
156 843 3041
157 190 2741
157 190 2741
150 179 3056
150 179 3056
1588 188 3074
1588 188 3074
327 191 2972
327 191 2972
946 190 3064
946 190 3064
156 189 196
156 189 196
155 185 3051
155 185 3051
382 191 3018
382 191 3018
154 179 2849
154 179 2849
143 172 3058
143 172 3058
153 181 3069
153 181 3069
154 1783 3075
154 1783 3075
159 192 3172
159 192 3172
159 192 3040
159 192 3040
158 191 2687
158 191 2687
159 586 3035
159 586 3035
146 1918 3082
146 1918 3082
159 1572 2771
159 1572 2771
167 187 3171
167 187 3171
242 191 2712
242 191 2712
146 174 2606
146 174 2606
540 179 3038
540 179 3038
146 174 3022
146 174 3022
1025 182 3171
1025 182 3171
507 189 3010
507 189 3010
1504 537 3070
1504 537 3070
146 1267 3079
146 1267 3079
154 180 2361
154 180 2361
159 191 2768
159 191 2768
156 188 2968
156 188 2968
146 1894 3073
146 1894 3073
1499 525 3087
1499 525 3087
156 186 865
156 186 865
507 192 3019
507 192 3019
156 827 3048
156 827 3048
153 178 3087
153 178 3087
152 583 3039
152 583 3039
154 184 2672
154 184 2672
476 192 3048
476 192 3048
741 173 3054
741 173 3054
155 1050 3063
155 1050 3063
160 1147 3064
160 1147 3064
146 899 3036
146 899 3036
160 453 2964
160 453 2964
292 192 2823
292 192 2823
796 189 3059
796 189 3059
155 185 3034
155 185 3034
156 187 3055
156 187 3055
159 1340 2944
159 1340 2944
512 173 3040
512 173 3040
155 1543 3069
155 1543 3069
158 191 2302
158 191 2302
156 185 3055
156 185 3055
550 1129 3087
550 1129 3087
150 178 3059
150 178 3059
666 174 3043
666 174 3043
150 362 2969
150 362 2969
154 247 3171
154 247 3171
155 969 3065
155 969 3065
1873 174 3083
1873 174 3083
405 177 3007
405 177 3007
158 513 2987
158 513 2987
158 1458 3063
158 1458 3063
159 191 427
159 191 427
158 378 3021
158 378 3021
153 178 3172
153 178 3172
156 184 2979
156 184 2979
155 1395 3076
155 1395 3076
158 190 2760
158 190 2760
156 183 2741
156 183 2741
156 188 3028
156 188 3028
424 182 3055
424 182 3055
147 884 3046
147 884 3046
154 864 3056
154 864 3056
150 176 4095
157 191 3054
157 191 3054
155 181 2602
155 181 2602
477 183 3034
477 183 3034
434 461 2967
434 461 2967
407 181 2974
407 181 2974
159 1537 3070
159 1537 3070
151 179 1598
151 179 1598
159 1551 3077
159 1551 3077
160 192 2304
160 192 2304
149 1018 3062
149 1018 3062
608 173 3055
608 173 3055
156 188 3062
156 188 3062
145 1116 3067
145 1116 3067
1511 173 3065
1511 173 3065
154 1078 3066
154 1078 3066
964 173 3063
964 173 3063
148 589 3030
148 589 3030
797 191 3064
797 191 3064
146 1220 3075
146 1220 3075
424 191 2986
424 191 2986
1069 183 3060
1069 183 3060
147 882 3064
147 882 3064
158 474 3016
158 474 3016
156 1163 3171
156 1163 3171
160 754 3039
160 754 3039
155 990 3054
155 990 3054
689 184 78
689 184 78
154 180 2758
154 180 2758
160 563 3036
160 563 3036
160 192 1772
160 192 1772
160 1910 3085
160 1910 3085
148 671 3035
148 671 3035
1112 174 3067
1112 174 3067
1603 188 3085
1603 188 3085
157 613 776
157 613 776
853 175 3061
853 175 3061
157 269 2612
157 269 2612
570 189 3047
570 189 3047
432 193 3010
432 193 3010
951 176 3070
951 176 3070
155 4095 3095
155 4095 3095
153 1030 3067
153 1030 3067
146 300 2887
146 300 2887
145 420 2997
145 420 2997
159 192 3045
159 192 3045
159 192 3171
159 192 3171
157 882 3071
157 882 3071
160 192 2759
160 192 2759
657 187 3047
657 187 3047
154 358 3171
154 358 3171
147 174 3171
147 174 3171
157 1455 3075
157 1455 3075
269 192 2853
269 192 2853
153 178 2976
153 178 2976
1729 182 3076
1729 182 3076
154 185 3052
154 185 3052
153 179 3171
153 179 3171
2016 185 3082
2016 185 3082
155 188 2968
155 188 2968
647 189 3053
647 189 3053
156 186 2576
156 186 2576
156 1648 3070
156 1648 3070
154 509 3036
154 509 3036
147 174 3065
147 174 3065
449 181 2990
449 181 2990
158 651 3042
158 651 3042
159 191 2985
159 191 2985
145 174 3172
145 174 3172
1248 192 3063
1248 192 3063
155 181 3022
155 181 3022
448 188 3039
448 188 3039
157 416 2990
157 416 2990
156 188 2847
156 188 2847
156 183 3016
156 183 3016
158 1727 3073
158 1727 3073
1215 180 3071
1215 180 3071
1619 192 3078
1619 192 3078
159 360 3171
159 360 3171
935 193 3065
935 193 3065
443 190 3012
443 190 3012
155 688 3035
155 688 3035
156 188 2175
156 188 2175
154 180 3046
154 180 3046
155 843 3044
155 843 3044
1164 180 3069
1164 180 3069
552 1451 3078
552 1451 3078
1206 175 3070
1206 175 3070
154 184 2987
154 184 2987
930 179 3032
930 179 3032
695 184 3035
695 184 3035
155 182 3171
155 182 3171
151 689 3072
151 689 3072
157 756 2053
157 756 2053
159 192 2908
159 192 2908
608 178 3050
608 178 3050
159 1186 3070
159 1186 3070
159 412 3041
159 412 3041
146 464 3018
146 464 3018
283 173 2996
283 173 2996
726 173 3029
726 173 3029
156 299 2988
156 299 2988
795 192 3049
795 192 3049
151 179 3064
151 179 3064
156 187 2989
156 187 2989
155 187 3171
155 187 3171
153 735 3033
153 735 3033
156 4095 3082
156 4095 3082
155 583 3020
155 583 3020
159 1073 3050
159 1073 3050
154 1762 3079
154 1762 3079
1550 174 3069
1550 174 3069
744 192 3052
744 192 3052
157 190 2931
157 190 2931
1133 188 3058
1133 188 3058
154 894 3171
154 894 3171
1025 178 3064
1025 178 3064
375 1180 3080
375 1180 3080
434 192 3014
434 192 3014
155 182 3072
155 182 3072
1409 181 3063
1409 181 3063
155 1019 3068
155 1019 3068
152 177 2890
152 177 2890
153 178 3063
153 178 3063
832 177 3057
832 177 3057
864 189 3078
864 189 3078
249 179 3171
249 179 3171
154 179 2938
154 179 2938
154 751 3045
154 751 3045
156 475 4095
156 189 3170
156 189 3170
157 190 512
157 190 512
157 405 2971
157 405 2971
419 192 2960
419 192 2960
159 816 3042
159 816 3042
155 1820 3074
155 1820 3074
160 192 2960
160 192 2960
154 732 3171
154 732 3171
152 368 2955
152 368 2955
156 1986 4095
155 185 2640
155 185 2640
154 1512 3065
154 1512 3065
155 1215 3074
155 1215 3074
154 1398 3066
154 1398 3066
159 192 3027
159 192 3027
1008 192 3078
1008 192 3078
159 192 3170
159 192 3170
159 192 3066
159 192 3066
157 190 2721
157 190 2721
160 1503 3086
160 1503 3086
331 181 2892
331 181 2892
146 1531 3074
146 1531 3074
158 1185 3066
158 1185 3066
632 190 3054
632 190 3054
1167 191 2121
1167 191 2121
150 1985 3064
150 1985 3064
154 1049 2357
154 1049 2357
158 1545 3060
158 1545 3060
155 187 306
155 187 306
152 178 2942
152 178 2942
151 498 3046
151 498 3046
156 607 3063
156 607 3063
246 175 2843
246 175 2843
155 835 3171
155 835 3171
146 1966 3074
146 1966 3074
556 192 3058
556 192 3058
155 215 3171
155 215 3171
159 1209 3081
159 1209 3081
153 179 2561
153 179 2561
252 183 2879
252 183 2879
1220 182 3091
1220 182 3091
526 185 2556
526 185 2556
1348 181 3074
1348 181 3074
377 178 2999
377 178 2999
160 1995 3074
160 1995 3074
156 1191 3064
156 1191 3064
250 789 3053
250 789 3053
283 179 2943
283 179 2943
158 191 3046
158 191 3046
160 1686 3065
160 1686 3065
156 221 3171
156 221 3171
157 191 4095
145 173 2794
145 173 2794
156 1906 3076
156 1906 3076
391 193 3036
391 193 3036
887 181 3070
887 181 3070
154 185 2694
154 185 2694
159 192 3048
159 192 3048
148 1965 3086
148 1965 3086
156 184 2577
156 184 2577
338 189 2961
338 189 2961
705 192 3039
705 192 3039
155 300 2899
155 300 2899
154 800 3056
154 800 3056
156 1489 3078
156 1489 3078
158 383 2224
158 383 2224
144 173 4095
145 174 2909
145 174 2909
157 727 3056
157 727 3056
144 172 2364
144 172 2364
156 186 3032
156 186 3032
151 940 3048
151 940 3048
145 584 3054
145 584 3054
155 1230 3067
155 1230 3067
157 191 2919
157 191 2919
239 180 2886
239 180 2886
489 187 3034
489 187 3034
595 188 3041
595 188 3041
150 179 3074
150 179 3074
559 193 3025
559 193 3025
148 175 2999
148 175 2999
154 1917 3076
154 1917 3076
425 184 3171
425 184 3171
812 188 3061
812 188 3061
148 176 3071
148 176 3071
146 1294 3072
146 1294 3072
159 905 3067
159 905 3067
150 1919 3080
150 1919 3080
770 181 3049
770 181 3049
158 192 2031
158 192 2031
969 180 3096
969 180 3096
604 548 3059
604 548 3059
890 189 3056
890 189 3056
148 176 2591
148 176 2591
1950 180 3083
1950 180 3083
154 180 2756
154 180 2756
154 1185 3081
154 1185 3081
1365 189 3075
1365 189 3075
446 186 3011
446 186 3011
148 177 2659
148 177 2659
156 184 2250
156 184 2250
159 193 2991
159 193 2991
516 174 3054
516 174 3054
152 1906 3076
152 1906 3076
155 188 3171
155 188 3171
1240 190 1379
1240 190 1379
4095 3761 3074
4095 3761 3074
154 404 2951
154 404 2951
154 1354 3076
154 1354 3076
155 187 3059
155 187 3059
152 178 1649
152 178 1649
149 1448 3054
149 1448 3054
708 193 3051
708 193 3051
144 1825 3062
144 1825 3062
155 795 3051
155 795 3051
155 506 3018
155 506 3018
144 172 3048
144 172 3048
153 785 3027
153 785 3027
153 181 3027
153 181 3027
902 190 3064
902 190 3064
154 503 3034
154 503 3034
147 916 3063
147 916 3063
1348 192 3078
1348 192 3078
154 180 3053
154 180 3053
623 184 3073
623 184 3073
145 173 3061
145 173 3061
156 421 3023
156 421 3023
156 1856 3079
156 1856 3079
149 1122 1830
149 1122 1830
155 188 2929
155 188 2929
144 1839 3072
144 1839 3072
153 186 893
153 186 893
1273 177 3072
1273 177 3072
157 1720 3075
157 1720 3075
158 192 3039
158 192 3039
159 1768 3084
159 1768 3084
1746 178 3083
1746 178 3083
158 556 3022
158 556 3022
978 176 1979
978 176 1979
157 546 3063
157 546 3063
148 2936 2650
148 2936 2650
1942 186 3092
1942 186 3092
159 192 3054
159 192 3054
145 640 3023
145 640 3023
624 190 3022
624 190 3022
148 843 3032
148 843 3032
158 1915 3082
158 1915 3082
158 241 3172
158 241 3172
149 220 991
149 220 991
155 1146 3078
155 1146 3078
156 190 2999
156 190 2999
147 374 3048
147 374 3048
466 176 3040
466 176 3040
155 297 2837
155 297 2837
144 173 2978
144 173 2978
146 283 2985
146 283 2985
891 184 1457
891 184 1457
155 1967 3080
155 1967 3080
155 1624 3062
155 1624 3062
155 188 2947
155 188 2947
146 173 2612
146 173 2612
155 1860 3082
155 1860 3082
145 810 3063
145 810 3063
159 192 2983
159 192 2983
153 872 1437
153 872 1437
925 184 3062
925 184 3062
156 189 3042
156 189 3042
1281 186 3060
1281 186 3060
1339 185 2816
1339 185 2816
154 186 1300
154 186 1300
151 177 3172
151 177 3172
144 173 3058
144 173 3058
323 366 3025
323 366 3025
910 191 3050
910 191 3050
651 178 3078
651 178 3078
157 190 2994
157 190 2994
154 180 3031
154 180 3031
356 190 2902
356 190 2902
158 191 2851
158 191 2851
158 431 3033
158 431 3033
383 188 2987
383 188 2987
154 1011 3067
154 1011 3067
154 1836 3092
154 1836 3092
152 1115 3061
152 1115 3061
156 189 3009
156 189 3009
428 174 3011
428 174 3011
390 187 2984
390 187 2984
155 1318 3076
155 1318 3076
145 599 3017
145 599 3017
158 1116 3075
158 1116 3075
155 1454 3070
155 1454 3070
154 181 3172
154 181 3172
155 886 3079
155 886 3079
156 184 3060
156 184 3060
154 487 3011
154 487 3011
259 192 2909
259 192 2909
155 186 562
155 186 562
809 175 3081
809 175 3081
431 188 2988
431 188 2988
156 1055 3065
156 1055 3065
153 178 3171
153 178 3171
158 191 3172
158 191 3172
146 636 3075
146 636 3075
155 1344 2573
155 1344 2573
528 191 3024
528 191 3024
155 183 2740
155 183 2740
154 1431 3079
154 1431 3079
146 1500 3072
146 1500 3072
145 173 3056
145 173 3056
156 1673 3085
156 1673 3085
159 548 3017
159 548 3017
156 274 3172
156 274 3172
144 712 3049
144 712 3049
153 357 3172
153 357 3172
154 183 2707
154 183 2707
155 187 3172
155 187 3172
154 629 3172
154 629 3172
154 1422 3064
154 1422 3064
154 186 3020
154 186 3020
150 1700 3072
150 1700 3072
1520 189 3064
1520 189 3064
155 335 251
155 335 251
146 181 3172
146 181 3172
152 177 3172
152 177 3172
1852 188 3083
1852 188 3083
154 689 3052
154 689 3052
158 799 3059
158 799 3059
156 1953 3083
156 1953 3083
157 191 2991
157 191 2991
314 185 2958
314 185 2958
148 175 3059
148 175 3059
144 1321 3061
144 1321 3061
264 175 2839
264 175 2839
481 186 3005
481 186 3005
650 185 3069
650 185 3069
152 180 2776
152 180 2776
1136 191 3074
1136 191 3074
155 995 3074
155 995 3074
156 190 4095
155 184 3043
155 184 3043
149 178 167
149 178 167
325 175 2991
325 175 2991
238 185 2905
238 185 2905
1370 177 3061
1370 177 3061
153 179 2307
153 179 2307
156 383 2995
156 383 2995
1264 191 666
1264 191 666
158 395 1024
158 395 1024
155 184 4095
153 184 757
153 184 757
153 1215 3069
153 1215 3069
158 1399 3065
158 1399 3065
151 256 2505
151 256 2505
657 181 3057
657 181 3057
148 176 3065
148 176 3065
154 183 2568
154 183 2568
148 859 3067
148 859 3067
937 184 3063
937 184 3063
150 572 925
150 572 925
762 178 3065
762 178 3065
149 175 2864
149 175 2864
158 381 3016
158 381 3016
157 189 3035
157 189 3035
154 184 3045
154 184 3045
158 1840 3079
158 1840 3079
1514 173 3076
1514 173 3076
1922 178 3082
1922 178 3082
156 918 3064
156 918 3064
274 175 823
274 175 823
154 179 3039
154 179 3039
156 1403 3072
156 1403 3072
159 192 3174
159 192 3174
158 806 3050
158 806 3050
907 189 3059
907 189 3059
1496 185 3085
1496 185 3085
990 181 3073
990 181 3073
147 174 3033
147 174 3033
147 174 44
147 174 44
149 916 3065
149 916 3065
158 191 3061
158 191 3061
153 699 3046
153 699 3046
589 191 3051
589 191 3051
773 178 3062
773 178 3062
158 726 3067
158 726 3067
154 186 3173
154 186 3173
155 188 3093
155 188 3093
155 320 2939
155 320 2939
147 173 3053
147 173 3053
152 178 2948
152 178 2948
155 1940 3087
155 1940 3087
146 1260 400
146 1260 400
152 177 2959
152 177 2959
156 1061 3075
156 1061 3075
1937 187 3096
1937 187 3096
157 532 2990
157 532 2990
154 784 3053
154 784 3053
1456 191 4095
153 185 3098
153 185 3098
158 686 3061
158 686 3061
149 176 3080
149 176 3080
148 1068 3084
148 1068 3084
143 172 2957
143 172 2957
154 185 2720
154 185 2720
157 190 3055
157 190 3055
155 1762 3075
155 1762 3075
143 1029 3058
143 1029 3058
994 180 3062
994 180 3062
156 189 2764
156 189 2764
154 591 3035
154 591 3035
144 1507 2946
144 1507 2946
155 1158 3065
155 1158 3065
579 172 3052
579 172 3052
155 188 3025
155 188 3025
154 1351 3066
154 1351 3066
1889 179 3081
1889 179 3081
145 1383 3076
145 1383 3076
154 186 3000
154 186 3000
1165 188 3070
1165 188 3070
157 1457 3072
157 1457 3072
152 1578 3069
152 1578 3069
154 1393 3091
154 1393 3091
157 190 4095
858 175 3068
858 175 3068
697 191 3059
697 191 3059
154 1734 4095
467 191 2998
467 191 2998
156 713 3041
156 713 3041
158 191 3173
158 191 3173
146 728 3079
146 728 3079
573 191 3052
573 191 3052
157 1936 3092
157 1936 3092
158 191 2987
158 191 2987
155 4095 3089
155 4095 3089
814 190 3026
814 190 3026
148 1834 3084
148 1834 3084
1578 172 3080
1578 172 3080
1024 185 3074
1024 185 3074
159 192 3173
159 192 3173
871 4095 3091
871 4095 3091
158 598 3048
158 598 3048
1461 177 3095
1461 177 3095
144 172 2729
144 172 2729
144 463 3006
144 463 3006
158 520 3041
158 520 3041
1112 179 3069
1112 179 3069
855 180 3043
855 180 3043
462 180 3012
462 180 3012
153 179 3011
153 179 3011
144 172 2981
144 172 2981
158 1265 3072
158 1265 3072
353 184 2984
353 184 2984
154 735 3047
154 735 3047
158 813 3065
158 813 3065
155 348 3004
155 348 3004
151 177 3173
151 177 3173
158 223 3173
158 223 3173
306 187 2958
306 187 2958
883 171 3058
883 171 3058
1041 172 3079
1041 172 3079
158 601 3064
158 601 3064
154 353 608
154 353 608
157 191 2385
157 191 2385
154 1856 3079
154 1856 3079
1717 181 3086
1717 181 3086
144 172 998
144 172 998
144 417 4095
154 181 1457
154 181 1457
147 174 2856
147 174 2856
154 1275 3071
154 1275 3071
158 191 2508
158 191 2508
156 189 4095
155 517 3008
155 517 3008
157 1481 3080
157 1481 3080
154 272 2660
154 272 2660
447 178 2998
447 178 2998
611 185 3049
611 185 3049
157 190 2855
157 190 2855
1456 175 3084
1456 175 3084
155 188 2652
155 188 2652
153 1256 875
153 1256 875
886 178 3057
886 178 3057
150 467 3012
150 467 3012
154 179 2583
154 179 2583
687 173 3075
687 173 3075
1870 176 3095
1870 176 3095
158 191 2894
158 191 2894
151 176 3057
151 176 3057
155 187 2965
155 187 2965
152 181 3041
152 181 3041
156 188 2650
156 188 2650
156 1817 3086
156 1817 3086
3144 191 4095
1344 190 3075
1344 190 3075
432 184 3084
432 184 3084
144 172 4095
586 187 3044
586 187 3044
1271 180 3085
1271 180 3085
147 174 3063
147 174 3063
155 181 3019
155 181 3019
153 181 3061
153 181 3061
315 186 2940
315 186 2940
152 177 3003
152 177 3003
750 172 4095
431 172 4095
377 191 2977
377 191 2977
154 1121 3057
154 1121 3057
1342 172 4095
147 537 3014
147 537 3014
573 191 3046
573 191 3046
948 191 3062
948 191 3062
158 223 3173
158 223 3173
154 604 3044
154 604 3044
154 179 3022
154 179 3022
158 648 2989
158 648 2989
195 574 3046
195 574 3046
149 177 3173
149 177 3173
144 1739 3091
144 1739 3091
147 174 3173
147 174 3173
155 723 3040
155 723 3040
149 177 855
149 177 855
155 182 2396
155 182 2396
156 459 3043
156 459 3043
153 309 3174
153 309 3174
1400 174 3073
1400 174 3073
450 178 3174
450 178 3174
1862 184 3086
1862 184 3086
157 190 2724
157 190 2724
1815 191 3072
1815 191 3072
150 432 2977
150 432 2977
158 191 2460
158 191 2460
155 179 3093
155 179 3093
147 173 3174
147 173 3174
154 186 3080
154 186 3080
158 191 2983
158 191 2983
154 1946 3075
154 1946 3075
154 450 3009
1506 191 3075
1506 191 3075
155 739 3033
155 739 3033
147 174 3026
147 174 3026
158 416 3020
158 416 3020
153 804 3058
153 804 3058
158 503 3032
158 503 3032
145 172 3080
145 172 3080
153 179 3019
153 179 3019
394 189 3000
394 189 3000
154 822 3061
154 822 3061
157 979 3072
157 979 3072
361 181 3173
361 181 3173
153 725 3047
153 725 3047
149 512 3032
149 512 3032
151 428 3003
151 428 3003
158 1418 3067
158 1418 3067
150 178 2620
150 178 2620
154 2500 1083
154 2500 1083
151 176 3031
151 176 3031
158 956 3065
158 956 3065
159 191 3173
144 172 2710
144 172 2710
348 190 3006
348 190 3006
154 1920 1316
154 1920 1316
154 179 3016
154 179 3016
157 646 3054
157 646 3054
1140 192 3051
1140 192 3051
154 179 2655
154 179 2655
623 178 3054
623 178 3054
158 373 2941
158 373 2941
157 190 3173
157 190 3173
156 188 3052
156 188 3052
158 812 3068
158 812 3068
482 182 3026
482 182 3026
