156
156
149
156
146
146
152
1264
1050
1141
1427
1427
952
952
1300
1300
750
750
144
144
153
148
148
157
612
612
152
148
154
154
155
155
156
829
1455
158
158
768
768
157
151
151
155
2224
2224
152
153
875
875
4095
146
4095
148
154
154
1117
1117
1315
1315
157
1184
1184
144
155
507
999
642
155
1387
1387
156
2251
3122
3122
154
154
4095
4095
879
879
157
157
144
144
2893
659
154
154
1005
1005
686
158
158
629
158
2309
152
4095
4095
4095
158
158
154
154
157
153
156
145
1066
1066
151
151
145
145
147
902
2198
2198
148
148
158
151
153
154
154
158
158
155
155
158
158
2401
153
146
146
147
158
158
610
610
1935
1935
1574
1529
878
154
154
914
914
1812
152
152
157
147
153
153
148
157
1873
919
153
157
4095
4095
1109
600
600
150
150
896
896
150
143
143
158
158
1068
1655
1655
794
794
157
157
2802
149
149
153
155
155
149
1065
0
2401
158
158
599
156
156
156
156
834
158
152
153
153
1415
143
143
887
795
496
151
151
153
2223
2223
148
148
2220
155
154
158
146
146
154
1372
1372
144
144
4095
1372
146
153
157
158
158
157
148
152
152
154
154
153
3672
155
155
1053
153
153
1177
158
143
152
151
151
874
154
143
143
152
149
145
145
151
158
158
150
823
1301
1301
157
1611
1611
151
151
145
158
892
147
922
922
597
597
148
148
704
704
672
672
925
925
157
740
740
810
1066
1066
149
154
149
158
158
152
576
576
1497
1497
152
152
4095
4095
154
154
150
154
154
157
157
154
154
1993
1993
1756
152
147
147
154
4095
152
806
806
842
153
153
146
144
150
158
758
758
157
778
146
150
154
154
143
143
892
892
157
147
147
156
156
154
154
154
154
154
148
154
154
1346
1346
153
153
144
144
153
158
158
147
147
610
2278
2278
153
153
929
157
157
158
152
152
147
147
148
148
143
156
788
788
1904
4095
4095
158
967
156
156
1899
1899
149
153
1386
158
154
154
153
1541
1541
153
153
157
157
734
156
156
533
2059
634
634
157
157
727
1405
147
147
148
153
153
143
1372
157
157
146
146
153
1092
153
153
143
154
146
146
1207
1207
152
157
157
1102
154
152
771
771
149
154
154
152
158
1075
143
143
1228
1546
2221
156
156
148
148
829
1201
1201
153
694
694
143
143
150
150
155
2421
1121
1121
156
156
906
906
155
1241
1241
749
749
157
157
4095
153
153
144
144
156
153
153
155
153
154
154
1662
1662
154
892
892
154
154
156
156
153
157
157
158
158
158
156
156
155
155
152
574
574
153
153
148
148
149
155
147
158
150
150
152
152
156
156
154
154
1134
153
153
158
155
155
155
1406
1406
157
148
148
153
742
4095
2114
2227
158
153
153
153
153
585
654
2890
152
152
1546
2119
154
1086
145
158
153
148
157
157
153
158
158
155
143
143
1879
656
156
1160
151
2276
158
158
607
153
153
644
644
158
158
152
152
154
154
152
152
1643
1643
2744
985
153
153
142
142
144
1322
738
156
156
155
155
152
647
647
4095
156
157
383
383
157
157
1930
1930
690
690
144
149
158
158
153
158
153
153
150
158
154
154
156
144
144
550
550
636
636
1689
157
157
149
149
647
147
154
869
869
152
152
154
157
150
790
790
153
153
145
157
157
902
157
157
149
154
154
149
145
154
154
147
147
152
418
418
852
144
158
155
155
897
897
144
144
157
961
391
144
144
1713
1713
155
148
148
153
153
155
155
158
158
143
143
146
144
144
1110
950
950
156
156
154
154
1773
158
151
151
155
143
143
157
157
145
158
158
149
149
946
1911
153
1845
1845
153
150
2201
153
153
516
154
3661
3661
146
1448
4095
141
155
155
147
147
932
2824
2824
154
1255
154
154
157
150
150
145
949
871
154
154
154
147
156
156
147
157
143
673
673
153
148
156
156
617
151
1288
1288
1165
1165
1246
155
905
905
1005
157
157
157
1076
153
158
158
151
151
2062
155
154
154
1496
1496
153
1027
1027
150
150
1822
149
149
3049
147
147
157
157
702
702
4095
146
154
154
144
158
158
154
151
153
153
151
145
146
3041
154
2449
2449
964
2344
2344
158
158
157
157
876
876
154
154
1292
1292
145
3100
3100
942
1493
1493
144
144
158
158
145
145
564
564
157
155
155
151
156
156
145
1441
1441
2242
886
886
2358
147
147
154
157
157
1258
155
0
147
147
153
549
549
157
157
154
152
4095
576
150
150
150
150
154
144
1273
157
1272
1272
144
144
157
2706
2706
142
142
154
153
153
158
158
2163
152
1470
144
144
1170
151
151
153
152
152
2397
2397
1944
642
154
158
155
155
151
151
151
151
153
149
149
149
158
158
712
712
872
153
625
625
153
155
154
155
155
152
145
157
157
148
148
1406
150
150
1002
1002
154
781
781
154
154
154
158
158
4095
4095
150
150
840
840
155
153
153
3315
154
154
149
149
2383
2383
144
154
154
147
147
151
151
143
1760
976
976
153
153
1520
153
761
153
154
973
3195
3195
711
2034
4095
4095
148
1038
154
155
2512
155
1199
155
155
158
152
152
811
150
150
949
144
144
152
156
156
1128
1128
815
815
153
155
155
155
151
151
154
150
150
144
149
864
4095
143
143
154
154
151
151
1512
1512
151
151
809
1362
1362
1649
0
580
580
2274
2274
154
143
158
158
151
157
157
153
155
153
153
697
697
153
149
153
153
1118
1118
815
815
146
235
235
145
145
157
154
154
1677
1677
1498
1498
152
152
2265
630
630
156
144
154
144
153
153
153
152
154
147
153
153
155
1171
1171
155
155
183
158
158
1487
580
155
820
157
2224
1006
153
153
150
584
584
154
1422
1422
706
1583
153
153
2256
2256
1068
932
932
144
154
154
158
150
150
153
1201
1201
571
571
143
147
147
1150
152
1104
671
153
153
144
144
1393
1393
153
153
889
889
154
1886
1886
155
155
147
988
988
157
156
144
144
148
148
2311
154
154
154
145
153
1871
1871
157
157
787
787
145
154
154
151
142
157
147
147
152
155
155
569
569
153
4095
2295
2295
880
880
1601
1601
153
153
157
157
156
156
144
144
1461
1461
2123
157
787
787
158
158
145
153
153
1356
2303
2303
1467
565
565
366
366
150
1186
1876
1876
151
154
154
1495
1495
153
153
153
144
144
158
144
152
143
157
153
153
661
661
1413
1413
146
144
144
157
156
156
158
812
812
2222
152
152
144
154
154
144
152
152
1691
1691
1046
1046
4095
4095
1268
154
153
4095
144
1417
722
157
157
155
155
149
153
153
156
156
147
147
876
144
800
800
1519
152
152
1068
1068
1172
868
1002
1807
1807
1234
658
658
1079
2596
2596
154
154
154
1248
1248
157
157
633
158
158
148
152
158
794
794
153
423
144
475
475
627
627
140
140
1431
150
150
684
684
708
708
152
152
717
717
157
157
148
148
1942
148
148
459
459
151
158
149
149
1083
1083
153
3209
3209
156
144
155
155
156
151
155
154
154
1997
158
1712
1712
857
2679
153
663
663
143
880
880
153
153
153
148
2042
158
158
154
158
165
149
154
154
158
154
154
144
155
146
151
154
145
151
151
156
153
146
146
157
157
4095
150
0
147
728
728
1338
1122
148
148
153
153
2221
1108
152
152
158
711
784
784
153
1315
1315
1267
1267
144
144
2251
2251
145
3560
3560
156
156
152
154
154
157
735
735
4095
152
152
602
145
150
149
1382
1382
150
144
144
157
1462
144
564
153
153
1240
1240
145
145
1727
154
154
150
518
518
154
153
151
151
152
154
154
149
149
791
145
153
1575
1575
1779
1779
146
0
1904
1904
153
153
789
789
157
143
1645
157
157
153
4095
4095
672
672
157
157
434
576
576
144
144
158
158
706
706
153
155
143
157
143
143
144
144
152
146
158
145
145
156
156
154
154
145
152
157
157
4095
4095
740
740
158
158
153
153
155
147
147
155
155
158
152
154
154
157
152
152
2265
226
0
2170
2170
154
154
1971
1971
156
1673
1673
144
155
155
158
151
151
903
903
154
154
154
157
144
158
145
145
154
822
822
157
153
152
1350
1350
1403
855
855
146
155
150
150
152
156
156
156
872
872
148
0
551
551
2174
2174
155
155
145
145
156
153
4095
158
155
154
157
157
157
157
156
156
2120
2120
155
155
1306
752
148
148
148
148
2226
2226
2223
154
156
742
742
144
1318
1790
155
155
144
144
157
157
158
158
150
1125
154
154
152
1369
1369
156
158
157
157
151
151
154
1048
1048
1455
821
158
4095
4095
4095
4095
158
158
158
152
1228
1228
152
152
155
155
144
144
154
152
154
157
157
144
582
153
988
152
152
153
2156
2156
150
150
157
157
1363
158
158
157
157
155
148
148
2248
2248
146
766
156
156
158
158
1161
1161
885
4095
152
905
905
143
147
1547
1547
153
901
154
154
2272
2272
152
157
143
143
144
153
584
584
154
154
152
157
2194
150
1109
154
154
155
155
156
1903
912
912
1711
154
154
2271
2271
154
152
1139
1139
155
153
954
154
154
2269
2269
146
146
158
801
838
157
876
147
148
148
158
158
148
1841
746
158
149
150
150
1224
866
866
145
143
157
154
154
154
1512
1512
151
151
154
154
2082
1781
1558
2326
152
152
621
0
1163
146
146
789
155
155
840
153
1352
1040
1040
143
2263
154
153
153
154
2320
2320
622
622
1084
157
912
154
154
154
154
1885
3225
3225
156
156
153
153
151
157
153
152
152
155
155
145
1149
1149
158
158
143
143
158
158
2734
2734
154
154
153
154
154
917
917
944
2107
2107
1154
143
143
155
145
1120
966
966
157
150
1403
157
931
931
1262
1262
828
817
817
151
151
153
153
152
153
156
152
152
153
153
158
143
143
158
158
146
805
805
2038
1122
1122
150
149
156
156
154
154
151
1622
154
152
153
153
153
156
148
157
1024
1024
143
156
158
1520
574
1294
1294
155
155
154
154
144
155
156
156
1082
146
687
155
155
155
155
152
152
157
157
153
153
157
148
557
158
145
145
594
139
691
155
155
764
2257
564
564
1132
1132
882
882
153
153
1551
1551
157
158
1033
4095
151
565
565
1024
1341
1341
154
146
698
152
147
154
580
147
145
145
158
154
154
2811
2811
144
144
153
0
3153
3153
155
154
1177
1177
156
156
150
156
4095
4095
154
154
156
156
148
154
154
155
931
931
155
155
157
157
4095
4095
2232
157
157
154
154
704
704
1431
1431
911
153
772
153
156
156
146
146
1170
1170
152
152
145
148
148
1119
1535
1535
562
562
155
148
148
157
152
2929
157
151
151
155
155
158
153
1395
1395
147
147
2246
2246
146
605
154
154
154
143
143
2260
2260
152
158
152
152
942
1526
1526
153
153
158
158
152
152
576
576
1373
147
154
4095
782
782
955
155
605
605
830
156
156
153
1215
1215
2088
2088
1955
157
157
157
157
157
157
158
158
144
144
153
152
152
144
144
147
147
145
145
154
154
157
157
149
682
155
155
153
158
3407
3407
155
145
145
2259
154
154
2621
158
158
153
153
156
150
154
4095
4095
689
1411
1411
711
683
150
1442
1033
154
154
157
154
152
3184
3184
1031
1356
154
147
961
961
737
737
3101
3101
146
154
154
153
153
149
149
1258
1258
156
156
154
648
648
155
155
984
984
634
634
158
158
153
2116
151
1848
155
155
157
157
154
150
143
157
157
147
147
154
154
156
156
154
154
147
619
619
154
154
401
401
4095
4095
152
152
488
488
155
155
158
156
156
155
155
154
153
157
157
731
154
151
151
153
148
148
153
153
158
158
153
146
146
153
144
153
153
1055
1055
157
157
154
154
147
833
833
147
152
152
158
4095
4095
247
247
151
990
990
1686
1686
150
635
635
1001
157
157
144
4095
155
153
672
154
144
156
156
1134
154
151
151
153
155
157
759
152
152
155
155
775
150
1054
1054
156
156
144
153
153
154
157
157
467
467
158
158
153
153
154
2089
153
1200
1200
744
157
157
153
153
156
150
150
143
4095
156
156
154
2371
3396
3396
654
155
155
727
1538
670
670
1020
154
154
1082
144
144
4095
154
156
156
153
153
156
151
2035
153
730
730
153
4095
4095
4095
144
144
1038
155
146
146
153
154
1564
1564
153
153
682
152
152
2262
156
156
147
147
153
143
143
154
144
943
2148
2148
157
154
154
2005
2005
154
154
2041
2041
1420
1420
153
157
157
148
148
774
148
148
158
158
145
153
153
154
4095
153
153
1481
1481
600
600
1417
1417
4095
4095
4095
4095
146
146
973
155
155
1221
589
589
1902
158
158
155
259
259
1134
155
908
153
157
2232
143
2429
151
1122
860
860
1420
154
2121
1643
155
155
157
157
157
147
157
157
155
1900
1900
869
869
143
143
158
158
884
884
694
694
451
451
154
155
633
633
157
157
158
2231
156
156
152
566
148
1217
983
983
158
158
154
154
154
149
1122
151
151
1720
1720
154
157
158
154
154
152
153
152
152
369
149
153
153
158
158
143
956
853
154
154
3482
149
149
972
1017
1017
689
1025
153
527
527
1281
1281
153
153
153
154
154
156
156
151
151
642
157
1997
143
143
154
0
1384
1384
154
154
150
588
770
770
157
157
637
884
1714
943
943
153
153
151
158
143
143
153
153
4095
151
146
1281
1281
153
793
793
155
145
145
158
158
1906
1906
156
156
150
156
156
157
153
153
155
149
149
158
152
152
2064
1123
1123
146
158
3613
3613
153
158
158
155
156
154
156
156
993
775
775
1399
154
154
4095
4095
153
145
2880
152
157
145
1750
1750
1065
152
153
153
153
149
157
157
154
154
150
156
143
143
153
151
153
157
157
158
158
155
146
146
149
158
1152
1152
144
144
144
144
731
153
1702
150
150
925
1550
1550
154
154
154
1572
1572
154
154
152
152
811
811
1053
1441
153
154
157
153
149
149
600
600
1488
154
154
149
154
154
700
151
157
149
149
1366
1366
154
143
155
155
154
153
153
157
157
2180
157
796
796
145
153
2362
152
1188
1188
155
655
143
143
146
146
156
153
158
2485
818
1051
1595
153
153
152
152
153
153
153
1267
154
4095
153
1263
2322
155
158
158
571
158
158
684
148
821
821
156
149
149
1155
158
4095
143
143
158
157
1028
154
154
154
878
771
2394
156
147
153
153
1419
1419
152
152
157
144
144
144
144
154
154
154
155
155
153
153
1073
478
803
803
148
1112
155
155
154
154
555
0
158
155
155
154
154
800
154
150
150
1125
1125
156
153
3634
150
150
152
152
149
149
2263
154
1971
153
573
573
635
158
0
154
2160
143
143
145
154
154
524
524
153
153
1021
153
153
153
154
157
157
153
158
158
157
1240
155
151
151
705
705
152
152
1140
153
154
154
4095
143
731
4095
630
2949
1097
152
152
147
156
143
143
152
154
154
157
157
152
152
152
4095
153
4095
145
145
2333
2333
890
995
995
144
144
1000
1491
1491
155
155
153
153
150
150
148
148
155
765
765
157
149
149
157
157
156
156
147
155
155
935
935
153
153
153
153
154
148
149
654
654
1626
1626
976
976
154
1807
143
143
154
143
143
145
154
155
148
149
154
152
152
153
143
143
1869
151
623
1710
567
1561
153
158
158
709
156
2668
2668
150
154
789
154
154
1518
147
158
2254
152
152
144
155
2193
2193
1261
757
2618
156
2555
2555
693
693
144
144
973
157
157
811
811
150
150
1147
1147
1407
1049
1247
154
154
146
2172
2172
153
155
155
957
152
152
773
144
144
153
153
1647
646
646
152
152
767
767
148
148
139
139
157
928
624
154
2029
2029
1525
153
1159
1159
158
158
146
146
1323
1907
1907
145
145
158
154
154
157
903
148
1678
152
152
157
154
154
150
146
146
157
157
156
156
154
1106
144
143
143
837
1541
1541
678
678
143
143
152
157
157
153
153
154
154
145
145
1231
1231
1140
537
537
2116
143
143
1263
1263
150
152
780
151
154
151
151
158
147
153
153
143
143
1535
1535
158
158
1702
1702
157
157
153
158
158
150
156
156
1012
1012
695
148
148
153
988
988
155
149
153
158
802
2421
155
155
146
146
2038
2038
150
145
145
702
702
146
157
157
4095
4095
155
155
680
2192
2192
154
1440
1440
158
154
924
924
153
143
1654
146
146
151
151
144
156
225
156
154
155
155
157
971
153
153
156
156
746
2029
684
156
156
156
152
2314
154
158
158
156
152
153
649
1654
2048
152
959
629
2145
2145
154
1241
1307
1307
651
883
145
153
153
808
158
143
145
157
157
777
654
154
156
157
157
1051
1051
2643
4095
4095
1065
1065
140
1477
2278
154
156
152
152
156
2107
154
922
922
144
144
853
152
155
154
154
154
154
154
154
154
828
1119
1119
1081
153
1757
1757
151
151
1019
1203
157
2220
1370
153
157
157
158
155
155
158
156
156
154
1002
1002
145
145
733
144
144
153
151
1583
153
157
148
148
153
153
1520
1520
153
153
153
154
151
151
816
144
149
154
145
145
156
837
837
144
1209
922
891
891
154
1397
1397
156
156
150
157
153
153
4095
157
157
155
155
149
145
145
153
152
145
153
153
154
154
152
155
146
152
152
157
156
145
145
738
738
153
153
152
1475
1478
1478
154
157
155
154
154
605
143
156
156
1892
1892
866
1942
158
150
150
760
760
1118
1118
156
609
154
4095
4095
156
156
154
154
158
158
157
157
2193
2193
152
144
156
156
148
157
157
156
1176
1176
154
154
154
154
157
1006
500
500
156
156
157
1166
1166
153
153
144
144
156
153
153
4095
4095
2029
929
157
152
153
153
155
143
143
156
916
916
4095
4095
158
1503
1503
1773
1773
1541
1541
1809
757
153
153
153
153
157
143
143
155
145
145
1436
157
157
153
153
1539
156
146
146
640
640
144
155
155
143
143
155
155
151
151
154
154
143
143
150
152
152
154
154
2354
1146
1146
149
1962
145
156
153
2556
2556
158
158
154
157
157
154
154
153
143
158
158
145
153
153
143
147
152
149
894
894
151
151
154
824
824
156
156
157
147
147
157
1430
153
153
1073
1073
149
149
4095
4095
964
789
789
1403
1403
623
144
144
144
153
153
144
153
153
2161
144
144
2594
155
2805
156
156
157
154
154
1378
1378
146
146
1147
154
234
157
153
154
154
155
153
153
147
147
1952
881
881
1300
1300
158
153
153
1041
153
153
144
0
1127
1127
905
2257
147
147
911
911
2165
2165
154
155
151
151
1711
1982
1982
1633
154
153
153
148
155
155
155
911
911
1101
154
154
156
156
157
153
153
143
154
150
150
147
156
146
154
482
482
940
154
154
2341
145
148
1445
153
153
158
158
143
143
146
153
1082
157
2293
2293
2145
2145
149
1140
1140
3230
3230
154
154
1341
1254
156
1160
1434
158
148
889
889
2126
147
147
154
154
1523
157
836
144
144
157
153
144
144
157
155
144
144
156
156
156
155
4095
153
153
153
158
158
143
143
825
156
156
153
155
155
144
157
157
149
721
721
2890
154
154
157
157
1884
1884
147
157
157
153
841
154
156
156
1581
1581
1070
1070
2122
2122
144
153
153
937
1884
157
157
154
154
156
4095
4095
154
154
1529
1172
1172
153
1061
1061
1075
154
154
155
155
154
154
147
147
1765
1765
1001
1331
1331
155
153
153
156
156
936
936
152
153
2769
657
143
737
737
3523
3523
155
152
2215
154
4095
4095
151
151
150
152
154
4095
4095
600
149
149
157
145
757
154
4095
154
1254
1254
1266
156
156
1924
1924
4095
2296
2296
1120
1120
723
1547
1547
157
157
157
146
2528
2528
154
154
155
155
1880
1880
2456
2456
1073
143
143
145
157
157
155
155
1354
156
153
153
153
153
157
747
747
143
143
1800
1098
736
153
154
154
152
1563
639
639
829
0
154
157
149
149
647
647
153
153
1718
1718
760
148
153
153
948
721
721
145
145
155
151
153
153
1289
154
154
144
144
1637
1637
2250
153
153
153
867
565
4095
155
155
153
849
1134
1134
143
143
144
144
152
783
783
153
153
143
1523
157
153
156
156
150
150
686
2156
158
4095
155
155
484
484
157
139
139
154
145
147
367
367
155
1562
643
643
152
153
149
149
1933
1232
155
155
153
1590
1590
714
714
715
820
820
143
158
157
157
1040
157
157
143
2860
2860
157
157
158
152
152
157
984
154
154
157
147
147
144
144
1171
1171
149
152
154
4095
144
785
151
151
157
157
154
153
153
713
713
702
158
153
143
155
155
153
153
2815
2815
729
616
616
157
157
148
148
1189
1189
158
154
154
150
150
148
964
964
2106
2106
845
157
156
153
2292
2292
148
1854
150
1001
1001
152
152
156
156
156
2315
2315
153
144
144
157
155
150
801
801
614
154
154
154
798
798
155
1950
1950
618
618
1091
154
154
151
151
144
1063
1980
1980
154
154
915
918
153
153
633
141
141
146
153
620
620
148
659
155
155
936
587
587
151
151
158
154
154
908
147
147
153
154
637
891
621
154
157
157
832
143
157
157
148
148
155
149
613
145
153
816
816
156
149
2178
1410
1410
143
153
153
154
157
158
143
143
154
959
959
876
156
149
1671
1671
156
152
152
578
153
1520
156
1438
1438
156
156
153
155
156
153
153
759
759
2228
2228
154
155
155
557
1618
1618
3145
3145
158
151
1362
1118
153
0
153
153
158
152
152
909
909
726
147
154
2204
2204
1154
1154
1392
158
815
706
1113
1113
152
152
2247
2247
153
144
152
508
2428
2428
158
2732
2732
157
158
158
149
154
154
1042
1042
826
1622
158
158
148
155
154
154
155
2225
837
837
158
158
146
563
563
1167
146
146
153
153
1013
1013
150
150
154
154
154
975
975
1576
152
152
158
158
153
156
156
663
663
155
152
155
155
153
153
658
658
154
154
149
155
155
144
144
153
153
151
151
149
146
146
157
157
1115
144
144
1647
1647
1790
1790
154
154
158
154
154
158
158
1172
1172
152
157
157
890
154
143
147
147
1647
1647
1703
1703
939
144
144
156
156
2430
157
145
148
763
153
153
2202
150
150
155
155
154
154
154
154
152
152
154
154
153
149
153
153
1921
145
154
154
154
154
154
153
153
154
150
152
800
800
143
143
156
154
154
2215
2215
148
1880
1880
153
143
143
155
147
147
4095
4095
1154
153
153
154
2237
1097
1097
155
1226
1226
158
158
154
154
146
146
606
144
144
153
152
153
153
143
143
149
148
148
143
143
153
153
603
603
153
157
157
153
153
151
628
929
929
158
923
923
1041
154
158
158
158
158
1085
487
487
154
154
157
157
2130
154
154
157
154
1234
1354
157
157
144
144
146
158
158
153
153
2012
2012
721
721
569
600
157
149
149
151
1165
1165
1209
151
153
153
157
143
154
154
925
925
1523
1523
157
157
154
153
151
155
626
152
152
157
157
158
158
221
221
153
143
143
781
781
988
155
461
158
158
154
154
143
163
163
154
605
157
157
1001
1001
156
156
152
692
2541
156
157
1470
156
157
157
158
1101
1101
155
153
153
155
155
144
151
157
157
1759
156
156
1704
155
155
420
420
156
1253
1253
1152
153
156
156
153
2230
156
156
1448
146
150
150
1166
1166
144
157
157
150
761
747
747
146
146
146
153
715
715
147
516
1522
1522
152
152
155
145
145
158
158
153
153
158
154
154
154
1566
150
1486
1288
1288
157
146
146
143
1232
1232
1007
1007
1047
854
147
1111
988
988
153
148
148
155
155
3545
153
153
153
4095
606
154
981
981
2254
2254
711
711
1847
143
143
154
154
708
708
4095
4095
153
148
148
152
152
590
590
443
149
149
979
979
2161
2161
157
157
154
143
143
2268
2268
147
147
152
154
154
154
154
153
1156
153
153
157
157
157
157
1546
915
915
144
143
143
1008
2353
2353
153
148
157
147
147
3631
3631
153
153
809
809
154
144
144
157
148
521
521
987
2199
4095
4095
579
158
158
155
153
153
143
143
158
149
149
153
153
1744
1053
144
1154
147
147
521
150
154
154
154
154
145
591
591
154
154
1485
3023
1154
1154
1344
146
157
152
152
4014
1176
1176
2263
2263
795
795
3437
153
794
154
154
155
158
158
1166
150
150
153
152
152
1281
1281
1711
149
153
153
154
0
1708
1708
155
155
158
1436
154
154
153
1040
1001
751
751
151
151
2239
2239
155
1824
1800
1800
144
154
154
151
152
150
146
4095
1252
0
3430
3430
153
153
158
158
147
153
656
153
152
1791
152
952
952
154
154
158
1888
804
153
153
839
144
144
154
1690
1690
2222
1309
143
143
157
157
154
154
2204
1306
1306
758
153
153
157
143
143
154
154
4095
4095
4095
752
752
144
1676
156
153
153
155
1538
156
1812
1812
156
156
158
1076
1076
596
596
699
1538
1538
158
158
155
149
149
794
153
2246
157
157
146
146
143
143
1574
1574
152
153
4095
153
153
153
903
903
151
151
1013
150
155
2197
2197
151
151
2240
1896
1896
143
151
152
151
151
149
1543
541
153
148
148
157
157
2235
2235
149
149
1452
203
158
152
152
895
895
149
149
588
588
145
145
157
601
158
158
992
992
157
156
153
1298
147
935
935
147
2266
2266
152
152
156
2802
152
152
1394
155
155
150
666
157
146
146
153
153
153
619
155
155
153
153
155
155
147
155
155
1353
153
153
152
153
153
158
158
154
154
621
2197
2197
153
153
149
149
156
156
156
153
857
144
618
715
715
154
1236
148
153
158
158
861
861
158
145
144
144
143
143
1208
2016
149
1190
2385
149
149
154
154
928
928
542
716
158
158
153
3615
3615
2174
144
154
154
900
152
144
157
144
144
909
909
1064
1064
153
153
147
147
994
153
153
2260
154
154
147
1203
1203
153
153
158
158
1014
985
985
4095
152
152
150
1057
1057
150
158
1578
1578
158
146
146
146
650
650
154
154
154
154
921
921
555
555
2960
145
778
778
544
544
158
732
732
1112
1112
156
156
143
154
153
1224
144
155
155
158
158
157
1083
1083
158
158
1158
1158
154
154
151
901
154
152
155
1433
1433
1359
530
530
613
153
155
155
156
143
143
153
154
154
157
157
146
154
154
893
893
143
637
153
153
653
653
156
621
621
154
154
157
149
149
157
157
3714
659
659
566
566
4095
4095
155
155
539
2138
2138
148
157
1004
1004
158
158
644
153
585
585
148
145
145
143
158
955
955
157
157
155
155
144
152
853
143
1076
3609
1486
1486
1602
154
144
144
1618
1560
145
145
152
154
154
1372
1372
745
745
864
146
146
686
157
143
143
686
1282
154
154
886
886
153
3640
153
153
158
147
147
631
154
154
153
153
1336
4095
4095
151
1947
1399
1198
153
153
157
157
153
770
770
157
157
681
681
153
153
1128
1128
157
157
153
153
153
153
702
158
158
1226
1226
158
856
154
155
155
143
147
147
153
144
144
150
150
153
633
633
497
155
155
155
1794
1794
153
153
710
676
1462
146
158
158
149
1227
157
144
149
149
774
1099
153
154
786
786
149
149
2142
149
149
157
157
147
157
157
149
4095
4095
1423
149
153
761
761
157
157
155
810
1151
1151
144
158
158
957
957
144
1437
154
154
153
154
154
2259
860
154
154
155
155
157
157
146
146
153
153
139
139
153
146
153
153
144
144
2297
2297
740
153
153
4095
520
520
154
154
911
911
153
1919
146
1738
156
1749
154
154
154
147
147
144
0
147
147
158
158
158
158
155
155
149
149
152
152
143
143
1305
1715
158
158
3150
154
154
1331
1331
929
801
2036
2036
153
153
157
157
1797
1797
154
154
154
154
152
157
157
153
153
154
153
636
153
153
153
153
689
689
153
146
1359
3546
2525
673
673
144
155
1579
1579
153
151
151
703
153
157
151
153
158
152
855
155
155
157
153
902
902
935
935
153
153
818
818
483
483
727
2026
2026
154
149
154
766
154
154
471
471
148
148
1519
1519
151
151
151
151
146
146
144
151
157
157
1126
150
150
1473
1473
144
144
1930
143
143
1129
1129
154
148
153
153
4095
4095
1856
1856
145
753
2151
2151
147
147
152
152
157
1615
152
4095
890
154
154
1722
1722
153
153
148
1806
1806
154
150
150
1034
1034
1161
1311
1311
153
153
155
2280
2280
476
154
154
140
140
645
645
156
156
1012
146
4095
843
843
1317
1317
155
155
149
786
786
809
809
153
142
1757
154
1568
1568
154
157
1351
1351
154
153
153
157
157
1897
1897
153
148
1053
147
147
148
145
157
151
151
153
153
157
1329
1329
144
157
156
156
1291
156
1633
4095
4095
154
144
144
153
2011
2011
694
3392
3392
153
4095
152
1204
152
154
147
147
153
148
148
158
158
152
153
153
154
157
154
1535
1535
780
900
1837
1837
144
144
147
147
144
155
1328
144
1084
153
148
148
149
149
722
153
153
954
1632
1632
144
153
153
152
152
150
157
157
154
149
149
1478
153
153
156
156
810
146
149
149
1829
144
952
952
471
145
143
143
157
151
151
747
729
729
2253
1679
897
143
3145
3145
153
1151
151
151
147
147
153
153
142
142
157
907
907
154
154
935
935
152
158
157
1732
1732
146
146
152
152
1779
574
574
149
149
153
1455
1455
1124
1320
157
157
2785
2785
944
944
898
143
688
810
145
154
154
147
147
1288
1288
1112
815
815
150
1185
1185
652
157
1686
1686
558
154
154
1525
158
158
147
147
3394
3394
141
582
158
158
156
156
878
878
157
153
153
717
154
1212
152
152
762
762
153
153
919
919
144
144
154
158
1467
152
152
154
157
152
152
1190
1190
157
153
153
656
656
1337
1337
157
157
158
154
155
147
147
1399
153
1843
1843
1429
1429
594
155
572
572
1099
1099
1822
153
153
153
157
1177
150
150
153
158
0
157
154
145
922
154
526
526
153
145
1494
1494
154
154
158
158
150
2013
680
156
4095
154
149
705
705
715
2768
2768
155
152
152
350
350
556
155
155
1781
1781
155
155
155
2172
2172
154
154
532
153
156
152
152
1165
148
148
148
148
888
888
2326
2326
1021
152
152
147
154
1512
146
146
1313
1313
151
1074
790
790
153
153
153
153
144
154
153
152
152
644
158
145
920
155
155
884
926
926
737
737
2968
153
3806
146
153
151
149
783
783
1343
1343
157
152
821
4095
4095
158
158
1091
153
153
152
152
152
1877
157
157
157
144
144
1036
1646
145
155
155
149
154
154
157
149
149
2382
2382
157
153
1644
154
155
709
709
158
153
153
143
157
157
150
157
157
151
151
939
147
156
156
868
868
155
155
149
153
4095
154
156
2002
146
146
158
158
143
143
157
146
146
158
751
751
2059
2059
155
155
149
156
156
145
145
153
153
150
154
154
631
1034
148
148
777
777
144
152
144
144
145
153
153
144
3600
2161
2161
153
153
1878
148
158
158
157
157
158
157
157
143
154
154
1062
407
0
914
914
154
928
2705
2705
157
157
158
158
151
151
153
156
156
158
158
151
151
4095
148
148
4095
654
654
174
174
1010
144
153
154
154
154
1508
151
151
149
149
924
155
155
1568
144
153
3547
143
143
1967
1967
888
888
154
154
144
154
154
2283
2283
779
779
618
150
150
150
150
1428
1428
1479
1103
1103
625
153
153
147
147
153
154
154
154
153
1110
1110
1170
1170
157
158
149
144
144
154
153
153
1749
1749
156
2156
2156
151
151
147
147
157
153
669
669
157
153
1195
150
146
146
153
153
144
1956
731
153
153
1880
146
154
146
154
156
155
155
1060
1060
4095
4095
153
1356
1356
154
4095
147
2605
157
149
146
797
797
151
151
153
2272
0
959
959
580
812
157
158
153
153
155
554
153
153
153
410
152
152
1108
1108
2260
2260
153
153
150
157
152
152
1009
1009
157
157
150
149
149
663
153
158
744
154
1816
1816
153
153
1102
1102
608
608
157
144
158
466
466
861
861
157
157
896
1293
158
158
156
156
154
154
4095
4095
2275
157
154
154
460
155
155
144
144
1488
149
146
699
699
153
153
154
151
151
157
157
154
155
1168
1168
154
154
146
146
589
1135
712
712
999
148
148
1307
1307
648
648
1599
1063
1063
148
148
154
154
156
156
513
153
153
155
155
148
148
1290
1290
156
156
144
145
145
865
147
147
594
4095
153
153
153
148
141
141
157
157
155
154
1677
154
154
152
143
158
153
153
153
153
143
148
148
147
147
1848
1068
1068
145
144
841
841
1274
2214
2214
156
151
153
153
158
158
157
157
2013
2013
4095
149
158
156
156
1515
771
771
156
156
152
157
157
1910
1910
155
158
606
149
1115
143
158
158
547
547
147
1048
143
1535
156
153
153
153
153
1806
153
153
145
146
146
158
154
4095
154
153
1301
1301
147
158
156
156
144
144
157
157
154
144
144
144
144
4095
4095
4095
4095
1016
1016
614
158
158
154
154
155
151
151
152
152
144
153
2250
0
143
154
144
144
152
152
157
153
153
157
157
155
155
158
158
143
158
158
153
153
153
144
617
426
426
145
145
154
154
155
146
143
143
656
656
3664
599
599
153
153
155
155
1962
2789
2789
1388
354
354
153
152
152
144
150
1254
1676
607
151
154
2192
2192
1569
150
150
157
639
639
1406
1406
988
988
153
153
737
157
157
154
154
154
150
152
152
155
155
686
154
156
765
153
446
1119
1072
470
470
157
157
157
158
2573
2573
155
155
759
759
4095
4095
451
155
155
153
154
154
612
1063
941
151
151
810
749
749
157
153
153
144
157
157
148
156
156
155
155
153
2477
2477
921
921
144
144
1046
1722
1722
155
155
144
1296
155
155
145
151
151
155
155
157
157
540
540
150
3585
144
158
158
1038
190
810
1312
1312
155
152
147
1478
152
1715
1715
1111
1111
996
996
143
143
152
152
154
154
143
143
1351
1351
150
150
150
2222
154
2542
2542
1053
157
157
1289
155
147
155
155
156
157
1057
1057
147
147
147
147
4095
2275
156
156
156
150
154
153
153
1018
856
154
154
148
148
151
640
152
152
4095
4095
2163
936
146
146
145
155
155
155
152
152
150
150
144
144
157
157
158
158
153
153
155
155
151
897
149
144
144
157
157
635
635
154
144
144
155
788
788
157
157
1046
157
157
157
153
153
153
153
1107
1107
622
143
149
152
857
857
658
658
1848
1848
158
157
4095
146
1113
153
153
156
156
153
155
155
154
154
1257
144
555
146
748
748
156
151
151
156
2289
2289
1059
1059
157
1014
1014
2334
144
144
944
730
1728
2274
2274
1545
1545
157
2811
157
748
748
558
558
143
143
668
668
157
1290
1290
153
4095
4095
156
1374
541
541
154
595
595
147
147
148
148
701
701
157
157
151
670
1541
1541
154
154
825
154
157
157
149
149
152
147
147
150
157
157
145
145
157
152
152
151
151
153
153
1761
1761
154
147
149
154
158
430
154
154
2257
2257
143
153
146
153
153
153
1424
795
795
154
154
1447
1447
151
151
153
153
144
158
158
153
848
3035
3035
158
154
154
1011
153
146
146
153
153
143
143
876
154
153
156
0
158
0
156
156
152
153
153
1890
1890
153
153
190
157
157
1078
1078
148
4095
4095
153
153
155
155
145
155
1427
1427
153
153
145
142
142
997
997
743
743
154
154
154
154
146
158
158
154
154
1017
1017
146
146
143
143
1676
153
1418
1418
1181
143
154
154
154
154
143
143
876
876
144
144
144
934
934
154
158
158
152
152
157
157
147
1247
155
155
149
154
154
4095
4095
702
152
145
787
787
149
149
144
144
144
144
145
144
144
1783
157
143
153
1784
1784
154
143
143
154
143
143
146
146
154
486
148
148
153
153
535
157
148
154
157
145
152
152
153
150
153
1181
1181
613
1258
814
157
157
145
576
143
1716
598
598
4095
4095
150
4095
4095
1160
153
153
153
153
643
157
145
145
156
156
1473
888
888
158
149
149
157
157
154
154
145
680
680
1354
1354
1476
156
1276
4095
4095
779
779
144
158
158
158
1455
1455
731
731
157
157
1468
149
149
591
591
154
154
155
835
153
153
1497
1497
901
901
1592
496
1172
154
154
153
158
153
153
157
149
1174
1174
1200
1200
147
147
646
657
698
157
1021
1021
157
157
153
153
154
149
154
156
156
152
1495
1495
154
1375
151
153
812
812
1186
1093
2070
3361
3361
671
671
146
146
151
151
148
2666
2666
695
695
703
1387
806
143
143
154
150
144
144
755
1481
1481
156
156
153
154
144
144
155
155
155
156
156
154
154
157
157
152
157
154
1496
154
840
800
156
156
145
155
153
153
1015
779
143
143
145
146
154
154
154
813
813
690
156
157
157
2756
0
157
146
1043
148
155
157
491
2170
2170
154
154
155
155
151
153
143
152
152
856
152
1654
1654
158
153
155
785
702
702
2149
158
1100
152
152
143
144
691
4095
2262
2262
154
144
144
643
1001
1454
1454
145
720
153
153
1137
649
0
155
155
149
149
154
1190
1190
144
155
1315
1094
1094
725
154
154
153
153
887
887
143
153
149
144
1695
1695
155
156
156
1867
1867
143
1193
849
849
154
154
154
154
155
715
147
147
778
778
153
1087
1087
1096
1724
1724
152
152
153
145
145
949
155
154
154
156
156
154
4095
153
1799
3714
154
153
153
149
149
157
157
708
1179
155
152
152
158
1449
146
901
901
153
153
156
156
743
153
153
597
597
1884
150
150
153
153
958
158
153
152
152
143
152
156
152
152
146
157
157
870
870
152
152
755
147
147
1624
1624
967
158
158
1160
1477
1477
144
144
157
144
144
152
4095
143
143
153
153
4095
2255
153
1942
1942
147
147
807
154
1139
154
153
153
147
147
157
151
151
146
148
156
1044
1044
139
139
152
912
912
1065
154
154
685
685
798
798
155
155
144
144
917
152
581
153
950
813
147
152
152
458
458
436
436
154
154
1512
1512
1359
1359
156
156
4095
157
145
145
739
739
1245
1176
1176
146
146
153
153
149
144
144
157
868
153
157
150
1507
1146
1146
157
146
157
2290
154
155
155
1687
158
157
143
153
2063
630
154
149
144
152
1201
145
154
583
583
152
152
2359
2359
157
2112
147
1457
795
795
156
149
153
153
154
154
155
155
532
692
152
152
1060
1060
3289
3289
1097
1097
1583
157
157
156
156
156
153
698
698
766
153
153
154
154
157
157
1328
153
153
154
143
143
153
153
157
157
157
153
1788
1788
963
146
146
3739
3739
663
663
152
151
151
154
154
153
148
4095
4095
151
151
4095
4095
155
685
621
149
148
1625
1625
823
157
157
1050
1050
156
156
147
147
154
153
153
145
153
1176
4095
4095
1772
155
158
158
151
151
2324
157
157
156
156
1478
1478
153
614
614
143
154
154
154
158
158
1098
4095
4095
158
158
1258
714
1263
548
157
157
145
145
158
158
149
1215
1215
2262
2262
1078
1078
2215
156
156
155
148
154
157
4095
4095
1707
1707
145
158
158
154
617
145
144
144
143
143
153
153
151
151
149
1323
154
154
155
155
155
455
144
144
155
151
150
1207
1207
156
156
154
154
2447
2447
154
154
147
147
2197
2197
145
1603
153
154
851
851
155
155
1068
1068
535
592
592
151
151
155
619
149
158
158
599
1016
789
789
154
154
799
799
153
153
153
153
4095
710
710
590
590
149
1384
1384
789
152
152
154
154
154
144
154
156
834
158
158
2410
144
922
157
155
155
147
147
149
149
143
154
891
153
1218
1218
156
156
154
154
2339
2339
154
154
157
157
530
572
572
153
1264
153
153
4095
4095
148
148
550
550
153
153
188
154
154
737
152
152
2902
2902
154
143
157
157
152
152
143
1642
151
151
143
894
158
158
4095
4095
148
154
147
144
156
156
1889
1889
144
153
153
151
151
154
140
140
156
156
1555
153
153
1576
152
153
153
144
153
157
157
1235
1235
154
154
1869
1869
532
799
143
143
4095
4095
571
1054
1316
1316
1530
1530
1772
1772
157
152
152
143
657
657
153
151
151
153
155
155
158
2179
2129
158
154
153
153
155
154
154
154
154
902
902
1200
1200
1096
1096
1073
1073
157
157
1139
1139
705
705
153
150
150
149
149
1470
1470
145
145
153
153
1098
1098
154
154
754
2227
4095
4095
1806
1806
155
133
153
153
584
584
149
149
145
149
158
158
805
147
817
157
157
154
145
145
155
158
158
155
703
703
154
153
153
155
634
706
706
151
157
144
144
152
152
835
835
622
622
144
1723
156
701
701
882
882
723
723
148
148
3174
2125
157
1047
157
611
611
874
158
158
940
940
1003
1003
143
157
144
144
157
157
154
154
834
834
673
673
3289
3289
154
154
156
1040
154
154
154
154
1742
1742
155
155
892
145
4095
4095
154
152
152
156
143
157
157
145
1177
1177
1384
1384
151
1966
148
157
152
153
153
144
153
157
157
154
153
591
153
153
723
723
153
153
151
145
4095
4095
148
148
703
153
971
971
155
155
149
155
149
763
157
1332
153
157
157
158
157
155
150
150
1438
1438
157
157
626
155
148
1723
1723
146
158
158
907
153
153
154
154
147
150
150
148
2517
2517
157
157
157
1143
0
154
1571
1571
1618
1618
157
157
1224
955
955
151
151
156
156
153
1057
793
156
156
158
158
143
1004
1004
153
153
146
782
146
146
849
2885
2885
1094
157
1677
145
1393
146
158
158
157
154
154
157
157
157
158
158
1359
1359
155
143
143
153
1112
1112
157
157
152
152
1868
1868
145
767
767
794
156
3792
3792
746
746
924
924
150
157
157
1014
157
2438
2438
154
152
152
154
153
156
144
156
144
152
152
154
154
139
993
993
2220
152
152
1853
145
158
158
2152
155
156
152
998
998
866
907
153
153
154
146
149
157
157
940
145
145
154
154
154
144
151
153
149
144
157
157
145
158
144
153
157
157
153
1011
153
146
146
1441
4095
4095
156
149
143
143
157
157
153
158
158
152
153
158
153
153
155
155
157
158
158
1832
2190
2190
153
153
157
157
154
154
153
151
151
877
877
151
151
157
150
3542
3542
1621
1621
966
966
763
763
1346
1346
878
158
158
1535
1622
150
150
2391
143
152
157
157
151
151
799
153
153
156
156
158
158
157
157
152
153
153
1640
156
156
156
150
831
831
153
2216
2216
147
2065
145
145
157
836
1134
1134
153
153
143
143
147
4095
4095
936
936
2189
154
1372
1372
1630
1630
148
1431
157
157
154
154
155
155
674
149
147
147
157
622
157
1269
1269
2647
2647
832
152
152
155
155
4095
4095
150
158
158
701
701
157
155
155
2199
155
155
570
156
151
151
576
576
924
698
1658
2497
976
147
1180
1180
4095
4095
154
158
158
2193
2193
154
157
157
157
157
154
1352
153
153
153
144
144
1861
1861
1014
1014
153
143
143
4095
614
152
152
1160
150
150
154
154
537
838
1686
891
891
1147
1147
158
4095
4095
153
151
151
957
144
153
4095
4095
145
2448
2448
147
147
147
147
152
149
149
4095
4095
147
147
150
154
154
153
155
155
943
2217
630
151
151
144
145
145
2020
1159
150
150
157
143
3644
2506
2506
480
480
156
1254
148
157
157
1580
1563
1563
154
153
153
4095
1876
158
148
1372
1372
143
143
145
145
154
154
815
567
945
878
878
149
149
151
1651
1651
147
147
842
842
145
151
151
156
156
153
156
156
1772
1772
156
156
1179
1179
153
153
150
152
157
157
1651
1651
1043
148
152
152
153
152
152
698
146
157
157
4095
151
144
157
141
144
1211
1089
1089
1180
1180
143
143
153
156
1024
1024
525
149
157
154
2198
158
157
152
152
1510
1510
149
149
149
155
155
946
946
150
150
155
150
150
157
1526
152
152
145
145
673
673
153
953
153
153
153
1068
2214
2214
144
144
154
1714
153
153
153
155
157
157
155
1102
1102
154
154
2250
153
530
506
153
153
919
154
4095
145
145
150
150
154
154
1009
1009
704
704
153
157
158
158
149
158
1481
1431
343
4095
154
1180
155
155
144
144
157
157
145
158
158
1076
1076
1979
1979
1134
1134
152
152
811
154
1248
150
150
737
737
156
153
155
155
146
180
155
156
149
154
154
154
157
157
155
153
889
154
154
144
144
670
670
154
1476
1476
144
147
152
152
150
150
146
146
853
853
153
4095
668
150
150
1008
1008
153
153
1490
1490
1370
1729
1729
152
157
144
143
1043
148
148
1617
155
155
785
156
930
149
149
146
146
673
673
154
4095
4095
152
152
145
151
1011
143
143
888
146
150
144
146
154
143
151
496
496
503
153
153
152
154
155
156
156
684
153
1713
1713
157
157
1073
1073
143
143
894
894
154
154
1017
1017
1410
1096
1096
2225
2225
1133
1133
144
144
151
151
158
158
1141
641
155
155
568
568
147
147
144
144
155
155
157
157
2009
819
819
1809
143
157
157
147
147
154
154
2529
2529
155
155
149
149
149
154
154
154
154
157
157
154
154
152
153
153
524
1360
1360
143
1195
154
2394
2394
1512
746
158
158
1081
1081
151
146
4095
1400
1400
154
154
145
2285
158
158
151
151
535
157
157
1454
1454
153
153
152
157
157
153
155
155
772
563
563
673
673
155
1205
4095
155
155
157
1641
1641
153
153
150
150
144
155
155
143
157
157
1869
1869
149
149
157
653
653
155
506
148
2035
1185
1828
157
157
1136
1136
153
668
152
152
143
146
146
4095
4095
600
1976
1976
154
1177
1177
4095
4095
2705
2705
1457
0
148
148
1100
154
154
1088
156
547
153
153
1319
1319
156
156
152
152
152
1123
1123
143
143
152
152
1342
157
158
158
154
153
153
155
155
155
4095
729
729
155
155
154
924
924
156
153
153
153
153
157
153
153
1811
1811
146
146
148
148
143
143
1757
143
153
156
156
157
157
153
142
876
876
154
154
154
153
153
1584
144
144
147
152
697
157
157
1639
1639
719
148
1666
153
144
158
158
151
1702
1702
4095
153
693
693
143
157
157
143
143
156
1098
618
153
153
2177
156
156
969
969
148
148
153
153
154
154
1004
764
764
154
146
748
610
610
146
146
863
2178
640
640
770
156
156
147
147
1358
1358
1705
920
152
1407
143
143
1126
153
144
144
767
1177
151
2264
1128
1128
158
866
150
741
154
931
156
157
153
157
157
157
145
155
144
798
798
1491
1491
144
157
151
151
3678
148
153
153
155
4095
153
153
153
152
153
149
1287
1287
1017
1017
146
155
151
157
816
816
1498
154
154
158
157
146
771
144
153
154
154
157
157
551
551
153
153
146
146
1618
607
154
147
147
156
146
146
153
157
147
571
571
811
811
154
142
1123
1123
1804
561
660
154
154
153
154
146
146
140
140
157
154
154
143
147
147
152
144
600
154
1312
1299
153
716
716
146
1785
143
153
4095
4095
153
156
1371
1371
158
154
154
703
703
153
144
144
1029
1029
146
987
153
153
154
154
154
154
148
776
776
149
149
612
146
158
158
158
158
152
151
1405
1405
155
155
153
153
679
143
154
154
156
156
156
144
153
153
156
156
157
157
153
153
153
825
825
156
154
918
1370
143
4095
2099
2099
1074
151
151
1438
648
157
157
154
158
155
152
156
156
1130
1130
157
1763
1763
153
153
150
151
151
1073
1073
143
143
1484
1484
2255
2255
1598
1598
148
148
153
154
154
152
154
154
1662
4095
4095
2020
2020
157
1228
1228
153
153
157
1291
1291
154
154
143
143
804
155
155
155
155
944
154
648
648
152
149
149
2295
611
2243
2124
2124
144
144
156
156
157
4095
4095
154
152
143
150
1297
1297
1145
1145
155
155
1572
1615
144
153
153
1154
1018
557
152
152
608
765
1062
150
152
152
146
146
150
150
599
599
144
144
151
143
143
1206
1206
149
149
146
146
147
147
1425
4095
151
155
148
148
152
152
152
152
153
145
145
155
155
1208
1208
157
143
143
729
1877
153
153
155
1318
154
154
2278
156
156
152
152
154
1865
1865
153
153
154
154
156
156
155
155
147
147
152
146
146
147
147
147
156
156
157
153
641
641
146
158
158
1244
1364
153
153
155
4095
4095
157
157
1337
150
150
144
723
723
158
158
145
145
153
157
745
157
157
144
637
637
149
158
158
149
149
158
144
153
839
839
147
1299
1299
154
154
610
610
624
1096
149
149
144
144
755
152
152
157
157
154
154
157
987
1882
157
145
153
157
154
154
557
557
155
155
975
824
157
152
152
143
145
158
155
153
1493
1493
449
848
848
157
142
2305
2305
1538
1538
157
157
157
157
144
144
151
689
158
158
158
158
154
144
1003
1919
739
739
626
139
154
155
155
1798
1798
147
147
157
153
154
154
152
152
636
157
154
151
1505
885
144
144
153
157
157
157
157
157
143
143
157
144
1222
1152
1152
153
153
151
151
156
156
1420
1420
723
144
737
737
2073
149
156
156
156
156
154
154
1011
1011
154
154
4095
1307
158
158
157
153
153
1556
148
845
845
402
402
153
147
147
158
158
149
156
156
1548
1548
2454
153
144
144
155
158
158
143
158
158
158
145
154
154
153
472
472
156
153
156
1182
1182
155
611
153
158
0
152
153
153
152
152
153
157
976
2021
2021
144
157
157
153
153
597
597
148
148
156
156
1046
1046
513
513
143
143
154
151
143
143
618
144
144
156
154
154
157
142
147
151
156
1117
1117
154
154
154
154
144
144
157
157
157
4095
4095
154
147
158
157
149
149
4095
4095
149
149
153
153
154
154
3291
