1291
1335
1348
1368
1342
439
1418
134
907
613
1395
494
1344
1353
1342
933
1301
802
1334
134
1369
155
1435
2252
1355
629
1043
1389
1310
977
855
1296
1348
1356
543
1379
921
1444
1462
1273
769
1321
562
1275
1460
1288
968
201
1240
950
1559
1341
1392
1412
1291
1069
1416
160
134
1349
713
1399
1321
1606
1379
890
878
1327
764
1325
1371
1358
135
752
596
637
1386
1306
1409
1322
160
163
1392
450
1260
734
615
1464
135
673
1345
568
1311
879
1029
1452
749
153
382
1316
151
1308
767
163
1424
1399
679
1449
134
1674
764
1293
505
776
1357
1324
1422
159
1393
1421
1305
1382
1359
1345
565
157
1290
1471
1350
826
1856
1366
134
931
981
1391
1399
1306
1327
1652
590
1310
1088
162
1378
2469
1347
819
1407
1388
2331
561
978
162
1374
791
1622
1090
605
934
1400
856
1238
1355
1307
1400
135
1275
620
2234
768
2017
135
1307
1390
611
1061
369
793
1401
1368
1330
661
1363
754
514
1422
1338
135
1478
850
1427
150
1082
1389
1432
914
153
1414
162
982
154
1252
1336
1217
838
625
683
871
1009
1293
1306
151
1394
1570
1381
1153
1360
1383
1318
1575
1407
134
1365
134
1427
160
518
1428
1292
1319
1479
1105
1360
614
1213
1365
861
1385
570
781
1374
989
1322
956
1349
913
158
1227
1413
857
583
893
338
1350
505
1385
154
159
1360
1341
819
1399
1378
1309
1386
1404
806
1394
634
579
1309
1408
134
1316
1871
1315
540
1330
1375
1488
1375
947
332
158
134
2400
497
1084
515
1496
1496
135
886
518
1346
856
174
1381
156
788
1411
1642
1334
202
1350
1406
1358
608
1323
955
746
1366
1400
1036
949
134
600
1323
155
1274
1354
135
1300
2562
2499
860
862
603
1280
1392
1396
1357
881
592
1359
1299
625
1322
484
1325
1309
1196
819
442
1362
774
821
1347
1439
1154
1015
747
1387
1425
165
925
134
1016
1330
1075
766
375
158
1354
1382
1334
1328
1439
160
1323
1398
798
313
1447
1303
160
1372
800
659
936
1270
448
157
1309
773
158
1330
1410
135
2423
135
134
1340
1601
158
134
1697
1251
601
1315
903
1320
601
597
1314
135
1024
1415
1354
1412
157
640
997
861
134
1306
1305
135
1290
1339
1347
810
1055
1356
1462
1430
157
1381
1409
1396
1436
1392
155
1333
135
1357
617
1479
135
1396
1313
134
640
2321
134
887
1318
1387
925
1469
1338
1329
1458
1146
1049
1401
715
843
134
1370
1036
1379
1340
1377
152
1303
686
134
941
135
152
1361
822
1044
954
983
1413
941
667
1459
1314
683
134
830
1485
615
1343
1362
1390
1510
1374
158
1329
649
1365
662
150
956
1317
578
134
701
485
135
1387
1329
1139
1316
1016
1411
1307
1386
1070
677
134
1426
998
1900
135
1302
1391
1363
808
1232
1324
1359
1397
1353
1337
892
1349
1057
690
1347
1391
135
160
1821
135
1356
135
818
1363
594
160
1294
1345
548
1316
1410
134
1352
1361
1343
1006
148
642
784
146
710
456
1318
1373
1035
1378
1320
1328
628
806
1124
1398
160
154
134
1306
2556
155
160
1386
979
1352
1342
157
1120
1375
1296
1365
803
1373
1859
1384
1310
732
1392
602
1842
1737
149
1556
134
1352
1312
1355
1332
849
1375
1385
1377
951
1378
687
1285
951
1763
1354
1148
1441
1317
1304
2330
1241
1451
1344
1325
1384
155
1295
1376
715
1889
1394
647
134
1439
1483
1316
1323
134
1293
816
599
862
153
1375
1335
1310
812
873
1368
1345
1361
1439
1326
933
156
1289
1375
983
743
773
1416
1347
1330
1407
1315
1326
1372
869
1438
727
837
1290
1416
1831
396
165
902
828
223
568
604
1396
1339
1431
435
1327
689
1056
902
134
1407
163
659
1384
584
842
1412
1346
627
134
611
1369
1370
1032
1332
924
1362
1406
871
1320
466
1394
1370
818
1230
814
1355
1361
864
738
828
1315
1339
134
134
1410
1313
135
155
161
1041
1211
1310
895
1394
1377
595
1416
1813
1385
1380
1415
1357
2536
1070
927
1368
158
1393
745
1325
520
1377
177
147
1312
1388
1344
156
808
1304
1142
1329
1366
1492
157
1326
658
158
737
1380
1358
709
616
1354
679
1355
1342
1391
560
1370
1527
601
1352
981
1319
608
987
1327
134
1373
1297
1375
870
679
160
1860
580
862
1327
742
2405
1409
159
1313
1425
1400
1304
1446
1419
807
2140
1320
902
240
1397
814
1364
1404
1193
1363
1259
1065
134
468
135
1927
1342
910
1341
1378
1620
161
134
159
1320
2328
135
509
952
557
924
1123
1307
1443
1384
1333
1448
135
804
1351
1367
864
154
1412
1278
1313
1062
1339
991
1395
1306
875
891
1318
1347
1355
1294
148
156
755
1429
686
556
1006
1440
1322
146
761
1015
959
157
165
1419
1362
1365
147
949
1406
134
1249
1291
1389
1429
1104
790
1327
1270
836
1304
1309
938
1390
2570
1452
247
1404
691
829
1344
2221
1402
551
1389
1366
1476
1393
1348
1404
1404
745
1430
1368
889
1312
1372
134
1397
134
1330
596
697
834
962
135
1425
1051
1425
1387
767
1393
1392
1334
1397
1353
1352
634
1435
913
1324
641
1363
1393
1348
1627
638
157
2036
1695
676
1341
1286
1410
2486
1326
1412
1370
135
1453
1406
708
1315
1407
426
837
1413
134
1372
975
881
1719
810
974
1116
1220
952
1341
593
906
1678
640
838
135
1227
697
1414
1343
1371
161
457
134
1359
1295
1412
1396
729
1278
1372
1303
1377
1425
1414
1291
777
1369
1319
1346
461
1410
1336
1367
649
696
1375
1405
989
913
1325
1347
1489
877
1397
692
1363
161
1388
721
163
1372
1382
1178
135
1414
1430
1351
1394
1312
958
1370
1333
830
1342
1295
1360
962
1260
684
726
1332
1322
1373
1286
1272
645
1321
859
687
629
1378
1182
1342
1390
603
1315
1375
1394
1385
1255
914
1557
1287
156
738
857
1332
1310
1463
1397
1371
1342
1426
1398
1438
849
1321
1396
2188
134
754
1454
1322
964
703
160
1370
163
1323
1442
779
726
151
1376
1340
933
1346
2818
1027
722
1265
2425
1398
1400
134
1363
1148
1852
517
998
1412
872
471
648
1374
1459
849
1397
1343
681
1377
1618
876
1288
1363
135
1401
1273
134
712
528
386
1364
1440
483
134
2163
1488
621
1951
600
989
1447
688
1374
534
1971
1401
1138
1502
1405
1309
633
1310
1363
1379
135
149
134
236
1329
900
849
135
158
489
1936
942
1301
1381
1403
754
1349
881
1407
1462
1408
1548
708
1317
1396
135
156
692
585
1373
1351
764
1272
909
1079
954
709
1393
1363
1263
1370
1369
1364
1320
1281
1435
1346
1248
134
1417
1325
1035
931
697
1327
1386
1350
1013
1403
134
163
654
1348
1280
134
1387
270
1329
162
878
1860
1382
901
1225
976
1393
1343
1463
1382
155
1403
858
1526
534
1954
810
1416
1347
601
1354
1134
1174
1043
158
157
2456
1030
1453
1350
637
1312
829
837
1366
1390
134
152
1435
161
1404
1473
803
227
1411
741
570
1100
1827
1332
1373
1228
1429
1423
1332
1310
1353
671
700
1394
658
924
816
883
729
134
1339
1332
666
514
1377
1379
955
1448
1351
1787
1416
1590
1349
1382
1331
1422
1248
1337
1042
1411
168
1382
135
1377
1427
1340
1271
951
157
1425
840
1563
646
1435
1424
1302
1406
1349
1327
1410
154
161
1686
1418
1008
1393
156
1370
779
440
1304
711
809
134
1387
1356
1288
935
159
546
1424
1359
1460
154
398
157
909
665
1331
1368
160
155
715
915
1061
576
1311
152
1476
1347
134
1366
1389
787
1421
135
1961
910
1350
749
157
926
1322
1386
1317
1379
1357
1394
512
1358
953
2208
134
1370
1313
517
675
616
1309
1348
989
1261
957
650
1294
629
1400
912
1436
1304
1292
1322
1416
1533
775
1323
1356
1372
1461
1386
135
1369
134
1446
768
134
1419
1143
1419
1407
730
1310
1205
1488
135
894
1323
706
1123
1349
745
1397
838
642
1320
1375
2554
1832
1401
1404
1185
1345
1375
1070
1336
1388
154
2409
1406
891
889
1280
1320
614
1436
1373
785
152
623
1354
150
1430
1298
909
666
1322
1409
1034
1370
145
1387
860
1395
973
1259
1080
848
2564
1321
156
134
774
913
1339
536
1420
134
1404
827
1030
1446
780
643
1358
1309
715
159
484
1324
1052
739
1016
987
1425
1395
145
1379
159
1368
1390
1305
899
1420
945
1457
1390
1313
1383
157
1513
134
1300
135
1533
1166
772
817
135
744
1348
706
1335
934
1028
156
880
1394
135
1440
980
1427
155
134
1393
159
814
150
914
159
1335
1307
1370
1063
667
1300
1399
1015
160
1329
1403
1328
135
825
1274
1386
727
1285
1358
135
761
1324
817
1384
1331
1417
1284
1410
910
134
1427
513
1362
651
1380
1318
1394
619
1021
1093
1061
135
955
1366
565
155
1359
135
1233
1416
1334
738
1364
882
827
1357
159
1324
1407
1456
134
1376
1395
1331
1410
685
1635
912
701
743
1418
1307
149
1384
524
1383
1001
1364
1317
1408
850
1333
1340
1345
1069
159
1295
818
1320
629
1284
1325
1388
803
134
1483
1229
1018
2065
788
1334
670
815
1426
1427
1019
1614
1295
815
1408
1433
1337
646
1425
1426
1337
795
1383
1714
155
1317
1395
160
734
134
1413
1378
947
135
1262
1349
1395
135
935
1410
961
134
665
1375
1322
160
1342
1416
1333
1429
1372
2107
982
1280
907
532
898
1225
1963
777
135
1136
1336
159
1356
1369
800
946
166
581
905
1649
504
1321
646
134
714
1028
925
818
972
523
779
1347
1452
1387
1289
151
1514
1351
134
498
134
1326
1261
678
1404
1355
1416
1399
1401
1427
916
576
330
134
1386
1362
1330
1432
135
1435
1325
985
1354
906
1375
1461
169
1405
620
1283
2511
1328
1392
779
1399
1344
840
890
1398
1397
1166
1401
588
172
1356
872
888
1339
948
1362
1403
1317
156
959
153
1391
1363
1445
1700
845
1394
1395
859
1378
156
165
1383
1390
1327
1369
1509
1081
1418
697
1314
1409
1385
1390
1375
156
1393
568
1339
1303
627
155
1457
866
1380
1351
1459
1375
808
1203
135
1349
136
1350
1422
1342
1351
1376
617
1280
158
933
163
631
1451
948
992
914
1873
1655
2373
1336
1344
1032
852
1395
953
1217
149
159
1264
1335
135
907
1410
135
1281
732
1114
844
1211
694
808
883
158
1367
521
846
1501
1380
1366
1010
509
1363
1371
716
1322
1342
1380
1366
1451
1425
170
163
1287
990
740
1433
1164
1404
836
1832
1182
1595
569
1359
800
996
501
1408
585
1500
873
1264
1734
621
1409
1288
1396
1330
134
888
1390
1199
946
617
596
134
1332
1370
1498
1316
134
1462
162
853
1473
134
1446
1416
1413
1362
1352
1514
522
1380
1350
538
161
1369
135
1354
1324
911
1004
1335
135
1308
941
695
1433
1346
563
423
1177
1112
135
1401
1473
1382
1341
1365
1289
1451
1316
1340
1214
735
1334
1352
1369
1323
158
743
134
1391
1396
1264
969
862
1318
617
648
949
1457
1326
759
135
156
1353
1806
1285
276
1387
1406
1408
686
1397
1348
2582
1662
756
135
158
1428
708
884
648
1318
1350
1412
134
1341
1362
1604
1332
682
1193
1422
289
667
1391
155
1434
678
1361
135
898
670
1370
1312
1368
1351
1401
1395
1407
164
789
1322
162
1409
1369
2364
1391
651
135
887
723
895
1454
522
1324
148
959
135
1368
787
1332
1320
1334
632
555
1325
1417
1410
904
1415
1035
658
158
689
1344
788
1299
1337
152
135
161
1166
1378
164
1395
923
566
806
1372
1345
1014
1372
1324
1354
2515
1310
1345
154
1342
1430
1395
990
1403
1397
632
1396
1337
1414
135
1409
1341
1357
158
920
149
1337
1349
733
1578
501
1425
135
735
1349
644
1344
901
1275
1374
417
839
666
1402
160
2222
1375
1382
2654
1374
160
1379
996
1334
1344
1388
865
1414
881
1316
1286
556
1342
1347
901
627
134
1405
1370
1369
900
839
1392
1426
1431
736
709
1335
478
561
135
1451
1366
1400
733
162
1343
820
1006
852
2358
728
135
134
1332
152
156
917
151
878
1283
591
1380
1329
1821
1313
977
686
601
501
643
959
1313
675
1418
647
134
1338
814
1376
2199
1327
883
149
1122
2435
886
1414
620
625
1352
1423
769
916
1339
1341
1119
1400
322
1333
861
1317
1151
160
1403
979
1333
135
1326
1927
613
1486
1332
1376
156
1447
942
1369
1413
963
1454
1437
536
1441
1384
1349
1369
1799
1159
736
1327
161
1340
1353
1323
1300
135
821
1439
1417
1335
537
975
1405
1425
1366
823
1486
1320
348
1387
1435
1387
1285
1393
1329
888
1351
1393
1341
717
1417
1424
908
952
565
1441
568
1984
981
158
1341
1406
1999
512
1381
1359
1359
846
135
155
571
157
1803
135
161
1373
799
735
1352
1388
915
561
916
1349
1416
159
135
620
677
1190
787
157
1368
840
584
1370
753
1390
1384
1128
135
1379
559
135
1332
1444
1726
774
1340
1347
155
725
700
1338
134
751
1382
1298
1365
1368
1367
2460
1395
893
1407
919
238
684
893
1272
848
1426
719
1256
1360
1410
433
1351
1367
800
566
1371
1347
1285
1191
1866
1335
1076
1309
157
161
635
1070
1271
1572
844
1296
1421
843
1296
1419
528
882
693
1149
1436
1381
1280
601
1432
1230
1326
2184
1000
865
1451
1335
624
1342
839
771
155
883
1335
689
776
1333
985
1365
1865
1360
156
1333
1427
1351
1416
704
134
134
1282
1321
1406
167
1342
1817
1380
1403
1458
1364
457
1398
1411
157
956
1219
1456
961
1258
1392
1461
159
1702
1427
1274
1380
865
1414
1438
1346
134
149
718
1404
1351
650
159
1003
135
1259
1414
1314
1384
1085
642
1315
865
932
1360
1194
1365
803
969
1375
1807
230
941
1428
151
1328
156
1495
1915
914
805
1361
1393
1368
1337
723
134
1340
135
1995
1309
1401
833
1142
150
156
1905
148
688
1237
1441
765
1302
780
1443
1405
1342
571
1332
134
1372
1387
2576
672
1446
785
1352
652
1413
576
644
1021
686
160
665
135
599
1342
2565
1311
727
1375
156
873
529
1366
1285
1326
765
1687
134
135
1364
1284
1336
1379
700
1240
1420
1371
580
1103
658
528
946
160
1142
807
657
798
1431
1388
1482
2508
985
145
1364
1410
1299
1015
802
1299
135
1439
570
1391
1307
1334
747
1372
1110
1393
1020
1449
158
155
926
2589
1360
805
160
1406
560
1327
1781
1532
939
1506
1306
134
1426
1307
1301
1075
1406
1338
148
156
946
1465
866
884
1436
1370
159
1341
1405
1387
1767
2547
1054
797
880
1336
531
1360
1290
743
1346
1433
134
135
927
1634
1175
1259
1417
869
1465
155
1001
1331
800
1417
1395
155
592
621
727
882
154
1373
785
678
770
1394
652
1423
1409
1772
1394
545
1300
135
1131
1249
1390
1399
821
1424
880
1118
550
1411
134
1343
1395
970
1177
1370
1353
135
669
1280
1444
1354
286
248
902
1373
1422
1366
502
149
2289
622
846
732
1402
1363
879
1009
1431
1316
816
1267
571
873
1472
1018
962
1384
912
1427
770
1286
152
1355
1350
908
155
1342
1367
1519
1369
1473
601
160
149
727
1429
1350
1331
1368
134
1388
1321
976
1429
1395
989
636
1317
1390
1350
908
419
1358
1334
1392
135
1342
135
1400
1024
1355
1042
801
154
1826
1402
1388
770
937
1400
136
1327
1402
1444
1307
1453
135
1412
1024
1263
1979
1460
1328
2538
855
661
641
156
716
565
1689
1324
1382
529
160
1436
834
1295
604
1436
1366
974
678
1353
1380
802
439
479
751
156
1021
592
745
2062
1139
622
808
1157
1407
540
2294
1360
1456
1299
498
135
1293
135
1397
694
1339
570
1486
160
1313
1420
640
1397
1402
135
1392
1018
1394
1340
1290
1423
135
1338
1077
629
1359
853
1766
1307
1364
696
699
1315
159
882
1448
565
698
145
1390
159
134
626
1358
1352
746
1501
1314
135
135
523
160
1383
1387
1359
1705
1423
1293
1367
1348
1631
1373
340
134
936
161
934
134
967
794
1410
1018
1064
2060
904
1414
135
134
160
1310
1350
135
994
981
900
993
135
905
716
710
792
1019
1288
1380
1388
135
822
1463
1725
1431
581
134
186
725
1372
1102
153
1349
773
1381
927
134
1390
1386
287
1330
1474
1394
158
1309
1357
1422
1129
685
1458
1412
1400
847
1276
615
891
1026
1342
1326
864
990
135
900
1431
1294
1405
1302
1363
1015
135
1308
534
1406
1311
1408
1410
1365
1412
1398
1215
145
1368
590
1005
1387
784
2724
484
260
654
1424
1318
1456
1432
972
150
1397
158
1396
1386
1389
1417
1409
907
1390
1267
1354
151
2403
1580
1385
971
154
718
1300
853
135
910
1334
941
2026
1419
1427
1122
870
1703
953
1287
742
1234
1224
1388
159
1398
1381
1092
731
940
788
134
134
1401
1321
1413
546
810
1461
1307
150
1344
1301
1427
1353
1350
153
749
134
1298
135
1161
1390
1419
135
963
164
160
759
651
1356
408
1255
2691
1302
946
1380
896
1383
1426
1373
1466
810
826
1368
1445
1445
952
600
1359
158
580
913
838
1208
135
135
1900
1342
1328
135
1424
1351
975
973
950
585
928
134
555
1291
1361
1367
830
1436
1286
988
157
973
1312
736
2448
607
135
684
541
885
1339
436
577
1414
135
785
1498
1377
870
157
136
1487
1333
1335
1330
1353
1320
1329
1363
134
733
1315
1070
1262
156
1335
1362
1284
652
1351
669
1847
590
951
1476
914
1428
156
972
148
605
134
1444
1401
684
1481
135
1342
564
869
168
1289
1338
136
1376
1475
1918
789
1351
1319
563
135
1315
1406
633
430
935
500
933
1328
1321
1380
1338
161
560
1354
963
1418
1382
708
2304
1327
161
1413
1434
674
1326
567
678
2153
224
672
898
710
943
1456
689
1281
1334
963
1292
1428
1389
971
1221
820
1385
670
157
1356
152
1331
1404
580
134
908
1416
1372
1339
2450
992
1018
780
1323
1320
1443
1370
154
1065
1327
1428
1460
1359
1327
1350
1356
1366
547
1408
882
146
1323
157
816
1302
1349
1392
1357
1398
1173
1236
159
870
1363
1497
900
950
135
1434
1426
836
1426
701
1156
843
134
1017
738
1382
1418
1042
1296
1086
2113
1358
813
1389
2308
1401
1372
1261
2099
949
1302
183
701
689
602
895
1355
145
1406
1363
1412
135
597
1372
918
1003
705
1418
162
883
689
840
1019
759
1200
1374
612
1357
1322
135
1299
624
644
1430
1382
919
154
1433
1351
1324
1328
572
1370
426
875
146
1147
1329
1303
1965
1335
1404
1891
934
1317
1386
1227
147
519
714
1008
1352
1034
442
1440
1355
1415
1394
750
742
1357
633
151
1096
1388
1374
1387
1436
1427
162
135
640
1321
1296
1414
136
494
1450
1361
1412
1808
1262
582
135
258
781
1317
509
1242
852
1328
151
1301
1341
1355
622
607
1323
135
1380
1374
902
732
1472
1312
685
148
642
665
1362
1343
1357
537
1834
755
1400
1357
155
1398
941
1758
153
572
1422
154
1288
1380
135
160
135
1422
1419
1312
1343
1239
1296
155
589
892
134
135
1194
760
1464
1350
799
1405
134
1402
1367
560
655
1378
1390
762
1398
1409
1651
1007
1378
1458
1334
1297
1590
1008
1271
1394
1380
1324
159
730
158
1283
153
992
526
1387
1442
817
619
135
1343
134
1059
432
1367
640
756
1429
657
1359
1344
790
1759
2145
1315
570
1412
135
1198
1333
1372
791
881
662
135
874
889
1307
872
1457
1312
1307
986
2655
1019
924
866
1364
1316
1422
134
365
1388
1239
518
729
1361
1242
1391
134
1311
1377
1403
157
885
147
155
1020
1503
1435
1333
1392
259
775
1352
1576
1424
1447
159
1385
1390
2148
1377
726
1010
919
1271
912
731
1345
1406
373
135
1349
931
160
779
1475
750
149
1421
2453
163
734
970
1447
1324
724
135
783
1352
1180
2058
1338
1255
632
1548
757
1483
1346
1407
950
442
725
1373
1337
135
157
1210
1356
1400
156
1353
1386
978
1367
938
1334
1431
1369
1311
1479
1344
160
1224
135
1453
1425
1354
1338
1390
1335
1306
1403
1351
1436
993
1306
1664
158
825
1420
2822
1341
1436
683
135
1408
1396
1707
941
735
621
149
564
970
1589
1101
135
148
1339
134
1383
156
1147
2163
1027
2538
1428
978
709
1420
1406
156
1369
161
134
953
259
687
1486
1281
1900
1446
1338
1435
1347
1363
956
886
161
856
895
1317
822
1464
160
145
708
159
867
753
134
1832
161
160
147
622
162
720
1027
1375
975
808
1400
876
1027
1275
1346
1375
699
1998
1404
159
1438
160
980
1369
530
1399
1368
1302
1656
957
705
1394
134
1665
1375
1396
1420
905
1003
1349
845
158
1090
514
1462
1287
1385
958
1381
1416
1853
1290
147
821
569
1459
983
1395
931
156
1282
1755
697
850
1328
989
135
1750
1323
156
1338
1399
1331
1328
822
155
1448
1329
520
135
1358
935
1391
135
1332
1305
135
2492
1371
162
484
1381
802
1447
1116
1913
785
156
162
759
2171
1077
697
2183
1415
1342
650
1632
2126
684
135
150
590
134
805
1421
702
1332
833
157
1434
161
1365
1846
1399
711
153
1377
155
981
1357
923
942
1310
134
1487
1314
1372
158
1721
1433
1411
1302
1314
827
160
1465
156
619
1399
467
1354
1481
206
2596
1365
134
1376
1267
875
1346
751
1929
156
1362
696
661
135
1351
1395
1417
158
1282
1349
1241
928
156
1152
1412
2344
1385
1391
1429
1407
654
774
1359
1403
1357
1314
1411
1474
777
1427
157
1321
645
1050
1314
1358
657
134
1417
1367
887
904
802
1365
1404
1331
723
1448
1410
158
436
156
532
2297
2489
923
611
669
1425
1421
1104
707
1393
162
1379
736
1310
1360
1437
161
1418
1417
854
1396
135
848
134
1463
395
865
1555
867
767
1330
1296
918
1553
656
2579
1441
1246
1419
1344
1399
146
383
1317
687
1367
1770
1364
1355
873
1380
1280
1694
1099
1407
599
1291
1407
1292
598
1931
1417
1300
1398
154
518
950
1540
1331
637
1363
1246
610
632
1211
1381
158
936
1520
135
1855
688
1352
1017
1328
1399
961
610
135
1004
996
961
1385
611
555
1392
681
779
1205
1416
514
1459
1420
565
1373
785
1274
1233
135
1394
643
1398
734
1424
1382
135
1385
156
1356
1434
602
135
2124
1253
1392
1286
1381
1407
1388
1343
1410
1208
1365
662
1464
1409
1351
923
834
1387
1393
1372
1369
154
1259
633
1347
1382
134
1341
1371
645
1365
891
1430
1346
1290
963
157
1004
1700
158
611
1367
1347
1384
134
500
912
1459
1449
802
1402
683
2587
1430
135
822
1076
1392
1001
614
152
657
1395
1547
920
1357
1084
1310
664
1271
1569
876
861
915
1391
973
1332
918
534
1290
1361
679
1368
1806
157
752
1400
1032
1295
701
1342
819
1305
154
1401
1356
722
1347
768
135
1118
853
633
695
1472
717
134
322
652
1367
735
1261
1356
1381
898
544
1386
1458
1438
445
1371
764
1394
1416
760
135
1570
1305
1334
1278
1395
1077
765
1380
1484
1359
580
147
1442
1401
1346
1332
157
864
1291
1395
1631
1391
784
520
157
1109
157
1355
1372
1351
1443
146
438
1372
971
148
157
1426
1361
1448
2042
1379
446
537
466
593
781
134
1421
1013
1583
628
135
1457
1451
1395
840
1407
897
447
135
1461
134
187
1224
1382
832
1077
1316
1375
1406
1315
135
155
1391
145
376
134
475
934
989
1345
1361
157
1443
156
1431
1042
1423
1378
907
1336
911
1354
958
1346
565
1263
867
1462
973
1420
1344
1397
539
706
985
1408
822
982
1480
962
805
1418
1374
1371
1423
755
1358
1354
1401
652
760
662
719
146
1296
1334
1374
2535
1799
286
1025
157
1459
633
1366
1802
584
1388
1068
159
701
948
1411
881
1761
637
1769
1414
1335
1338
986
1375
1133
1416
904
743
217
902
820
2054
134
1384
135
1304
763
1254
954
769
158
799
1352
1446
863
1428
1368
804
1373
505
1317
879
246
1566
1924
999
542
1400
2194
1385
632
1353
852
835
970
1637
1370
1415
1885
150
135
1355
135
1166
1351
134
952
726
135
1011
596
1329
907
153
1109
1316
1396
1609
1006
1395
1454
135
147
743
1362
928
1448
1323
1402
1447
1323
1348
463
1322
1476
917
690
788
135
1354
970
1400
884
823
916
702
1306
1443
1457
1330
448
736
938
1333
854
1367
1322
1356
1773
729
503
134
668
831
1440
148
1306
1437
1350
1374
881
2578
157
157
1451
1309
134
1372
1381
2246
1382
740
1386
887
1319
135
1371
1385
1405
439
1305
1056
655
769
1247
923
1382
1434
620
160
647
515
1348
1374
890
159
162
990
1373
1337
818
1310
1435
1418
1433
1338
808
736
918
1008
904
815
1379
1357
811
1243
1320
1007
1335
735
2210
1440
1340
1364
680
1374
1369
1352
154
1362
791
865
1421
739
921
720
1287
1404
918
162
726
1418
1375
1362
1284
970
1202
1386
161
1399
1409
1363
1393
1129
615
918
1287
1445
1335
987
135
135
1331
625
1310
1411
1391
1501
1334
159
1257
888
1360
1341
161
1885
1461
834
1380
156
485
1382
1347
161
1386
707
1277
1202
1165
1266
1324
160
1332
1439
1388
1397
134
740
1361
134
795
761
1104
1377
892
148
1020
847
467
1429
845
1341
1311
781
826
637
1378
154
515
1383
474
1361
158
1303
971
1405
1174
1385
771
1325
135
160
1416
1390
1406
488
157
1300
764
1862
877
988
893
1363
681
796
698
758
630
1399
1368
936
1298
1872
1413
1144
1370
1431
1342
1447
162
1395
792
134
1024
1355
669
1388
2013
523
1297
1038
1299
2462
2012
1294
646
1401
1372
1320
1381
1414
1395
1354
1369
135
1468
159
795
1370
1335
1387
1354
158
1443
159
1330
1396
1346
646
1345
1357
1868
1345
135
1351
976
1251
155
937
1316
962
680
1314
1887
1398
135
791
1314
1370
1399
1495
168
685
2419
1335
134
134
158
1452
1345
711
1341
1381
731
913
1430
1323
966
156
135
715
1420
764
874
135
159
1424
1864
1350
1343
2585
1400
1850
369
1432
1387
734
526
2276
562
1351
1362
1399
738
896
1331
147
1439
1318
153
844
975
724
1314
1605
163
1374
1383
1409
1405
864
776
667
155
1280
671
1293
1383
1337
1358
2509
1463
155
821
688
1203
1367
1303
1423
1427
1595
580
765
1393
1363
809
752
1292
1456
1711
1109
1322
1445
748
163
341
1092
1396
158
151
633
1370
632
146
1378
1310
134
1358
1330
1361
1440
1028
1015
1380
628
134
159
1362
1434
875
1371
1408
1006
800
647
1431
994
832
1059
616
161
1402
1302
2204
1383
1307
1455
1329
942
1304
1355
1277
1360
1328
1573
1326
1329
1014
1316
1328
845
1383
1293
911
135
740
849
894
808
764
1422
843
1036
1314
1345
588
2106
834
1345
974
1331
1296
135
160
134
1399
1300
151
1868
1399
1360
1471
1348
144
1409
1545
735
1438
540
135
1426
160
541
1386
1357
1402
1427
1291
1394
135
996
1305
631
1382
842
814
1424
1692
1333
1341
154
2471
1392
1422
844
1419
1355
1393
135
1414
857
135
1035
627
760
756
893
1381
1412
1349
134
782
1430
1327
1007
1241
1727
1014
710
849
1375
1396
1379
1351
1362
147
920
1432
1509
1418
766
151
1381
689
1404
1341
1380
1466
891
1347
626
540
134
1391
747
1067
1744
634
135
1524
1244
1469
135
1321
1338
2480
1347
1403
135
1221
135
1099
1274
1355
1346
786
134
1071
1322
868
134
1143
661
1330
159
1535
1412
1359
1389
1690
1356
1424
135
2132
981
879
681
1378
720
1355
1398
1392
1445
1029
1407
2553
1382
229
1423
1357
1409
1223
544
1767
1320
996
134
1447
1375
1975
1403
1106
876
843
1029
724
1399
2086
1403
1392
1411
1282
1331
1371
735
781
1410
1247
1598
1202
818
1441
1317
607
839
1437
1383
1393
1081
626
1283
135
155
1396
1346
135
155
1151
1390
1385
1986
968
563
135
420
1434
602
1436
1428
1371
753
850
162
155
1399
1364
1430
897
564
148
1178
1250
1364
156
774
1357
1366
1378
149
1300
532
843
1315
1431
1071
820
820
862
1322
1347
1398
1381
640
1876
903
679
1362
1075
663
1500
1307
230
1416
1424
1384
154
135
135
1168
1274
1286
1440
1337
1269
135
161
1352
1436
990
1016
135
888
517
953
2411
1299
134
1348
1343
961
1358
765
1447
1274
1336
1417
682
152
2260
1268
1607
616
1363
770
1430
812
1411
158
1438
1331
897
963
1398
888
761
1428
1416
1315
1344
1440
1324
1153
135
1419
1325
1306
826
1385
1379
1468
840
1356
1020
1206
1320
145
1310
893
134
2035
1321
1381
493
1273
1513
895
1333
1855
948
917
134
2547
1333
1367
1363
1449
1977
1233
1003
1433
1314
1896
1019
1415
1368
1520
1341
1399
773
1351
1598
1412
1290
1229
718
135
1399
155
1319
837
1606
1284
1380
706
1356
135
157
941
134
1435
135
1413
155
1365
137
1326
648
1435
135
341
999
1307
1324
1425
1067
546
1495
157
929
1367
1432
1417
994
1355
1387
1008
579
1371
2846
1372
1377
1358
1339
135
135
1372
1450
1383
1133
134
1423
1372
641
1397
1296
1444
135
1324
756
1401
1345
524
1429
1351
1093
219
1318
1466
1487
563
149
1474
593
1380
1280
500
562
956
1336
157
1371
765
1414
157
892
805
756
1306
160
1255
801
134
971
1438
682
786
1349
1410
1305
135
135
154
1402
602
953
788
983
1422
1427
1314
1469
625
2316
1410
1383
1446
1472
1369
1256
1348
696
1358
816
771
671
148
1421
896
828
774
710
1391
1355
1159
154
135
819
2033
150
1091
1097
158
135
905
960
701
586
1292
1349
1376
1328
1384
1442
1363
1365
1406
1297
810
1333
1373
1404
957
1309
1338
952
161
1358
1329
766
1308
135
1297
805
1424
840
915
1356
1033
841
914
1447
1422
912
161
1406
935
883
598
1437
629
135
795
930
1442
807
1369
1455
557
698
134
157
1352
1405
1789
489
1313
135
1484
1336
1392
1350
758
879
1380
1103
1283
1298
1401
1364
940
1408
938
1343
1287
532
157
1260
1330
826
135
900
134
937
1231
1171
1370
136
1342
1303
1487
1297
611
1388
155
712
1449
1380
1311
1443
1855
1341
836
699
1790
765
159
848
1391
157
161
153
1446
158
1438
161
1434
475
1407
1327
1381
1353
740
1260
832
134
1405
2515
1752
1433
1339
1294
696
701
1239
541
788
1361
1448
1439
1402
1374
1366
719
1172
1233
158
155
161
422
909
1387
1386
1390
733
1388
1446
1410
1433
1484
1311
934
2427
676
645
678
1384
2451
1751
582
1344
1592
1316
2500
992
1405
1364
134
1338
1435
900
592
697
905
912
2140
1387
1357
1389
1153
1346
134
1328
882
1329
849
1346
1966
1353
1494
1412
1422
899
1374
1383
1405
1243
685
1416
963
982
1353
1398
135
1377
156
1380
1744
3395
1338
1328
1459
1329
876
1355
1337
1346
1881
1391
135
676
135
1480
1403
1367
1206
521
680
1499
253
1405
135
519
1333
692
134
1429
1427
160
936
694
1353
1296
1358
1260
1407
1395
1337
1403
714
512
1315
1420
1758
613
1374
1298
1414
1448
818
738
1401
685
1422
725
1344
836
1391
1121
1272
894
155
1250
894
585
2526
2570
633
1425
1437
633
1458
2235
1349
1379
1095
624
135
1389
1365
673
542
744
2224
1385
1421
1399
1444
1445
1478
134
1391
1376
2637
643
956
1252
1307
764
1387
1316
1372
1354
640
1353
1328
993
1411
1304
1009
1345
1393
135
1145
931
1407
1339
1036
852
1322
159
561
153
1437
1271
1403
726
1335
647
550
1451
154
159
1417
900
1298
149
157
1406
516
157
395
1424
1472
1285
1471
1441
1379
494
651
912
1381
1446
1335
1369
155
668
1340
135
1485
1366
1432
1414
916
135
155
1351
1411
1402
334
1395
571
1394
765
784
1391
1442
1284
1473
600
1354
1011
1390
1281
1356
671
691
939
156
815
633
1404
1303
1422
2575
1339
850
1346
1334
967
1382
793
1054
1413
1270
1575
669
870
1385
156
1227
1360
950
1358
1397
1448
1309
1454
157
593
1366
2019
1407
729
135
965
567
801
1613
1372
615
156
1487
1365
1318
1356
1451
1354
1454
896
740
148
1034
504
1444
1417
1374
651
1358
1300
293
1406
1447
866
1368
699
1370
405
1361
1446
541
160
587
976
1024
135
1305
814
977
643
1383
207
1322
812
734
604
1077
1420
1368
713
659
2114
767
1344
947
817
135
1060
807
1255
652
1382
1319
158
824
1717
647
1463
744
1377
152
1384
1359
904
1363
771
650
739
1139
1436
1429
1322
1390
1364
928
1452
798
1655
1420
460
1384
1360
684
1001
1412
1340
1391
1394
941
1490
1403
1315
987
1346
849
1403
135
1390
1554
1292
516
1494
135
157
1357
704
673
902
1351
1307
151
134
135
1470
2073
914
1348
987
155
554
1386
1441
615
935
765
749
1476
1386
1438
1018
1311
1432
1329
135
135
1395
1476
158
880
1164
1325
1407
881
1446
828
1401
1420
1348
993
903
1318
135
1466
1366
2026
1434
173
1433
718
1360
1050
1052
1545
752
1470
1362
1377
1361
1432
134
1308
1388
1573
1003
1316
1656
764
1149
134
1328
1325
979
861
1410
740
1394
1397
1354
1445
912
1291
1243
135
575
1326
553
1371
160
1422
1412
1381
763
1336
886
1358
1362
930
979
823
1385
698
1341
1204
559
718
1436
819
134
1344
1290
859
1339
1135
1613
595
1344
1052
1335
533
134
154
1229
1326
1442
795
882
675
1337
1382
1317
1456
1080
1402
158
1434
1005
1329
1364
554
135
1459
939
156
1233
1391
910
841
1366
406
134
135
1430
1373
860
644
1428
1625
1378
771
1373
1375
946
1589
1366
1387
135
1007
1375
1439
1421
1361
1436
2624
135
669
1430
1436
1373
1447
158
724
608
756
941
153
134
1329
865
1420
135
1373
1379
135
839
1426
1367
776
824
1011
191
643
1387
706
1332
1345
1265
1344
1443
958
1301
1407
1662
1414
1410
1349
974
1369
156
729
149
628
1164
1395
160
1382
135
1370
934
1333
1304
134
630
1367
810
1431
887
1322
134
973
1063
1333
1533
1368
1414
1386
135
1418
134
558
1360
1388
963
155
1398
160
1362
223
751
1382
1378
1330
1402
641
800
1432
604
1307
2453
1355
159
812
1354
1376
140
861
568
1419
134
1364
1396
1084
1360
1426
2567
1330
1438
805
1319
969
1336
1367
1326
305
1398
1342
855
1374
2471
454
928
1450
598
1345
1416
1386
156
761
872
1395
1439
161
1420
1507
1357
1439
849
1319
150
808
1014
1329
1006
1367
908
1383
1328
668
1373
1330
1421
1322
1379
726
134
1411
999
682
156
1320
1418
818
979
135
979
1477
1340
1666
135
647
1370
1331
932
689
815
1404
738
1427
1216
1356
600
894
1456
158
193
664
157
1351
1314
871
1831
1381
267
1388
149
512
1488
872
1372
1153
1464
688
160
1381
500
1350
1209
783
1168
1337
135
1369
135
1423
160
1174
520
846
1424
1334
605
1238
159
2567
901
1275
779
155
1300
1388
1341
1286
678
1433
757
1379
134
1435
545
1400
680
1373
1319
726
1376
820
1377
150
1369
1287
1433
158
1316
1455
1385
1343
880
1662
1299
1369
1350
1266
995
1585
1373
691
1494
1402
1308
1374
610
579
1379
599
985
1430
1366
1328
1537
159
146
1528
558
647
1434
217
1430
1334
747
892
750
791
744
856
1376
1432
1375
1522
1296
1255
914
669
673
506
307
1272
135
940
698
724
859
1062
1395
800
3011
135
1418
1308
1448
1381
135
1309
1433
934
1313
1361
1374
651
1392
1378
1387
1349
1387
1430
1377
845
1404
1401
880
1369
882
846
640
832
1093
153
691
2074
1961
750
1355
1394
705
135
1727
1373
135
601
750
319
1009
135
972
1401
817
865
1407
1231
135
157
1333
697
134
1384
1349
1365
135
908
1294
820
783
714
1344
1347
159
1366
1425
1321
1349
955
1471
134
918
1304
1982
895
160
1303
1401
681
1363
905
2519
937
1449
135
144
1451
1373
1415
1356
1285
918
600
1380
931
1931
1336
571
1420
1281
1396
673
1455
939
508
158
783
1419
1451
159
135
156
773
1385
1339
1344
1365
1320
835
829
1359
1416
1400
157
1299
1417
1291
1284
1422
135
160
865
918
1370
134
721
1370
150
1316
720
1967
1375
940
647
1330
868
162
1308
1482
2026
163
1344
1407
838
935
1410
912
135
1450
135
1395
960
1392
1494
1449
1355
1410
1418
135
2710
1457
725
1425
518
1370
1362
1043
1220
148
1322
1328
714
1375
2227
1411
1383
1384
1366
1454
762
1368
1417
1445
1425
1411
148
1388
1379
2054
915
160
723
1394
1388
1329
610
646
1344
1373
147
893
1359
680
1467
158
1368
1378
1549
446
160
1421
1629
1296
149
1096
135
969
1377
1386
1398
1419
940
1627
1399
288
915
1266
908
1066
1341
1329
1448
135
163
158
594
134
1603
1367
1371
462
1330
284
880
753
152
154
315
1420
1399
1360
135
533
1403
981
680
488
1419
1362
1490
1426
1355
1370
1330
957
1350
916
1350
1370
1800
152
777
158
1388
1380
1422
1300
774
160
1371
1973
1397
1384
738
1432
1190
1334
1290
727
154
690
1427
1362
2279
156
155
1369
1366
1274
1278
135
1390
1329
1283
856
1518
1395
1374
135
134
1390
1454
1407
595
1306
152
909
1264
1391
531
160
499
1434
1376
1285
1422
1244
1419
1357
746
769
1004
792
1359
1430
1400
690
1302
1368
135
1369
1366
1384
1373
2075
152
1413
1352
666
1032
1342
1447
1361
135
1260
1332
153
940
1315
1268
156
2254
1443
1366
787
1455
890
135
945
134
1395
150
1466
1320
742
1390
829
1330
1384
627
773
437
1353
1342
1326
135
1324
821
1621
1408
1453
1307
787
1407
1421
892
762
1288
1428
1456
2551
1399
1394
1399
834
159
1357
710
1373
1427
980
1329
599
1274
1316
1348
1317
1051
1173
1348
1314
797
1409
1451
178
1046
1343
299
1398
651
1445
135
719
1368
1305
1048
925
835
1400
599
1378
1402
1448
540
1294
1453
1390
156
1383
759
856
1324
1376
160
553
1384
765
1416
1334
1331
156
1341
1485
1296
1301
155
1393
1357
1343
1387
1292
1398
1441
1375
1336
1468
580
627
1389
1325
802
156
441
293
1008
1335
1204
738
1362
790
1396
2333
1322
928
1191
1162
1423
1398
1454
1411
1364
870
150
1358
1359
135
1353
1379
584
933
935
1378
779
1476
134
1324
1381
480
608
631
1491
1067
1006
1323
1719
1015
689
1425
717
1341
626
1397
1424
1427
1332
1389
898
1396
159
1316
1289
791
576
1392
155
158
134
1298
745
567
1326
135
1374
1339
1418
134
921
155
1372
1377
624
535
1372
1935
1372
1362
1367
1413
1375
929
567
784
1336
1367
1244
1363
759
693
1418
521
1038
732
1457
1406
1394
1429
1360
1416
1032
134
1332
1368
1368
1356
887
2495
466
134
1363
1383
1014
1351
689
135
700
1405
995
583
1415
1346
135
980
1322
687
1066
1346
366
1335
952
1426
1429
1387
134
1403
1491
148
135
2967
1375
157
1415
949
794
134
1450
135
135
718
1451
1331
1404
155
562
1497
1370
158
621
1253
1365
989
1323
1348
759
134
1394
150
1431
135
1472
614
1320
1375
1304
574
1378
1320
787
1401
759
1070
1363
1266
1397
1468
1339
1398
1386
1361
800
1350
135
813
2089
558
818
1367
674
864
1400
1411
1347
1387
1297
940
1338
1380
148
157
135
1574
993
1235
1413
1405
1552
1323
160
1380
154
591
156
135
2221
1397
983
2449
1434
135
710
1443
947
761
678
1370
1405
988
1325
1175
1438
157
1185
1363
832
135
750
1455
1356
609
963
1367
1417
702
134
512
155
1163
1342
1460
733
1773
168
820
1397
824
1434
1382
1428
1404
690
860
1422
1347
161
156
155
1395
1340
719
160
134
1404
1374
858
1360
473
401
1397
1336
2377
1470
160
1268
428
1354
1408
1462
830
746
1399
1962
1948
135
815
1056
1394
793
950
2243
1407
1431
505
939
135
1327
1381
1358
1349
816
723
1457
481
1360
1393
1321
1403
233
1356
1355
953
1369
1313
1309
669
1359
783
152
1370
1293
1927
653
819
1305
149
1377
704
149
684
1099
1363
1349
1027
1380
135
528
1013
159
1455
1371
1349
1446
781
1357
1358
913
1385
631
824
1338
1386
587
1164
1418
135
1322
1358
983
781
1343
549
985
899
134
1380
1293
636
800
1733
1001
135
134
853
1371
840
873
880
798
592
1943
1460
134
1313
1351
1419
1428
1289
1305
916
1443
1372
874
1327
1355
1379
747
155
1298
586
1409
1405
1031
1375
882
606
159
888
779
1000
894
154
672
753
135
1405
793
1388
683
154
472
709
1353
1323
202
1364
155
1325
1364
479
1317
1425
1363
135
141
1115
1382
1439
1455
1335
945
1492
800
681
1093
158
1367
2248
1392
1151
1410
939
743
1350
1312
1039
1356
1382
1355
1376
734
687
160
871
1433
1319
1054
1384
682
685
1445
1126
953
1374
1401
1376
1385
401
905
1449
1389
1357
1381
1308
2598
1895
135
547
1357
1386
1381
1568
1091
1303
1427
1331
135
2132
1418
1063
1466
733
1378
1374
1378
1300
1325
1342
1357
1355
1727
1413
1408
1360
1389
1407
154
662
895
1375
625
1361
596
1444
165
1461
788
825
1359
998
904
487
924
160
1288
1386
853
1645
388
756
1995
1332
1376
135
156
1349
796
1430
804
1069
987
1350
651
872
1237
498
160
1369
1004
932
1379
153
2333
1577
622
899
153
1990
1007
903
135
135
892
1414
1355
834
1386
1295
614
1139
1394
1375
1445
852
1398
1794
1396
153
1386
1353
1621
1371
1380
1128
1258
134
766
1411
1310
771
951
624
1321
493
860
965
1392
2894
1353
1451
956
1323
1368
1361
846
1322
824
1366
1703
135
1447
1379
1464
843
1083
1462
1290
1356
682
1414
1358
1459
1484
998
1393
842
134
134
721
1346
1394
668
1418
1386
1384
661
1435
1405
1318
1318
157
1339
598
135
869
1383
619
2035
708
629
1394
1355
1325
1370
1249
503
600
1371
547
403
1367
1057
1328
1378
1383
810
1422
1670
1349
2217
1341
927
1348
848
932
1393
1336
1393
896
1029
1370
1362
1332
135
1036
605
881
3633
1384
1364
1398
1366
878
942
512
1260
613
1401
973
586
156
753
932
1401
1430
1634
1218
1393
134
1355
1379
1385
625
909
887
957
1350
1385
1418
1004
1413
997
1386
2324
1066
1144
1326
1462
1419
1416
868
1051
135
862
1458
2530
487
1327
1300
1354
1364
1401
664
1412
135
1585
527
997
1324
1400
1399
928
844
967
988
1367
1515
1429
1346
447
1323
927
1426
459
1330
1212
631
1421
150
926
1380
1389
526
972
767
2142
1671
1316
1382
2289
1551
770
134
1334
1371
135
1344
1374
1304
1365
660
135
1419
474
1357
1382
1036
1438
690
664
788
708
2351
890
1260
1310
1434
594
947
1331
1791
1014
643
1359
1968
1392
1371
1272
1406
1366
1179
592
512
1360
135
451
1357
1448
1380
134
808
1456
1090
1338
156
684
1346
156
945
486
1292
1396
1419
844
392
1347
1266
1284
826
1272
1428
1317
135
517
1425
1316
1341
134
540
1369
1464
1337
167
155
1398
682
1365
1358
1535
152
621
1501
1445
1359
1296
134
710
1356
156
1346
1401
1439
2307
1496
1358
1338
1413
1172
916
148
1450
806
1364
1019
1245
1075
1422
611
1351
1685
1269
1337
699
156
1361
1458
816
1338
1405
1049
1410
1409
1818
1418
1057
135
1411
1730
1400
742
651
1415
1002
2563
156
1403
134
1308
1114
163
134
651
650
1329
647
1341
1321
1434
813
1439
1321
943
1502
1404
2196
1467
1390
993
1359
135
1403
500
1417
1296
986
1409
162
491
968
166
1336
1411
1362
990
1380
1397
158
1390
134
1432
1340
1912
1388
648
1298
1407
1396
1376
1395
1328
1369
1061
706
2021
2103
912
1455
1365
1367
981
135
481
923
691
151
853
1328
134
1433
1322
504
1280
1409
1295
1280
988
1341
156
1344
1400
574
478
682
1158
156
135
752
950
726
1390
1428
893
1394
1381
1356
1902
567
1396
1476
1904
473
135
695
939
1301
1308
1441
134
134
1333
147
1444
1024
156
1385
1390
135
1394
1393
858
1378
148
1388
685
134
1480
999
1437
1311
680
148
1478
1393
1108
1037
754
134
794
1393
155
135
807
706
1383
1345
1168
1357
1328
1430
653
997
134
1389
134
1434
160
154
1453
1342
1407
1361
939
1405
812
1410
1358
776
134
1426
134
1295
145
668
1025
146
1481
1357
894
1405
661
1459
817
826
1387
1381
875
605
1442
1360
1593
1416
1378
1718
812
1423
135
1379
599
753
1360
172
1355
164
1498
930
915
1333
1096
1328
1353
678
1200
593
1355
164
1439
593
1373
135
1307
1371
1385
1347
847
972
652
2473
1437
1418
860
1770
1314
665
1417
1641
931
1447
1384
1008
150
1373
1391
151
1283
1398
1020
872
901
670
1382
1293
1302
1321
1465
656
1322
151
1029
1289
1326
1412
688
1301
1402
650
146
769
1142
1411
1418
134
886
1573
1384
1005
1381
1053
1350
1365
1277
1322
1431
1373
1366
1406
571
1059
970
1392
1366
682
1440
1399
134
1439
1297
1307
135
590
1359
1475
1591
1339
834
1128
1379
510
1373
764
1344
1362
215
1368
1410
1361
135
1435
1348
1443
603
1354
961
736
1296
1387
646
594
1240
2007
1283
699
801
160
609
651
1030
1428
813
1094
2015
1343
1349
1408
528
1354
1412
134
1111
510
161
151
1425
134
746
697
959
500
135
538
1413
772
1335
643
1410
160
1306
1455
1366
1458
973
134
1379
1330
743
1467
1366
890
552
1378
1285
1329
821
1352
752
2555
164
1402
1008
1415
529
148
158
1429
1346
964
815
134
1446
752
1415
992
135
1397
995
1292
1321
1383
1434
1338
162
1331
1380
158
1154
1416
1369
1373
1400
809
1394
1358
161
1416
154
1375
796
1385
169
689
916
1265
2015
1389
135
570
549
1337
134
1331
981
643
717
1443
913
1355
619
157
1262
975
1472
1263
802
890
1713
1353
135
1369
562
1418
157
456
1413
846
149
890
491
1550
1366
1349
882
608
758
842
1310
155
616
992
134
1443
1588
842
224
1333
1384
1443
2077
1007
819
1809
134
1159
777
1444
1391
1314
1366
1376
1472
1338
1413
134
2637
694
1416
845
1375
1410
727
1341
158
665
846
1339
1408
1390
1114
1412
1341
943
717
829
919
580
135
1415
1315
1356
684
1365
159
1414
1031
1313
1375
1442
928
1310
157
687
149
1333
1327
1174
1349
1065
1166
1390
691
1407
2053
803
1330
1351
1364
1433
1437
618
1387
1089
1310
1312
1784
1316
1352
158
1442
1343
160
1330
558
1357
2202
155
1380
609
1738
898
1360
975
1016
1457
972
160
1625
2508
725
1284
972
682
135
1315
1273
1349
1447
1392
604
955
1437
1356
1403
1258
146
745
915
1369
1072
1318
1498
134
923
1318
1699
1344
152
819
134
1372
158
825
144
682
1143
1420
159
835
1667
155
1385
1365
863
1913
1394
1368
701
1408
885
1449
1372
550
1438
1373
770
1336
1051
1009
1676
1402
935
135
1442
1399
778
1017
1425
967
1395
1410
1358
162
1389
145
135
614
592
881
133
807
643
1385
1364
155
761
1381
1275
905
159
1201
160
905
134
1373
1327
1369
1363
1431
1442
1480
886
878
155
1337
1967
1434
158
822
1044
1343
1451
1397
1481
1348
1351
822
473
1418
1324
1078
1026
1297
134
758
1005
983
1351
1411
1342
1382
1337
812
1337
1422
1260
1416
135
134
615
892
158
617
1463
628
571
571
1820
1361
1335
1472
1677
135
135
1353
694
1370
134
562
630
1392
1331
157
1440
1392
823
1731
1361
1354
701
134
1421
135
1364
1310
1394
1392
148
923
1006
878
1465
792
807
796
135
1374
857
1377
135
1414
1008
1820
905
1356
741
1423
685
1356
1368
1306
1400
2328
820
2731
1413
1150
1376
1307
767
816
1269
593
1404
1416
594
1387
1317
1353
135
809
158
746
135
1377
1429
752
1395
1391
795
556
2164
160
151
1331
1400
1398
1402
628
1391
943
135
1306
1164
1369
912
1071
1357
1303
1404
1424
1421
1042
135
1334
1375
933
565
964
1642
1347
1469
809
1326
2186
1123
1394
149
135
1383
1344
1353
561
1368
865
1365
536
1774
350
1707
976
154
720
675
1430
1366
774
1350
1411
1401
1355
1458
1369
794
533
943
604
1416
236
1120
1412
886
134
1415
538
1386
1361
158
520
1320
416
1338
1356
835
1562
450
606
786
134
134
877
983
800
1007
737
1373
1576
830
1531
1437
766
1435
134
1339
1422
1790
1371
1478
1707
1401
641
1417
1373
1403
1438
1329
1457
545
1337
692
895
504
146
1405
1295
1422
1981
1369
1384
1278
1737
1382
1296
1418
1452
1423
158
840
1340
1354
912
628
1332
152
1394
1327
1445
468
1288
662
586
1356
1020
1397
900
526
135
1375
776
1409
1332
135
1335
1373
822
1342
1389
1120
1338
1338
156
158
134
1373
157
1532
1861
1314
1262
1353
607
150
818
602
1383
1389
1367
825
160
1368
135
1317
134
154
1412
1405
154
1271
780
1444
1320
1054
762
160
134
160
1334
1374
1434
1247
1379
135
1003
653
1483
1247
135
135
1388
1266
154
1114
579
833
800
1366
1376
1139
1434
1445
823
150
1369
134
1399
718
1453
891
134
1274
808
1419
1412
914
630
135
1355
1369
1373
1395
749
1348
1401
929
1413
1827
1357
973
728
519
1344
957
160
1371
1338
1342
1376
1036
710
766
1398
1405
151
1322
735
1324
1437
737
1322
957
1116
1333
782
1391
134
1362
1043
153
1356
1244
1355
1270
1396
729
1808
151
1254
1339
504
156
1337
1432
627
1344
1322
749
1295
1348
1470
505
1397
1024
512
1359
508
159
480
1380
656
1294
157
135
694
1584
1046
1053
1325
800
2223
703
158
157
1505
744
1396
1381
614
1397
1371
160
645
793
134
1366
158
1400
616
738
134
2379
1325
912
2567
1305
1425
431
161
2664
1418
1008
1314
737
1159
1308
1402
944
801
714
1769
2147
1259
160
1316
912
1338
707
1314
2356
134
1388
1132
1439
1391
1264
1140
1433
158
805
2210
158
1357
1489
135
838
1387
513
1465
1366
1389
1401
1375
1402
1395
850
1379
1319
478
1372
830
167
1427
742
1249
1277
1381
1329
2469
1024
1374
1278
1415
477
1395
1395
1393
1407
1404
1387
1318
1361
1396
896
676
770
1477
1297
1293
909
636
993
631
998
516
760
702
675
1344
1398
1064
156
1371
1346
597
134
152
1389
812
736
134
135
1378
1407
135
1413
1397
1397
1300
1094
593
135
1369
1345
732
1427
1442
984
884
993
1448
1396
1618
1391
157
1365
884
1108
1418
1427
1452
1187
1308
134
135
955
1353
1342
1381
1336
135
803
1737
1312
1420
1364
1051
1333
135
1077
605
649
2502
1254
803
688
641
1323
1106
1368
157
789
1377
134
1300
1417
854
1428
512
1419
1363
160
1355
1376
1464
1380
2534
1380
789
727
1091
1379
134
134
2439
1364
1381
1391
520
1059
158
1430
1001
1396
961
977
1683
1360
1419
594
627
676
627
1370
1352
147
707
1390
1043
154
1369
1393
1403
154
163
159
640
157
1383
149
818
194
1362
1378
2179
1359
1135
1798
1374
934
813
1353
935
1354
1304
569
1455
1404
585
1418
135
1368
135
1005
1373
1381
644
1394
982
338
1034
1384
724
134
1330
1393
1256
134
837
1158
715
1420
1005
790
964
1092
1046
1292
134
1401
810
1368
1377
393
157
1410
1426
135
823
2374
1463
1339
1065
1451
160
852
134
932
783
1348
135
1425
742
1402
1454
1427
834
135
1364
1311
1441
2529
788
1483
1315
1274
1348
1384
1342
1408
1346
683
1500
1425
1198
658
1000
135
1357
1399
1711
1491
158
1381
134
973
593
1071
626
1369
558
764
1328
1339
1377
1465
496
1693
135
696
1373
1414
1407
951
615
1364
1433
2278
2567
1339
903
987
1182
1407
1380
1118
1147
1367
146
135
814
134
1401
707
816
1387
2433
1042
1396
561
1345
1483
1351
2567
1377
1347
2543
709
1383
135
2555
1432
147
1299
1379
665
1448
160
1390
1316
1583
1004
135
1399
986
1204
134
730
605
1365
1446
946
488
962
1357
1389
1444
528
152
155
1363
570
586
135
1321
1340
961
152
1438
1314
699
864
687
1638
886
808
146
1413
1439
755
134
1894
1368
810
1378
1436
1173
157
673
1399
634
135
1311
1331
1346
1416
1877
1360
1773
157
2576
619
135
606
1312
1485
1437
1410
1380
1342
1338
1408
658
1408
956
135
1297
135
889
2434
1356
1363
1292
1358
1334
840
1418
156
915
1454
134
694
829
135
956
833
134
1000
1326
1371
1450
1413
1361
794
1417
1414
1421
235
1365
1360
1076
1455
1396
1030
135
799
154
658
1719
1352
162
135
157
160
1408
2352
1367
1374
1425
840
1409
1068
878
647
1025
591
147
1405
1334
1485
833
1741
1364
164
1279
1573
667
156
1388
156
157
1393
1407
1380
1326
161
672
1349
486
696
914
629
754
811
134
1401
134
1331
1248
1349
1256
1257
1411
1919
1332
1486
694
1408
1068
1319
1400
1620
1344
991
1398
1372
609
790
135
1355
135
1349
151
1390
1347
1432
1368
904
1359
745
1297
1373
807
1396
813
160
822
821
1066
700
1019
1348
1041
1463
1397
493
1370
1269
684
571
599
135
155
1109
930
1443
1392
815
742
723
942
1365
1350
1393
1388
1356
135
1105
515
169
1340
1345
1387
864
859
597
135
1362
1328
1582
1149
974
1015
1366
1353
135
134
1481
1302
135
1509
2593
1386
831
2247
854
1444
1586
1545
1432
1321
135
1429
739
147
1401
1379
1372
832
1370
2541
1334
958
1041
599
679
466
955
1287
1380
1373
1336
470
942
1412
1450
828
1617
1404
1397
135
1360
787
1368
1383
1371
155
942
1392
1372
1370
1209
787
946
1452
906
1324
134
1413
135
864
1142
1397
1382
794
1416
1371
1502
155
1439
135
1680
527
1461
1420
1124
1425
1439
1296
935
1380
2324
1363
978
1006
147
414
1297
1418
884
1534
1441
1490
1337
1342
155
1325
930
1485
1332
1017
1453
1317
592
640
1342
1329
1094
134
1443
727
1397
1402
1355
1364
1347
1062
1324
741
1411
1286
159
749
1433
1314
680
1348
378
603
1448
1418
870
613
1404
1407
768
494
1390
161
1318
1002
1360
135
640
1346
1384
157
803
1389
1315
711
135
1252
1396
855
1372
1271
1276
842
1396
1371
1359
920
1367
932
1443
2310
852
1402
1395
598
1324
1410
135
1271
1385
902
1410
1404
1406
805
945
1400
135
1358
1345
135
135
1329
134
659
661
158
135
1477
703
