941
976
2455
927
967
886
941
144
933
914
1032
976
2018
892
2068
759
917
810
879
986
948
898
2211
2095
854
2076
134
155
145
928
950
2126
931
560
981
2096
669
1007
242
907
961
598
873
2836
135
1857
1512
579
922
995
888
965
2081
1221
901
146
893
583
951
934
931
2907
1263
1985
2456
955
154
975
1798
1441
960
2030
2415
991
923
2166
881
1041
1026
1660
1012
972
2061
883
1012
156
158
2276
959
159
973
1890
576
2032
934
1153
144
919
1340
884
1447
1453
145
972
2823
955
155
896
1680
875
1950
674
1453
1472
914
953
908
991
2382
829
985
897
157
1778
2131
1949
1542
950
979
947
910
965
1476
712
162
856
134
1124
910
921
154
1505
972
882
504
155
1535
978
940
1261
868
2077
154
2105
879
994
1072
929
1001
1035
2018
1008
911
925
651
1370
958
1291
935
950
885
962
908
523
744
1265
892
155
950
156
920
153
2246
1641
970
843
553
893
941
869
955
924
1572
548
914
990
911
943
1455
1741
1300
148
947
1787
1945
784
1362
877
921
1005
558
926
1192
1046
826
908
918
594
1006
1038
903
1093
726
357
963
920
914
998
507
924
947
1237
898
946
1828
918
902
1920
629
1715
955
592
241
933
144
1357
1286
906
2160
888
891
947
951
2122
2451
147
1425
1421
1205
856
901
496
769
913
150
1276
602
934
1725
896
684
1055
158
591
949
881
920
959
1245
299
134
908
941
1553
987
915
973
158
968
155
2015
905
949
926
145
1021
1217
960
1630
1488
494
1176
678
1007
155
1084
1221
993
665
669
713
886
2140
1547
647
1579
1007
1087
927
912
951
953
954
1591
962
908
894
763
1100
637
941
747
528
1119
158
900
2077
870
961
738
990
897
1058
2312
133
134
2102
144
2118
1435
792
1089
248
609
1126
857
926
876
928
2384
953
909
2113
1645
1552
148
988
2140
991
938
881
798
1571
942
913
1594
1418
949
890
941
1690
864
867
947
1318
1028
1076
158
147
155
158
472
133
157
293
1539
2752
970
2137
857
1549
154
906
1281
948
873
679
153
156
946
1528
927
1908
972
936
1002
925
1935
986
1425
879
851
673
790
917
950
1332
588
945
952
944
1459
1201
491
1133
683
154
846
1264
352
945
918
968
1685
986
2244
1670
897
2335
945
870
157
2022
882
2903
159
145
2085
567
962
594
903
964
2367
1394
157
963
152
585
933
568
1177
873
1143
888
947
1029
972
1024
1506
1704
879
922
868
961
2890
969
921
945
861
1052
953
654
998
973
1857
1136
1699
1977
954
275
593
863
946
1223
768
997
906
1726
1471
2554
601
488
1493
1009
145
154
943
947
888
1010
1013
935
1982
967
993
967
994
1662
832
1785
899
1339
626
158
634
2121
948
2290
899
194
149
333
2814
2259
2365
968
937
908
930
2123
677
897
992
654
892
936
798
905
927
1108
410
749
791
156
1599
963
891
960
992
1382
2045
945
952
983
968
498
1648
2076
919
2013
948
991
701
922
153
1761
2036
1959
892
856
955
623
935
909
134
2052
148
2004
931
970
1563
961
652
155
2028
1628
154
2735
2476
2167
948
1154
925
990
1235
984
971
818
796
2698
910
1704
2028
885
755
924
999
925
885
930
835
946
2046
1120
932
150
964
900
150
886
885
777
1475
1024
2130
158
643
940
882
2483
989
973
2115
950
2059
2478
1287
849
958
2164
2681
940
987
889
752
964
975
943
942
975
981
981
922
947
2476
880
1847
797
2799
932
1058
1145
986
1967
925
416
1512
154
1007
1295
914
680
549
153
2014
900
959
134
936
907
973
865
151
153
158
864
912
1919
766
2687
903
985
956
940
933
2086
954
952
1009
2021
893
1057
936
919
996
2724
134
995
1134
1247
1245
944
1741
947
1007
968
153
1148
963
738
917
926
977
942
897
952
932
912
1507
2069
963
974
959
2147
1720
814
1005
967
517
1782
2167
1648
959
962
942
964
2525
2917
134
2119
155
2490
926
1987
1628
905
2039
872
1650
157
955
2592
2883
946
989
1340
899
1658
929
915
723
951
988
931
804
790
763
1739
145
310
2023
1666
965
1564
903
1790
881
961
941
981
155
930
1085
134
2256
929
1743
863
919
906
1885
2369
749
145
548
656
953
995
896
930
3045
947
251
936
1256
910
942
486
965
977
133
2555
688
2395
979
151
1247
1358
857
2157
158
798
950
970
1909
1019
1816
696
726
1012
897
1528
760
2573
1011
1717
1513
526
869
979
987
940
953
969
134
159
1042
150
657
859
2423
1036
912
1751
981
983
930
1667
2431
616
2131
973
984
1987
926
154
961
978
2960
904
948
958
2136
144
976
1669
2288
1729
932
1498
966
948
989
155
155
954
937
701
2119
2140
948
1335
178
832
1513
193
951
895
2002
1250
461
976
556
900
935
628
2213
808
155
1330
948
1422
977
883
989
1714
1377
938
983
2249
155
512
1004
1954
877
2490
923
472
134
547
669
2171
1232
923
921
941
922
487
972
598
962
993
2106
992
2200
959
958
2425
958
858
598
992
1991
921
979
889
2088
568
1888
1242
989
601
2109
156
974
148
906
158
935
155
1556
933
2172
925
538
977
928
902
1014
2096
1010
943
934
1997
882
3190
844
155
659
2168
938
931
2569
156
154
954
2501
1599
993
2090
1002
154
1002
682
1457
555
1584
1357
159
2580
998
1435
969
948
946
645
940
605
2803
2114
978
2379
999
970
755
958
997
895
1161
888
870
681
960
948
1816
895
521
939
1593
912
1787
1000
964
888
900
940
2086
935
913
133
880
1312
706
981
982
920
911
1241
158
133
962
757
939
621
2105
1003
1037
976
2112
564
1482
2191
1007
937
954
967
389
1104
2057
2808
917
668
1231
906
987
1033
931
925
133
1469
2846
767
862
959
2086
669
1232
880
944
916
970
152
968
945
951
925
860
154
2339
923
1097
733
135
943
1909
2045
430
2463
1227
2132
923
1139
875
1932
2096
1903
746
896
2181
1452
1177
2913
956
622
1759
2071
1005
1993
723
2561
1029
1844
1296
951
1275
943
1620
1867
1047
495
535
1769
158
913
915
2063
1257
1722
1081
899
961
973
955
995
873
1652
2486
900
2200
917
1957
994
1169
862
952
1014
967
1810
1349
903
983
1197
3037
144
606
953
652
930
1226
2161
912
910
963
310
156
988
156
2075
149
1673
681
2053
919
957
927
2291
154
944
955
775
935
923
1189
153
134
895
134
1018
771
1007
949
149
936
885
1664
1288
818
2153
959
1421
949
1027
913
907
925
160
663
746
991
969
874
953
547
948
905
950
915
2287
1580
2774
945
715
982
898
2059
935
625
1662
900
1990
152
915
1075
985
956
925
958
158
204
782
918
971
903
914
1303
959
158
1240
1280
854
1177
1002
895
144
598
2711
1674
1006
961
973
675
927
968
2132
904
928
955
946
2896
915
701
1759
1410
946
669
991
2086
134
1813
942
2115
633
973
1398
2891
1008
1597
781
2109
546
1016
998
949
2149
991
1011
2051
147
2284
935
889
656
924
963
1459
953
1997
2468
992
2189
154
906
962
904
903
955
135
932
147
155
1175
148
916
1118
2094
1042
932
934
431
968
3290
2023
3116
930
1671
2048
865
916
913
2471
965
905
2864
2117
942
2114
956
832
944
2112
1744
905
786
899
917
144
940
916
984
1485
1586
2703
853
941
1694
159
1000
149
644
894
965
155
531
892
894
1709
2020
539
153
618
897
1510
1791
900
1831
1905
134
961
998
1489
984
2352
1761
964
1040
944
786
1618
964
745
256
528
880
835
1024
1953
930
1469
933
152
951
2557
962
920
155
1967
154
1224
963
647
1813
135
2294
965
1000
650
1642
1234
1615
905
1004
900
780
932
151
988
2158
829
822
967
960
1611
742
948
1136
133
2188
905
954
2019
912
1632
930
983
2131
940
1684
1027
2074
2084
1335
1103
677
985
893
1646
1141
681
1024
2284
933
1619
158
2803
1384
970
1441
938
1603
949
2247
919
2106
988
1651
2050
950
157
789
975
2018
1726
954
911
2904
972
989
1006
952
1203
2004
895
885
898
973
1638
960
966
2063
955
317
980
635
1475
990
882
1277
971
134
1675
447
1044
922
2120
1203
947
756
626
906
2024
155
937
2120
1002
603
1624
945
903
145
767
686
631
1594
894
1484
2848
626
586
702
955
148
158
1710
1349
1587
133
1021
2183
422
981
133
1006
1442
951
1006
902
890
900
1408
984
1063
946
898
645
2131
902
1767
1947
1738
2098
938
920
951
154
157
930
979
960
2102
876
902
998
910
478
933
958
972
919
2083
961
2120
967
1159
1405
3488
928
986
921
1006
2095
925
2056
133
938
991
992
899
946
133
159
896
153
859
972
1661
952
970
2851
2159
1814
638
844
897
891
753
927
965
2682
941
1179
156
952
990
1989
1032
948
1781
964
951
915
944
1369
1104
589
962
2263
1527
156
945
151
835
899
983
326
844
959
901
936
682
902
930
970
2102
945
988
919
1174
156
956
1150
1333
2087
924
2486
1309
895
860
3058
2187
789
157
887
933
160
2100
154
962
918
1312
1007
1005
1008
154
1079
913
956
3054
1101
1059
875
488
915
2855
924
154
973
925
1501
906
934
2080
2169
155
2730
2170
1483
919
1011
147
154
970
1680
2873
576
876
897
1497
1329
965
1056
919
1712
951
480
134
957
990
2036
153
152
977
942
901
881
345
2248
989
950
1434
920
1007
135
988
2666
911
955
929
1001
765
770
890
933
2114
921
624
952
555
961
1012
1241
973
935
967
933
2931
903
886
2067
1004
2398
3293
1579
1028
622
632
728
692
737
980
971
960
985
2051
159
898
3462
966
149
984
2055
1543
154
1958
728
933
1233
984
133
2027
910
1011
1211
977
1995
944
942
544
901
2922
501
948
792
2140
937
1454
2386
967
925
904
144
610
1635
2096
990
157
976
652
919
145
1013
913
997
985
1968
1352
911
928
968
1100
2086
967
964
965
965
1319
2368
1613
1992
2958
1824
923
956
3139
912
901
948
885
149
134
2151
2160
154
171
962
1011
824
1580
1360
566
692
323
156
936
974
948
961
453
1451
966
842
2366
2044
955
986
148
941
939
150
943
952
1276
902
2783
977
133
647
863
158
991
1703
861
151
227
906
952
897
2365
910
548
894
908
156
1981
1087
1120
904
145
951
936
896
512
1602
965
932
772
1700
2313
895
930
975
783
970
988
906
822
997
1027
589
962
905
915
955
896
893
156
1930
967
954
923
944
1317
909
155
953
678
892
952
921
803
820
900
1678
946
144
936
824
987
926
1101
1039
1021
996
908
967
923
2876
963
948
907
1742
1050
2079
865
2095
153
158
967
908
1311
2441
923
2860
954
134
941
1170
836
929
2235
899
154
1375
987
2567
806
887
931
896
618
1752
134
966
970
566
2567
1714
135
2471
1481
974
994
158
148
1819
158
882
1753
959
952
1025
1181
548
895
923
1770
158
155
992
993
245
990
649
133
155
882
1787
960
1912
870
1406
989
1464
951
869
901
1300
2503
915
2039
953
943
974
1323
2005
886
1722
1030
2025
358
921
156
729
975
1176
1485
1029
975
957
2082
935
1204
1676
1486
2127
951
902
1002
1736
2202
941
875
964
939
505
1519
1535
961
1293
155
944
925
1762
150
2127
1057
1691
1794
1129
1910
2053
908
951
935
967
1005
942
151
1076
1174
1001
2253
935
986
993
967
939
508
994
1005
996
974
900
954
1660
143
966
929
134
948
1264
906
1694
1534
899
929
158
940
971
1847
944
967
1041
924
1246
912
150
998
2047
919
2051
946
1062
974
158
2135
2307
969
144
950
346
2936
1011
900
1091
154
954
1907
1309
979
135
2106
906
914
980
902
627
1627
1005
1494
2290
1284
2563
895
2716
1278
1137
782
1093
1011
154
1762
966
927
153
893
749
439
159
891
938
158
2106
447
997
898
2059
957
615
157
2442
1026
981
2210
1504
971
743
931
1199
890
947
155
941
1146
967
155
1391
2086
1248
943
900
939
1677
1005
925
729
934
1257
151
934
280
951
618
949
3515
908
894
902
956
967
134
158
751
988
2002
412
1024
957
2363
593
572
992
991
948
966
154
907
2176
904
477
1048
2114
1676
978
208
923
967
619
154
149
1458
947
997
930
940
135
878
952
923
966
909
133
996
995
832
901
979
685
162
2218
983
1704
886
996
904
148
2218
874
887
2524
2151
900
977
933
1319
1024
155
1438
957
1024
133
1715
719
155
1647
929
988
944
1251
585
3129
931
963
971
615
914
1015
937
524
152
930
154
942
884
2168
966
1006
1674
882
1399
150
952
159
1807
1315
879
951
962
889
999
1567
1544
481
2135
928
883
916
1621
2187
956
898
927
2455
2838
962
1003
860
1077
1847
155
1018
156
927
2787
135
915
2092
2216
975
881
903
2685
153
1938
738
1011
943
920
948
2076
936
950
887
864
1013
135
937
981
922
938
933
2060
1005
1127
1702
937
927
158
1025
1585
679
974
1801
945
145
154
1006
942
2489
925
1029
733
1094
1575
2801
2015
919
1000
156
1175
944
934
1205
934
949
2049
726
1093
1655
992
942
1361
951
2030
153
1019
943
862
888
1081
1412
954
886
986
1294
923
2156
1517
1679
153
1433
978
948
1611
944
978
890
930
990
2133
148
1718
1641
905
1419
2157
1231
2087
1003
1923
519
899
957
1058
1273
918
961
909
2085
968
2145
1352
820
2746
1734
987
157
1164
974
906
970
762
2063
999
905
589
1109
944
1967
1024
1687
1386
905
2146
606
988
994
135
2143
968
2102
922
923
875
1003
895
478
910
1265
991
1141
160
1054
766
856
996
1102
888
885
926
957
151
908
898
2598
156
884
2115
908
158
908
1001
850
991
723
832
981
907
904
1229
155
959
1869
2868
2060
144
1742
922
2290
976
917
1688
964
892
929
2151
680
960
1430
972
1401
919
856
2970
516
1292
2177
2857
946
1729
981
999
954
868
998
948
801
1931
996
903
2025
894
1348
2901
133
981
955
156
786
445
2314
950
598
741
2108
920
917
2356
2082
934
948
996
2175
943
1207
559
870
1900
2055
2467
578
743
2068
559
982
2060
937
922
918
133
999
665
2124
2748
1880
962
586
157
2058
958
552
877
939
990
937
2108
908
533
969
1289
929
1002
995
902
956
2077
1025
562
1431
585
854
2438
2035
946
2316
1974
941
959
909
2426
970
994
953
1456
982
961
936
627
135
1593
2051
949
2875
1009
1117
157
2623
1074
947
1029
135
2183
1814
1985
932
994
2163
906
490
155
937
998
978
901
912
1730
998
971
1128
1332
851
149
920
861
980
925
209
147
920
158
1457
2148
910
2093
872
923
642
2620
892
2153
965
1587
922
1224
968
741
2136
944
931
941
601
1421
927
915
2150
957
601
978
2900
679
2396
2825
1630
927
2074
155
153
1131
945
964
2034
2841
305
2030
818
2171
1000
927
955
1474
1535
1080
918
918
1634
1337
1763
1966
1438
1654
839
564
948
962
922
618
1247
878
979
906
675
933
2090
956
577
1377
979
963
2083
2896
2214
1715
157
145
2883
837
850
2162
1676
990
919
156
2179
1115
2315
134
938
982
1626
566
154
910
2339
2006
977
2876
921
1288
993
159
150
917
936
949
808
565
2110
659
134
146
301
912
1038
970
1363
1008
2145
158
752
2105
928
1539
2211
862
875
154
742
1014
1017
2149
1417
914
960
150
999
2056
2165
158
154
1001
943
1682
621
1684
976
1258
913
994
2070
998
1139
154
949
2026
926
904
622
2199
1003
933
1992
2540
989
1396
906
147
1000
942
2083
154
940
1639
2034
883
1875
991
913
922
983
2754
2156
863
920
147
1098
183
1533
894
1099
612
960
586
884
627
950
2153
883
586
839
941
960
1036
856
885
1519
1293
920
1020
948
1567
608
1582
979
791
153
1017
934
886
1089
2024
899
1667
928
1732
1239
970
2081
1088
1332
947
724
945
2592
154
1650
954
2454
955
1029
1643
2560
949
2211
933
158
1299
2400
807
941
980
1711
1688
1314
916
1535
992
936
2087
958
976
1246
495
948
656
917
156
945
1274
2080
1207
954
156
927
963
911
1436
881
1491
1664
879
970
1864
956
982
1027
1993
581
2178
2712
154
2460
155
986
999
953
923
1178
2144
154
2096
489
934
967
2776
953
636
2075
936
1630
1969
154
134
917
943
2234
969
963
972
2186
2186
159
924
985
935
1330
941
949
897
928
156
2043
1008
902
966
2090
901
894
2382
154
2376
948
2124
2697
962
1801
154
986
434
893
1627
1270
1715
928
778
154
939
921
924
930
159
154
940
982
1755
153
927
908
2175
923
1202
940
418
920
954
752
2032
474
925
2066
954
757
966
978
919
886
155
936
2110
2818
157
1725
745
1606
1203
1017
834
625
967
1374
955
2287
2077
567
2116
1445
725
846
2336
868
1678
1004
171
733
154
915
936
2139
893
160
914
2854
870
2117
1077
1698
946
987
2402
979
1010
963
145
935
1990
146
2096
1724
144
155
926
921
682
994
917
974
1514
1595
2080
945
967
889
156
1020
991
2830
653
2478
984
984
991
1948
2125
2130
1157
977
643
909
2085
1129
1718
950
1850
883
900
360
574
961
1588
158
1190
1327
885
978
1676
1010
2735
900
1016
893
1807
990
958
1578
593
930
954
981
897
826
1483
869
654
874
938
956
912
1555
1101
974
836
636
995
969
916
937
957
952
945
2601
941
1535
1263
1191
156
1025
939
1776
625
480
987
902
966
938
1998
967
157
971
1397
158
953
917
133
865
1471
1405
1970
956
963
975
1141
1364
135
1115
134
2240
956
159
947
930
931
840
954
2908
950
2175
948
986
922
1502
930
736
619
976
915
656
999
1685
1204
849
788
133
134
941
1973
398
911
925
145
1076
855
1592
907
154
557
956
896
948
891
894
944
966
626
903
1608
998
1729
996
144
1442
881
1095
948
1890
872
646
2467
1240
957
598
904
2104
1024
1968
987
640
1131
980
941
2428
937
2202
580
909
1439
967
962
1220
930
984
898
933
1521
649
2166
917
920
622
964
983
157
811
987
931
893
995
946
933
2102
935
913
986
905
2968
894
2081
684
937
882
944
1822
742
2480
1860
918
877
934
929
2133
986
2483
1675
1997
134
954
903
938
2955
2056
932
1171
1989
920
2145
2901
924
925
159
962
1018
1460
978
674
2104
935
2191
944
839
1837
1835
2143
2418
947
907
961
156
2914
837
1262
148
824
875
982
974
686
736
915
1732
787
734
2053
2109
903
900
1378
158
1789
1348
887
2050
2108
937
944
836
1196
2327
1410
279
214
155
1636
1250
994
2129
1009
135
864
914
925
904
145
1868
730
743
154
947
145
972
950
147
1280
517
943
924
904
933
1987
155
544
971
573
912
1735
2082
997
815
930
1531
520
949
945
781
954
156
1131
2092
927
952
995
154
1928
950
1672
928
997
996
974
889
774
2789
968
2409
247
962
2041
922
1264
631
747
946
830
1003
1198
951
1268
315
1204
1250
957
961
916
2830
942
134
947
135
785
285
2545
2465
927
1042
340
969
937
881
149
592
961
150
746
1002
973
1387
927
953
931
930
947
909
923
889
862
955
1157
863
1468
616
892
963
1593
1931
2855
1201
959
2804
1396
886
2237
1790
1069
959
1478
2117
909
912
158
144
1027
868
1088
154
778
982
2116
931
990
156
155
1284
2092
2066
977
1309
986
887
915
1295
2137
2367
135
503
134
1622
666
932
2204
2260
875
135
2051
923
1019
2390
963
653
2079
939
145
941
1619
145
458
902
986
936
909
919
917
905
919
2117
2155
961
1405
479
614
899
979
147
1629
1609
965
996
1000
937
2792
2152
1975
158
2519
931
991
938
888
924
984
938
2015
971
943
903
493
935
949
964
956
2177
2220
1994
799
962
939
134
2651
930
2014
1038
944
908
979
159
642
2305
1429
572
943
902
1017
610
654
955
913
2044
2374
151
157
953
994
1033
749
977
943
954
880
933
581
1358
159
767
1835
133
1712
901
979
1682
994
972
895
1463
1428
891
1011
987
497
289
954
158
2110
948
1813
912
972
135
875
1659
2018
933
2165
158
1048
986
1740
145
830
729
992
2144
157
200
716
155
929
2047
1516
1826
999
2057
2124
1941
918
617
948
827
152
1555
967
988
158
974
1141
931
893
152
908
1301
956
979
1518
935
2433
1131
904
978
994
2127
1220
948
133
2162
991
1476
1405
923
989
952
2062
155
158
133
2121
560
2082
1009
2849
962
999
150
943
1994
246
1697
1442
699
612
879
1553
961
999
1850
2173
910
922
1856
949
151
936
912
662
947
963
1498
150
1248
828
1070
133
928
892
940
785
966
923
931
1013
1082
2074
968
893
1732
148
154
1358
2248
742
958
2056
936
610
960
1220
2035
1282
566
1319
938
1934
966
948
1509
2602
147
853
974
986
1550
498
1705
718
367
651
943
2267
133
651
1152
874
976
712
1292
153
1480
947
135
1007
955
155
1210
934
948
445
1005
374
135
157
945
926
964
932
905
1835
932
1542
1137
958
970
916
946
154
2430
2854
786
898
983
134
2103
932
135
2321
1045
2063
957
148
988
936
1894
989
1003
2107
2734
915
907
926
549
2918
1895
157
958
733
894
1716
1415
2135
1038
976
950
2481
966
2059
1075
895
2142
987
760
630
951
1315
911
946
966
915
135
338
2280
1696
2195
2612
1608
936
912
967
948
1947
935
1676
1698
1001
1482
167
1644
2302
1692
985
923
2849
905
893
1811
158
2049
975
1993
958
1079
2500
2099
1733
1286
1785
2823
671
1932
958
895
986
2627
2041
1791
1024
903
953
577
983
2182
908
610
2467
576
930
154
960
2134
2108
159
922
154
891
979
2197
683
2937
949
2276
965
901
599
933
971
1282
1048
971
156
1010
942
2481
2135
668
155
939
1842
154
709
566
2222
158
883
935
152
1513
149
905
902
2199
924
886
2115
1177
2321
910
1317
934
996
321
927
144
578
1948
954
893
1314
834
976
1521
874
2434
910
859
1772
155
908
908
922
1220
158
1067
1032
755
884
1353
159
548
1693
1357
980
2152
1374
152
729
898
2071
974
945
561
1820
1777
967
982
935
954
155
1512
1134
155
909
996
2756
572
889
1992
1646
1161
429
946
2790
816
2292
948
933
957
1049
1252
930
148
1195
950
949
2135
146
974
957
972
2134
983
960
949
967
154
2060
1819
918
157
925
961
1245
2125
205
972
1013
951
1177
149
920
168
887
2922
993
976
596
918
2129
1983
939
865
1325
1496
984
926
947
866
946
1523
663
947
1543
942
871
915
926
924
989
922
957
940
2869
2781
574
319
881
1566
967
158
1001
1374
2273
231
958
1638
920
1164
1562
2281
2631
689
711
946
1358
1654
145
154
882
917
931
863
995
879
959
860
900
2134
896
934
650
1030
917
901
973
845
1833
996
908
881
1011
941
1736
945
2157
150
2879
916
1710
2155
641
976
1405
1273
970
793
982
144
154
868
144
1480
959
495
1001
603
956
971
962
1060
1990
938
2070
971
890
2155
135
2059
948
483
987
982
156
958
151
1191
643
1017
2098
827
152
930
985
942
925
1159
522
2473
980
597
1437
148
1268
918
967
561
898
2105
999
860
143
596
2403
931
2093
567
1789
1947
974
954
932
2371
998
916
938
930
914
977
2654
1350
2026
2212
157
154
2813
1203
911
1300
905
980
1000
861
1616
985
1420
133
1489
160
968
2926
924
147
957
1340
976
1572
898
756
806
1653
1006
155
2124
145
1553
2161
1643
184
2019
945
975
919
146
905
900
147
979
155
1972
1064
1224
812
1001
615
1004
2083
954
640
149
1305
926
941
994
909
987
554
1692
774
872
878
980
1002
896
143
1715
1317
983
1882
319
928
2079
890
954
952
1403
935
640
1011
839
880
149
2104
961
2100
979
1249
937
1302
2369
919
2178
2125
898
959
145
938
1758
993
907
888
1986
1531
990
133
2891
2136
918
945
989
974
2492
155
1461
1274
1396
949
147
968
2361
1074
1310
957
879
133
2085
1293
1823
585
949
2108
896
625
695
981
932
2776
228
1313
1579
1056
952
1269
940
2257
1067
466
955
1007
2643
986
986
155
875
968
1031
2648
886
1600
1872
926
942
1011
990
976
916
2086
924
863
922
850
943
2165
2232
1285
845
825
1761
984
2086
1606
1552
887
839
935
1198
918
135
1228
776
903
936
863
586
965
1187
961
490
596
272
2055
2126
497
529
133
2468
878
1052
2157
2024
1004
926
832
283
1195
900
923
954
1688
134
794
1580
989
663
866
438
1486
1602
912
871
1402
919
2497
1480
1631
894
1848
3965
981
640
1210
158
978
1646
249
997
978
623
1507
921
820
1012
1059
1543
953
2824
921
1172
979
862
940
1345
892
2605
971
892
1395
981
948
2214
1832
156
608
971
680
983
646
2059
945
765
899
959
2072
900
1370
2110
154
1507
1001
154
1346
2036
155
2063
982
2023
962
1331
1973
1436
849
971
865
936
975
912
969
2044
1498
913
1533
872
615
968
805
907
686
706
961
2967
1395
889
943
912
1592
926
949
961
2112
940
958
1212
1483
2536
1720
934
971
926
981
925
886
851
1005
833
920
1743
2064
621
931
2112
903
1477
910
159
150
1486
909
1119
476
803
1086
918
157
952
1003
158
1555
154
940
938
2076
890
1001
978
2029
930
915
1671
978
766
899
1945
1011
916
920
944
1126
906
953
411
2076
933
904
559
2762
1407
1772
1309
980
1461
918
968
950
1744
2619
1143
2017
538
998
905
946
1248
952
982
638
885
145
734
2691
2126
1917
157
689
693
941
2537
2899
947
960
154
885
935
451
939
944
941
910
2335
1257
806
151
969
1030
932
925
2091
947
921
2880
1003
1256
441
979
651
184
996
935
1957
155
2719
1337
2199
953
930
1958
937
953
1213
897
654
980
736
951
2598
1261
933
2084
2265
1167
974
921
915
1813
2727
1877
1974
1779
2080
1010
1024
980
795
928
982
2036
453
996
971
2785
1453
945
1380
910
883
706
1036
2720
149
1024
1499
147
1822
951
2017
2324
1289
647
921
962
862
1000
1233
971
947
919
146
957
990
2532
2140
902
969
908
2120
918
967
916
977
956
1012
999
985
1323
1295
991
155
152
1113
916
945
969
1029
520
158
974
958
1791
1329
1349
918
2833
1013
1523
901
1535
2020
957
1172
158
912
133
970
1002
2088
2368
2442
1446
991
147
156
931
2808
705
942
946
795
950
2071
628
973
2134
998
668
981
2034
985
1042
969
2075
2097
984
907
951
866
917
1002
979
685
1431
946
380
150
1457
775
660
2252
883
2072
789
954
925
943
909
144
892
912
631
2257
2150
1132
775
1993
967
966
1046
734
954
884
1397
884
155
885
985
968
2059
929
857
1004
157
133
974
665
1014
478
158
946
1315
1751
1508
959
584
972
153
1021
953
1437
928
955
562
2778
903
923
1621
996
922
648
2884
975
952
942
2082
660
263
535
1187
144
905
157
965
2145
156
1343
1000
1199
2944
2119
928
2989
615
985
937
1236
727
708
1306
941
134
1497
848
143
940
914
306
2123
947
734
940
941
904
984
2924
155
926
946
1690
848
1917
1521
884
158
487
989
889
1189
892
153
910
422
679
934
948
968
155
1065
976
183
1430
2495
825
674
159
1009
859
1577
896
521
2085
902
2045
919
2901
2519
868
3163
645
2125
1155
906
161
2291
2861
948
1201
146
964
159
882
1007
933
1339
961
988
1544
795
1114
155
864
973
1466
2152
588
151
916
958
1003
737
949
872
914
2114
596
910
942
981
960
897
2898
2471
2707
887
773
933
1014
985
1480
1354
899
1838
2067
980
149
1235
883
963
1740
2724
1029
788
953
934
1031
954
946
1603
942
921
1008
668
962
633
702
579
2312
912
942
890
980
922
697
930
448
1000
915
2649
903
934
1592
539
899
951
950
777
961
963
1193
882
927
154
1724
741
952
948
1979
948
2081
1550
940
618
889
2147
1596
977
944
994
969
2372
2664
945
316
920
1091
916
1016
576
814
2049
939
1999
1653
1602
946
1742
1434
852
1501
895
962
1281
1669
597
988
991
1748
158
156
946
938
1647
1475
2025
808
989
1252
952
866
1231
1582
961
987
959
909
1108
2023
152
854
897
1368
913
1874
886
995
1032
1028
1116
156
154
1673
2118
923
933
2137
2862
1561
2126
1644
1006
1296
925
883
957
727
133
981
932
2815
991
2071
939
1006
158
963
955
1711
885
389
2088
135
961
2053
951
1295
887
2915
933
2308
148
2039
899
1024
2888
965
145
809
1648
933
962
1596
875
633
135
2486
879
950
950
1123
1987
878
2412
859
623
521
928
894
1055
2548
936
2079
962
756
2026
133
2022
686
986
1438
2187
1158
952
907
936
906
748
1013
1024
972
973
135
947
1014
720
938
942
894
928
2143
1602
926
929
157
1315
1919
680
637
913
985
919
961
1000
1425
156
934
146
962
875
990
710
930
989
2119
987
708
921
2025
293
632
920
965
922
2110
2105
965
2158
153
2726
1026
1059
913
974
758
1402
963
134
2137
145
997
924
2320
918
670
594
1065
937
946
966
1129
935
662
954
952
2002
937
2930
908
2105
148
978
925
1622
942
154
1475
2169
156
1013
1994
156
948
916
900
918
777
923
553
946
985
880
159
923
155
2129
999
988
1154
145
916
158
416
992
2094
3048
945
910
963
425
156
701
569
949
2147
953
979
1334
909
1146
509
2279
1613
972
817
947
1744
925
2012
151
1189
985
888
1402
1727
2186
846
151
2801
2206
927
2095
764
885
154
158
905
660
1135
1000
977
995
1466
2196
992
886
2107
1135
1174
1451
912
922
909
1106
924
2072
1432
941
886
705
868
842
157
149
1651
2355
957
1716
961
152
158
154
134
964
1028
920
906
648
153
1169
314
934
916
226
929
974
513
2145
158
914
974
157
1636
968
929
903
985
766
982
940
926
957
974
612
896
919
2035
1335
905
938
860
2243
952
957
157
998
909
1146
990
135
2155
710
1640
953
1610
1673
909
151
954
2479
150
1692
991
928
946
866
899
1027
1290
906
154
915
870
1013
2343
963
992
804
1732
1641
899
1500
1328
627
899
906
2554
517
997
922
902
2070
2094
1596
1839
903
333
155
928
968
894
928
1114
917
2278
988
665
2110
1005
924
1600
990
1580
1032
1136
878
1435
1689
958
869
717
1016
920
950
935
157
917
640
518
919
2835
954
901
2256
1754
959
950
1553
2138
2069
832
1137
658
874
368
1619
1026
1089
2219
908
1995
753
1181
145
950
1039
963
1108
920
584
149
936
2768
2824
935
1178
2088
913
953
978
2072
2084
954
961
228
1072
916
1502
931
1507
533
1645
2044
2904
1209
1566
1027
969
942
1409
1112
1277
888
1004
135
156
1644
586
936
1025
148
900
862
1489
410
1077
945
145
1172
871
879
1484
2103
942
958
885
948
152
1597
644
1031
2157
2154
2183
1439
2184
2090
1535
2174
945
1172
2151
135
884
157
1518
957
718
1051
1892
841
943
2118
893
928
832
977
1207
918
2923
2202
2164
879
858
149
1339
1727
919
974
937
962
1012
2000
969
740
986
1862
932
357
677
2376
943
1595
968
1986
1270
898
692
1856
684
159
863
1277
1829
943
2310
915
1477
2825
2019
667
2162
1261
923
987
920
144
951
947
943
2890
941
145
569
1796
925
2104
660
922
910
881
936
676
2065
918
944
953
949
995
154
498
1180
858
1042
134
2243
926
949
924
499
922
916
1231
1454
2655
960
944
962
2204
1002
1906
135
956
529
1731
733
239
869
928
963
921
943
1683
154
1330
952
937
959
888
543
155
1002
156
965
942
915
156
791
133
2100
984
909
1376
2917
134
987
934
1060
256
860
945
1891
989
1550
972
957
1706
984
933
821
928
663
716
1035
2117
158
924
156
546
1182
154
155
1534
2027
666
616
533
655
900
1878
1203
939
355
947
1119
890
1447
924
1476
457
933
940
2196
955
1394
956
936
962
135
2066
945
1606
636
843
979
1898
919
994
1241
929
956
906
725
934
960
2032
1753
2787
912
1902
974
1037
686
1015
933
968
1566
935
963
952
897
640
951
955
151
1682
134
936
899
1010
2837
865
958
2008
159
554
1331
919
912
1136
701
2158
961
1692
542
1008
971
2434
155
976
959
2838
1587
965
920
935
935
567
877
591
994
1074
492
753
956
1978
2173
969
857
2127
953
895
954
350
2116
145
939
157
996
685
624
938
2347
902
146
156
983
3155
934
2100
958
1548
945
551
957
953
150
919
608
1183
878
227
1516
945
957
382
964
967
154
1427
884
950
989
1956
155
860
514
987
1504
2426
1671
881
2012
1030
1255
1231
1501
955
145
1167
1141
941
2179
764
2117
1006
134
1560
158
2191
903
156
155
2143
954
703
991
2031
2966
1010
956
934
960
952
1686
980
1761
979
988
886
953
615
1990
963
513
159
600
1455
521
990
893
133
900
996
2077
847
1325
1356
922
1320
959
1006
1447
1645
856
974
954
1052
963
942
875
909
931
932
606
999
480
928
966
1443
2174
707
890
1327
680
899
1407
664
902
656
948
577
962
669
590
974
2143
912
962
932
913
974
1170
155
1979
1203
991
2129
890
1003
955
919
1193
1461
990
2265
904
1178
962
940
2038
956
1302
900
837
976
863
951
1005
158
911
2137
861
914
999
157
1706
2315
405
955
154
919
920
983
1426
956
961
594
586
929
953
931
377
2045
2060
1060
2176
930
1594
2330
984
873
942
1708
1038
466
1002
955
924
946
135
134
971
931
940
334
197
932
981
998
947
978
902
145
2081
513
144
977
722
2518
2187
158
974
154
2844
445
951
538
133
1010
1851
1101
1545
907
2877
896
694
978
961
946
566
1021
2476
2069
933
999
156
456
935
1247
1101
2826
918
897
878
864
334
842
822
155
133
963
1372
2060
1332
561
887
1370
964
942
1220
2072
2343
1228
133
997
644
967
135
1660
1606
159
154
1087
921
941
941
154
951
974
571
2022
914
812
915
967
1195
982
803
998
1494
1732
932
674
2860
1364
865
2138
943
1066
915
1187
644
1049
937
927
134
922
151
1097
966
953
894
1056
921
949
934
528
964
984
790
1382
2051
1005
2826
979
995
985
955
968
1043
860
940
2079
631
956
920
153
1823
1041
1744
889
959
155
962
925
953
955
980
1592
1003
150
1000
884
974
1466
966
990
931
1851
998
160
967
2416
578
2126
982
957
2131
1027
158
147
2611
1333
1325
917
933
2314
931
956
987
155
2840
964
2142
939
875
925
1002
977
2094
135
947
969
907
939
706
946
973
157
940
930
945
980
778
585
2290
730
158
686
443
887
912
2156
2006
881
946
155
929
155
924
910
1380
906
2065
2068
2368
845
747
154
1388
976
886
899
920
216
920
243
971
925
767
1814
1394
146
2919
925
987
1794
958
299
155
933
920
2237
728
941
956
893
693
631
938
827
1000
970
875
813
961
812
961
134
1130
170
2147
998
940
1007
1323
720
1672
154
2831
2511
804
1645
1025
627
1011
146
1001
904
2487
1751
916
2090
134
1982
2805
488
949
146
1677
2160
2753
909
926
1011
2220
923
866
990
1876
920
932
2867
1364
992
883
968
895
982
893
311
865
938
530
1002
2552
928
2864
965
955
938
151
969
2065
1978
922
155
746
1750
659
2204
1018
1672
534
968
251
915
1017
1993
820
146
932
2518
959
854
881
899
778
1281
1270
2790
1035
146
953
906
1356
1602
2016
1104
971
1074
145
482
1678
2257
1875
1260
980
2267
1475
1808
957
583
1331
1700
932
1232
1089
894
990
155
551
1184
976
1381
944
2049
678
1079
1842
2033
961
819
930
1011
909
2073
947
999
2059
823
158
2095
948
158
156
151
504
2465
1218
579
932
153
2531
895
2131
1753
976
893
878
871
1004
2083
723
2048
2577
133
930
625
568
1047
965
249
1578
941
974
926
922
2976
978
2423
884
930
2707
134
1880
995
896
987
1989
890
157
876
3836
975
2085
759
159
2103
994
840
820
1909
1965
1066
2026
1066
1606
730
924
2080
145
940
884
1509
972
944
915
1835
942
867
2922
2065
757
944
989
929
146
1426
746
841
2709
155
1535
2081
849
1002
961
914
2883
996
903
151
942
315
2805
900
2185
1012
1697
656
983
855
719
1651
1733
927
944
881
944
1476
290
940
1681
951
1083
1700
937
1680
134
1115
2097
897
2039
1045
939
2056
962
2147
733
145
160
965
989
1011
935
1710
134
1479
154
941
2115
1652
145
969
157
585
554
2217
941
681
586
933
991
2785
2975
2039
1732
779
857
924
938
781
1921
976
1755
931
1675
2093
928
718
949
1096
982
2038
958
957
927
155
1884
2097
919
931
2512
766
1317
901
1035
153
946
1872
686
1474
660
154
1000
1745
905
957
147
892
1710
977
996
883
1775
2212
869
509
927
2815
2079
709
157
953
933
521
864
921
1603
535
2835
156
967
971
155
1397
2025
1128
2089
837
939
979
2161
155
1000
2362
955
270
662
969
962
631
588
1751
530
917
1030
854
980
1642
622
1017
938
1129
965
969
1220
150
1000
1315
2404
939
931
1647
953
528
168
909
891
1484
2045
145
514
751
937
1786
890
1253
1621
1246
2029
2098
945
1960
891
1479
990
957
830
872
946
977
1609
145
2108
158
134
793
957
1461
934
978
2089
1078
2198
2168
1995
576
2926
895
964
1497
954
972
1587
953
907
2064
959
711
929
157
1678
153
539
890
939
1914
575
788
940
1441
1339
964
760
1123
987
1596
135
747
1538
153
2124
506
983
788
159
715
162
1194
858
725
2182
985
930
1034
986
2418
495
956
1031
2084
1230
926
1161
2073
2061
155
505
780
2804
970
906
944
152
918
890
972
159
948
918
158
154
941
930
526
909
420
1319
1826
2021
972
1612
806
946
1155
1135
1780
954
1268
2169
291
722
144
1928
780
512
629
1514
939
948
1451
2107
926
989
939
156
156
940
992
1214
962
158
982
1658
134
972
999
903
2018
2164
939
991
971
742
557
986
1982
991
1850
2043
844
1001
948
912
916
913
607
1000
953
966
1580
875
144
1696
936
3085
1010
2878
1307
614
1288
1760
2137
947
682
1006
900
949
894
885
975
910
927
151
1644
157
151
838
955
2087
953
987
454
944
894
923
956
934
2893
962
2165
2128
2046
952
155
1177
976
2397
865
914
156
908
1266
1391
949
890
1648
1541
998
458
899
146
847
930
986
618
154
148
962
925
936
981
1771
1260
880
154
938
1305
154
1168
160
2137
957
2460
949
977
885
2666
709
920
1024
2230
159
991
1003
2066
2197
999
934
2123
2025
796
549
153
156
961
2109
938
960
2099
890
950
1969
955
995
2762
158
955
971
931
1017
939
2098
958
968
968
923
687
1014
534
885
1226
1731
1259
939
1421
2114
2186
962
951
940
154
947
902
998
902
866
1047
1000
2468
1067
1679
145
1185
951
519
969
1680
946
154
1637
928
1416
917
540
940
155
935
552
723
1416
996
629
2179
1443
154
939
395
974
957
897
954
945
925
1002
153
689
939
1040
717
755
1254
1463
989
1614
1001
145
1013
2027
956
931
930
938
637
962
1665
938
973
965
2017
1393
929
155
962
961
2152
155
2931
921
878
1182
1125
2796
1019
688
1599
973
995
868
887
972
931
491
153
2093
1124
1165
1011
149
1270
864
147
1150
757
961
1227
1433
554
135
1076
931
965
925
938
920
972
1030
155
1446
2209
929
2249
911
941
901
577
571
904
929
924
984
2563
974
1036
2957
2051
1300
1015
884
1003
1035
951
953
935
2030
1477
2070
914
928
950
1697
994
133
1158
613
2428
2040
2118
135
884
956
598
972
948
932
157
1291
616
2090
514
2927
941
2056
973
906
2146
156
918
575
869
925
1702
1800
792
900
1015
996
192
948
2580
1321
935
962
1304
1773
963
988
135
1544
135
2842
663
154
950
1907
663
1598
958
652
1253
2911
965
1276
574
987
157
952
2372
520
2157
960
925
1375
1324
968
802
991
985
556
959
971
954
920
1379
152
943
949
2031
1114
1598
1821
1269
1082
2415
157
997
1869
2067
223
937
953
891
2538
158
2094
1063
133
935
1490
160
925
972
2036
1010
993
938
778
945
809
148
158
1658
945
946
158
1815
955
953
966
999
937
1953
1895
982
926
1032
1617
134
906
1674
919
962
2000
958
936
884
965
133
953
1301
939
959
884
937
2062
948
1387
155
633
2299
695
1726
952
1556
2813
133
970
1991
2058
2155
160
969
942
604
2742
905
153
972
2170
992
154
2198
951
1473
200
1255
968
966
913
953
153
1309
1911
950
755
1501
1993
926
840
910
952
2610
928
2349
2032
933
1954
952
975
663
960
934
155
960
153
2072
939
922
1747
891
638
668
204
956
1506
2096
974
1726
900
1275
1351
887
936
2889
947
1560
1005
908
370
975
956
2113
1079
576
2105
584
2112
1576
155
150
156
154
2147
135
133
931
2062
527
1440
1544
953
153
158
992
1121
1237
950
458
942
528
154
1311
1613
974
157
144
896
811
919
1656
899
1640
156
978
1304
154
942
1389
1430
838
866
706
950
946
978
965
930
948
847
967
2132
155
886
1089
1029
1516
1003
988
852
919
914
838
989
158
155
640
1535
1044
828
624
560
1000
967
151
955
2026
1175
907
439
875
882
159
1254
915
1297
1255
2023
1293
1393
156
2023
2017
539
938
144
931
156
929
800
938
1265
1030
915
2130
995
2084
944
2099
2440
979
956
1027
1134
158
934
937
158
2909
884
1692
152
927
1154
957
929
1458
385
2064
1582
2250
924
939
1383
978
911
880
870
512
155
2200
1316
947
969
910
931
946
2125
2141
918
909
988
2179
923
949
2130
937
2112
871
1287
1246
1013
1270
146
915
1154
644
2089
1145
446
910
1060
904
1614
876
2056
1353
2524
146
2056
2287
882
2314
916
548
2330
958
912
848
919
954
975
983
1893
981
937
2065
681
952
739
906
951
1025
931
940
941
314
2095
1177
1399
901
156
885
1335
1679
135
673
1369
934
983
2080
157
2165
2048
155
966
829
951
146
927
947
956
1280
812
2933
2521
2440
964
253
695
685
783
921
959
1010
982
859
1000
1108
891
1101
1935
603
1034
887
1303
951
156
2150
1020
928
274
1156
944
1156
686
924
948
1510
935
2125
1257
667
150
158
998
1742
475
1147
2389
2133
922
963
1303
1645
998
1025
930
1003
921
714
995
1286
987
2290
1366
1381
146
988
2149
908
1012
1675
2183
1006
981
2114
1097
1770
2304
459
155
618
974
1024
1015
319
953
2066
159
898
995
963
2457
154
1534
1018
971
159
147
1020
1123
894
955
1696
784
972
160
708
1736
1539
145
930
1259
1727
2194
907
146
2914
627
185
935
939
961
1868
902
1010
157
949
918
2742
2649
956
962
944
1369
985
943
943
954
971
916
899
963
962
903
958
1002
985
947
942
158
899
942
1750
991
1018
2378
875
154
984
911
831
963
1325
1556
949
147
1327
1208
976
1137
900
149
1037
1401
987
2076
2184
144
1273
922
2606
904
1111
1973
623
958
944
981
685
963
1176
1161
935
988
1793
872
133
1007
800
977
2019
414
1693
956
948
2099
982
881
1011
135
959
1172
135
919
971
917
1003
1014
949
182
149
920
1025
1614
134
154
931
688
941
152
985
1285
932
948
911
902
1021
2987
895
158
950
153
930
988
940
637
150
1030
929
2119
1081
159
1008
940
160
145
156
1428
944
1007
961
924
886
1168
2484
309
552
548
1014
134
2039
1108
2143
2155
2449
895
965
1821
2326
2072
575
898
2090
2136
158
920
972
710
926
912
608
894
320
928
784
2265
981
133
608
1009
2779
1033
1088
2951
996
531
934
959
163
158
1128
716
2676
157
1701
980
1111
910
941
956
448
432
2139
1095
1632
2004
926
133
962
1564
959
2516
1010
1990
1035
717
150
542
907
978
154
914
154
2131
1713
956
971
942
1386
154
847
2018
158
1365
1091
2099
886
2164
940
160
2098
1908
1034
2061
959
968
1856
724
702
1006
893
975
1003
938
2115
1684
996
969
2120
2177
2139
537
2131
1024
921
925
2503
965
2085
928
986
938
649
660
1160
1203
147
600
158
980
921
1616
962
451
2416
2070
902
910
991
924
1801
1004
154
1301
1188
1013
1449
853
1061
879
1851
1010
156
2114
968
157
1119
2914
1453
943
157
919
2021
1434
877
2119
951
2529
152
912
969
1027
895
153
134
914
150
1006
848
947
2125
974
2391
155
158
2145
932
615
146
2083
905
959
1526
837
1388
938
894
2331
956
1531
2136
1495
883
1407
943
317
2097
2849
1153
2088
955
656
1352
1096
933
981
930
1110
2068
900
994
939
842
964
1135
968
1397
1514
2148
1034
977
1434
958
150
154
493
1352
1012
2908
1846
517
942
157
961
495
959
1168
599
990
145
154
1940
2084
901
870
954
895
902
1163
921
965
1002
158
1386
2164
157
743
153
955
298
153
946
976
2568
989
946
970
929
1515
154
923
962
1007
876
134
1260
475
952
1005
158
145
1647
2242
613
1713
666
2124
1004
997
2890
993
994
146
944
605
925
209
790
936
925
894
812
1617
2049
152
2170
966
953
914
154
860
888
949
835
883
2253
629
902
1001
1002
1093
819
1559
1955
973
912
1884
835
1147
160
1355
860
810
2120
939
157
329
1351
900
145
973
960
2294
1035
753
934
999
880
908
879
2077
2124
974
153
973
552
2174
1428
950
2193
968
877
743
895
1262
149
2944
1143
1012
985
2082
1547
154
581
951
952
1311
2109
949
994
1409
155
2037
1057
910
918
981
979
156
1728
1311
2143
934
155
155
933
1477
973
1597
1771
982
628
547
154
2112
1187
965
977
171
2970
971
883
955
966
2731
699
899
912
973
154
903
973
2140
2011
2101
942
901
1011
902
2123
934
2137
941
1620
2070
2104
1141
1013
1050
1836
1048
812
1014
1558
845
2085
1018
1555
147
973
389
146
2838
975
144
914
895
914
2102
947
1141
911
523
145
970
156
2034
857
1244
914
1976
1009
955
156
459
923
815
962
1461
411
1799
537
917
952
888
821
2229
2605
347
2143
2183
983
968
1141
925
2067
1708
957
971
928
1432
937
654
2015
1804
2802
1398
927
2069
968
2785
1257
861
937
1017
157
1732
795
1402
2996
792
915
944
2797
2025
922
968
2824
360
945
903
817
2000
671
2560
1426
1032
2196
965
675
2051
249
959
971
944
950
2187
918
146
2092
874
1476
155
2036
934
905
893
923
1121
965
978
741
1928
145
946
733
982
489
524
960
1117
976
149
918
1213
150
158
133
690
829
603
987
958
971
515
158
2133
941
134
1370
909
912
991
1752
1519
1258
935
1064
148
951
894
953
1026
902
957
950
1534
144
1600
949
522
2446
2651
603
953
1335
964
970
156
2823
932
933
1283
1263
949
2046
969
925
681
924
700
960
958
957
983
707
914
753
2039
1210
243
892
1466
2240
155
924
1154
151
932
211
963
1007
720
1944
1021
993
1554
934
1727
1038
919
956
830
2038
1049
1107
1324
2420
1652
922
959
1454
1059
939
158
847
1251
1586
891
491
949
932
1614
146
989
983
156
991
133
882
1186
1730
961
898
1321
1390
1018
610
957
1597
956
1913
976
1042
2245
134
906
934
959
980
654
2274
959
1010
1793
2091
2062
954
1008
708
708
917
1163
154
934
935
145
946
904
824
895
159
934
922
632
914
152
2116
954
1061
965
959
158
919
250
2560
539
996
1700
916
836
1920
1074
897
1582
1662
704
1053
669
956
154
986
891
686
957
158
989
956
2735
800
1851
2057
2008
155
469
1700
154
730
2121
927
939
1224
959
157
876
153
866
1009
938
1613
1047
908
158
735
965
941
634
148
156
158
2011
924
826
889
951
969
1713
980
904
908
2236
1704
1234
154
928
858
894
1756
976
1044
915
908
155
1061
2304
156
1050
135
929
1315
935
995
952
655
949
932
961
662
1771
982
931
930
983
821
149
1422
2110
1009
948
158
134
2407
135
991
983
913
964
1004
950
909
2150
932
954
842
963
2077
944
156
484
939
1303
146
988
2615
1015
2564
811
149
157
249
150
784
1627
968
2296
626
944
660
1838
943
873
1471
936
966
134
1417
887
953
1723
934
977
1272
875
939
157
929
696
2135
902
996
2600
912
933
957
921
2153
1025
1128
853
926
973
985
156
1206
2183
949
1620
870
2040
1072
975
1254
930
593
158
914
664
940
1231
997
930
921
639
1396
974
1310
928
785
2938
159
926
2219
677
1521
937
956
2942
155
1668
1303
155
238
709
766
2087
931
2046
1355
962
962
936
953
946
1339
925
2837
963
1343
1338
253
174
1980
928
149
1327
960
942
955
593
152
883
2431
873
977
920
153
959
1092
1876
135
657
2132
1002
998
2858
930
932
1020
2024
956
968
923
1439
967
158
1001
571
2077
2118
952
991
949
154
610
939
2038
1132
1025
959
584
263
1843
922
607
967
1750
252
1989
980
976
869
925
1407
926
2484
2260
2810
152
953
2133
946
1153
854
986
928
1831
527
723
882
978
1288
2094
597
1013
158
943
1002
941
900
935
633
667
156
1706
2912
985
926
2030
155
949
1865
559
952
666
135
951
972
1471
1141
980
966
877
2769
888
959
1290
905
1806
2147
776
910
974
951
2181
560
959
2135
996
914
1441
661
134
925
1152
1011
960
2374
2557
2294
2871
2168
1011
2010
954
1439
797
1117
954
919
945
1467
150
973
155
2107
998
950
991
2082
952
550
860
135
1605
2404
155
908
147
639
2126
1110
2199
924
2526
994
1859
1007
144
951
1846
2793
2027
965
147
2099
860
928
1513
2807
911
954
966
1793
1750
815
1019
923
1627
857
1419
975
991
780
921
690
1778
1122
916
431
937
1346
1626
2185
985
702
1448
977
1765
997
1300
1993
144
1039
2784
1024
907
1696
1803
2167
896
586
928
157
947
959
920
1004
995
1094
949
1431
1060
434
926
1225
1765
610
135
975
1974
1302
1055
870
153
815
1001
928
155
2006
2158
492
546
2043
952
925
1803
1970
978
766
963
942
2141
2075
650
1683
1863
1438
649
641
904
901
1487
940
168
912
1762
2153
554
2113
632
917
891
512
1054
919
796
154
944
1484
1661
874
1015
969
2232
1668
1070
1241
910
1388
1393
1776
732
957
134
595
935
951
1115
2411
413
146
689
1904
1037
1473
1668
935
952
911
937
755
1009
952
904
1001
1556
1462
2139
988
580
591
146
1016
997
1818
960
2814
159
855
932
829
156
917
156
877
992
1836
930
1007
1058
951
1977
1876
1683
941
924
976
1013
986
903
935
2357
159
1238
1706
2762
2270
905
1531
885
632
970
156
952
958
2476
845
951
976
1595
865
929
1024
945
2850
982
592
597
1015
978
900
987
917
996
938
1444
878
1911
720
964
922
945
946
761
1285
1458
590
932
981
974
979
952
135
2760
1787
2798
2459
931
1849
1163
943
918
923
2047
982
885
2058
2329
1234
933
999
955
146
552
804
147
862
887
963
965
1751
604
158
921
722
1655
953
932
927
153
2187
1996
1013
2462
2377
947
977
918
148
997
2832
962
899
971
2109
1024
157
146
2191
962
964
1176
886
3293
724
200
2655
993
157
133
551
964
901
610
2049
629
1605
2114
782
924
987
939
392
894
2278
664
967
152
946
940
487
630
924
155
918
909
919
505
933
2049
158
580
974
913
1337
155
964
1148
1019
1834
145
2213
876
982
873
2072
144
987
1244
1004
154
1288
134
2063
979
957
2760
156
147
2040
945
982
958
929
1791
920
1338
1677
1033
154
2328
955
965
2003
265
936
1020
528
550
997
158
1270
987
958
931
580
799
944
995
1309
2322
1024
157
796
2143
964
2271
938
848
945
2020
988
787
1428
2364
1010
2095
2143
1171
1314
889
974
1013
993
2127
1002
1430
134
2119
2008
1489
1768
937
1299
155
1154
850
1911
987
985
983
157
2833
