1407
1361
1790
2232
154
2998
1522
388
1689
2032
1577
2139
159
2731
764
1388
1638
1111
1024
2550
1460
1554
1894
2205
2125
2265
1685
2068
2161
1793
2153
676
2297
2544
155
1886
1490
1398
1353
2304
2470
2291
1580
2209
1205
1479
1430
1855
1609
1093
2705
1114
157
2112
4095
2353
134
987
2097
2251
3038
2323
1196
1486
2502
148
2327
1282
2356
2275
2218
1775
1599
153
2106
2658
1488
1546
1273
1307
2286
2938
2267
2250
2183
283
2167
1071
1511
2178
3010
1265
1254
1890
2298
1572
2140
1966
154
1847
1143
3028
157
2204
995
1887
2941
151
1352
2244
2199
1565
1214
1689
2380
975
1999
1654
1187
2594
2146
2245
2268
1959
2899
1101
1428
825
1592
1481
1320
1124
2206
2241
2167
1186
1651
350
2094
2710
1130
996
1627
2126
2306
2980
1604
1891
1113
1729
1932
2086
2790
1199
2732
2389
1311
1950
1915
1357
1439
2044
1579
1139
150
2464
2328
1633
2178
1592
2387
1178
1724
1234
2120
150
1771
1691
149
2294
159
2201
156
2690
336
2259
1564
2326
1405
2165
2314
1219
1766
3143
2470
2155
1380
947
2275
1287
2229
1658
340
2153
1094
2218
2951
2220
148
2026
2240
2266
1186
3043
2317
1424
2209
1923
1591
2222
3355
881
1474
3102
2969
1778
2021
1459
1471
1663
1976
1082
2082
2198
507
1326
1040
2220
1151
2241
1683
1598
2982
1280
3286
2945
1858
2490
2251
975
2291
2300
1857
1791
1515
690
1697
2338
2609
1321
2187
1756
2165
2256
2976
1712
723
2641
1840
154
2234
2086
3057
514
1456
747
1317
2181
1072
1766
1164
2345
2231
1337
2335
2244
2836
1616
3007
2073
1981
2251
2082
976
153
2082
1743
1299
1132
2299
1341
2224
152
156
2960
2252
2222
155
1357
2177
2213
1499
899
2296
2974
1654
3092
2248
2180
1001
153
2250
695
1040
2104
993
1318
2218
2265
2099
158
2365
1774
2067
1708
1285
2211
2269
2132
1804
1853
2184
1553
1659
1443
2253
2635
2115
1369
2020
1640
2106
1083
1572
2334
2955
2185
3028
1845
2439
2207
2062
1703
2429
2241
2208
2522
1985
158
2146
2218
2388
2179
2211
2083
2172
1260
2121
1035
1478
3068
1689
605
157
2234
2078
2076
151
1401
2063
1583
3126
1454
1383
2532
1446
2313
2207
154
1603
1526
2057
2606
159
1807
3126
2168
2227
2428
2138
2141
2242
2912
3133
2280
2237
2335
1339
159
2919
1392
2689
1162
1666
2182
1803
2180
157
3092
3037
2574
1192
2279
2188
2841
1664
2162
1823
3083
4095
2307
2197
4095
1202
2186
2254
1246
2142
1994
2326
1494
2223
1651
1500
2273
984
1561
845
1880
935
2322
2185
2978
1683
2576
1242
2190
1621
908
3148
1361
1857
3003
2569
2187
2135
996
1427
1732
1909
997
1377
2720
2173
1918
1317
1745
225
2233
1244
1319
2246
153
2163
2158
2270
831
2657
2941
2608
2144
2103
3027
1542
1469
1594
2100
1300
1737
2138
1961
1229
1736
499
1779
1554
1235
2229
157
3063
2239
1812
2211
2018
1391
485
2287
1938
1559
1257
2247
144
2027
1541
1036
1084
2620
1886
1315
1329
2273
2150
2194
2222
2101
1287
788
2316
2405
2241
1887
1008
1332
1269
1414
1502
1159
972
1136
1341
959
1212
3017
3071
1111
1928
805
645
168
2461
1344
1342
2966
1706
2543
3037
1947
1485
1166
1646
1007
460
3189
2343
2002
977
2131
2560
2574
2930
152
1225
2031
3069
2156
1176
1877
1606
3097
3088
1730
1591
2449
257
2203
1946
158
2211
2537
162
2317
2607
133
2361
155
491
868
2188
2339
3077
2588
1951
146
2178
2262
253
155
1164
2152
2990
2153
826
2257
156
1517
2046
2090
134
887
458
1415
1691
1979
2101
2685
3044
2508
2937
2988
1047
1288
2655
1066
1050
155
501
2264
1487
153
2104
941
2450
1390
3054
2960
3036
2979
1007
1959
2440
1788
1721
1513
1325
1249
1828
1370
2714
1751
156
2972
2038
160
2388
2210
1555
2408
1151
2768
397
1040
2468
1619
2140
2257
2173
3084
1778
1864
3114
912
2262
908
1564
2329
1562
1770
1954
1837
945
1531
649
2299
2243
754
2143
1550
2195
1441
2199
1822
2189
837
3096
1466
1940
457
2167
156
1685
2151
323
2713
1177
2607
155
1583
1729
359
2152
1393
1735
1610
1567
148
155
1912
156
2654
1646
2909
2240
2956
2528
613
760
2286
2977
3023
1526
2196
2512
146
1568
1743
1718
2435
2009
1436
1290
165
2209
541
1635
2315
2290
2297
1613
2682
1926
2269
154
1530
1298
1018
1429
2247
1079
2564
1178
144
1698
1359
1126
2118
2160
2068
1074
894
2097
1406
2137
2260
1368
971
2086
2267
1936
2089
1306
2588
1750
198
1581
2314
1770
2593
1731
153
939
944
153
601
2144
1245
2304
527
2468
133
1494
2299
2176
2355
2714
2407
1946
905
2016
2054
971
1111
1317
1546
1830
1262
2456
2182
1060
2904
1009
2738
2268
1755
2387
2993
2324
1509
2955
1609
2237
1714
2232
1826
2782
2232
2503
1604
1526
1159
2079
1151
2780
1598
2148
1333
1403
2349
3099
3049
1380
1379
1368
144
1326
2457
576
2242
1664
157
947
156
146
2437
2970
2297
2172
2479
2369
1535
2180
2223
1431
2128
2459
1372
1326
2019
2265
2243
2447
2983
994
1977
2831
2013
1559
1294
2202
2298
1369
149
2313
1457
2133
1665
993
1654
1732
1631
1383
2198
1509
1019
1785
1249
1158
2220
1474
2135
2287
2513
145
155
691
146
1126
1549
1425
156
1545
1026
961
2066
2314
2134
3050
1920
1097
1565
1964
1679
1814
2528
158
2366
153
2137
1012
2384
2062
1437
2267
2110
1407
2102
1569
3108
2180
2542
1355
1762
1270
3155
1806
1619
145
1395
1621
146
154
2477
1085
1764
2520
2614
1261
1391
2027
1841
2992
152
1661
2129
1008
1493
2133
3108
2829
1197
965
2877
2719
1901
2196
1028
2241
2132
149
3186
1450
2092
1504
2632
479
1541
1700
2610
1173
2671
1134
3071
1729
1867
1984
2498
1755
2066
2271
1515
2522
2205
148
1632
1759
2332
2640
453
3101
158
913
1093
1038
3007
1017
2200
933
3018
1470
1332
2312
2631
1219
1317
896
1514
1437
2078
2259
1137
2918
1093
2842
1211
2013
1612
2973
2647
154
2011
1632
2452
2456
2256
2340
154
1824
2260
2666
308
2130
1340
2388
2202
1290
2318
2097
1591
154
920
1024
1364
1499
2960
2071
1578
2364
1816
1571
1544
2678
1736
1746
2063
959
1472
2532
160
1244
1134
231
1594
1250
1431
1114
2382
2182
3423
1684
2545
3110
2251
2469
1471
2142
2247
2682
2560
1907
3119
986
1285
3047
2283
2233
2226
2162
153
2794
2629
2319
2472
999
1478
2634
1800
2894
2995
2353
1514
2199
1591
2327
2703
2116
143
2291
1376
899
2208
2165
2201
2179
2541
2237
1733
1658
1604
1739
1406
1509
2442
2118
1120
2158
2935
3081
3048
1842
3138
2157
1387
2158
2146
1185
2163
2019
926
1513
597
1172
1503
1777
844
2648
2120
2722
1120
2411
1312
1861
2070
1368
789
159
3036
1100
2121
1324
3125
2915
1057
1776
2168
1775
1424
154
2269
2063
1375
1316
2206
1064
2238
157
1912
1925
1188
2619
1337
1475
1435
1796
154
1352
1301
1611
158
2175
157
2375
2349
787
2031
541
1627
2143
144
1861
1216
2330
1797
2084
2358
1145
3004
146
2253
1480
2667
1611
2152
1483
162
1261
1671
1320
1320
994
2396
1010
2471
1334
2176
2227
2194
960
2457
503
1636
541
2144
3026
2203
2186
2132
1049
2641
1006
1713
2774
1832
1750
2247
2271
2128
3001
1404
1355
2118
2970
2033
1441
1817
1499
154
2286
2310
2737
1529
1515
2251
154
158
1156
2297
1509
1164
407
935
994
1312
2404
3160
1588
1394
1306
2253
1027
1680
2411
2048
1654
2564
2930
2902
1650
1070
158
2186
2982
3030
2001
149
1276
2491
154
1802
1562
2434
1107
307
2051
1744
2498
2414
2306
1884
1761
2256
2340
146
3261
996
2993
147
939
1603
974
1714
196
2882
1769
133
160
1473
1843
1372
1494
924
1568
1182
1318
2746
2218
2640
1797
2809
3024
1531
2359
1226
1757
2123
982
1321
154
145
2983
2613
2513
2186
1426
149
2423
1828
2997
133
2685
151
158
2197
2126
2163
1465
1324
1328
2226
494
1688
1938
1415
497
1384
2373
1967
1321
1220
1313
1654
2523
2374
1692
155
184
2625
154
1630
1231
154
2521
2336
1030
155
2178
2285
1379
2198
2455
1415
1636
1290
1007
153
2149
658
2621
1535
1170
3019
1741
154
2574
157
3051
2452
1801
1813
2517
1513
1970
1914
990
2250
1327
2099
1940
2320
965
3020
1997
157
934
2798
1525
3011
1906
2560
1579
1051
2197
1420
155
1776
2143
930
155
1275
155
154
1495
163
2115
2208
2222
2958
1024
2300
3090
1646
2074
991
3537
1217
2051
3312
2106
149
707
963
278
154
1208
2213
2319
1432
903
154
2152
3024
1867
2607
3013
1013
443
1718
1076
1110
2310
2066
2134
2256
2168
176
2533
2606
2315
782
2093
374
813
1553
1166
1035
1561
2971
1471
1011
624
3092
1477
1902
2486
2226
2329
2317
2189
1350
2941
2118
145
2199
1724
2214
2287
844
1639
2193
405
2371
1783
2262
2187
1228
2161
861
1952
2298
2645
2162
1032
3146
1134
2634
148
1365
3146
3004
2358
1267
1200
1140
2078
1947
2157
1204
2724
2958
2026
2946
2227
1411
1092
2052
2081
155
2478
1673
2235
1660
2736
1329
2374
1867
2337
1771
3068
2616
1231
1154
2175
1123
1760
1293
1414
2170
1962
2807
150
2928
1538
2281
2649
1919
2302
940
1438
2276
454
2375
1133
1617
2700
1968
1889
2278
1590
1344
2154
2271
2242
3106
1944
2423
2189
1848
2510
2404
1131
498
1946
2311
1687
773
154
2250
2380
1452
2134
2209
1962
2538
2751
156
1597
3027
161
2125
2148
1903
154
2271
157
1448
272
2482
2153
2173
1632
2013
2299
2296
1959
3026
1518
3065
1058
2138
2146
154
1681
474
1008
2106
2712
2280
2929
1669
3023
157
1221
1585
2218
1487
2187
2034
231
1325
1965
1406
1458
1830
3116
2250
2960
2309
1476
2270
2530
1551
2294
998
1691
1517
1417
2161
1738
1476
946
2244
1443
2380
2678
209
2136
2155
1641
2021
1280
1211
1392
2425
1274
2685
1375
1691
1454
1418
2678
2931
1844
1259
2498
2186
2268
2704
3378
2579
155
1416
2078
2131
2253
2153
1882
1858
158
3040
2351
158
1787
2249
1770
1836
2570
2185
1873
1569
1846
1407
1225
2190
1580
154
2275
3102
1919
2552
2138
1627
2080
1783
945
1618
2155
2041
156
2379
729
1526
1683
1217
2162
1612
3029
1617
2263
928
2252
1945
1253
1099
1739
1568
2098
154
1735
2134
1304
2437
2859
469
1747
1195
2436
2156
2229
1107
158
2386
154
2132
145
155
2137
1898
1764
2043
1305
2292
2440
1533
2838
155
1360
748
1542
2310
3055
2209
149
156
1152
1519
1494
1535
957
2181
1391
152
2208
947
1088
2335
2253
1551
2091
1603
2362
1087
1987
1962
2167
2327
1890
1369
1181
1083
1759
2834
1538
2229
2279
2206
1751
2639
1463
3009
145
468
1277
2242
1137
2638
2763
1456
1358
3071
2122
1245
1729
1279
1178
1205
1036
2080
943
646
2987
2195
3100
842
1574
1663
1482
1327
2189
2281
2434
160
2238
2231
2356
1409
2271
2477
2549
557
1942
3319
2087
1082
1655
1377
1597
144
3043
1104
3057
1026
1554
156
1657
2752
2898
861
2055
2259
1743
1271
391
2394
2145
1337
2045
1954
1145
1020
1263
1414
981
1944
2911
3101
3035
1501
2176
2245
1664
2539
365
1559
2996
2085
2386
154
2130
1612
158
1838
1373
2332
153
2452
1684
2269
3016
2246
1796
969
1637
1298
2197
737
1604
1953
1471
3021
167
2165
4095
1123
1719
147
295
3006
1459
715
1087
1676
1666
974
2145
2330
1218
1372
2107
2501
2240
156
2256
1015
1791
966
2518
2203
1593
309
1594
2046
1108
1786
1226
2107
2979
1198
2058
1119
154
958
1759
4095
1233
2179
2793
2122
2243
3013
2479
148
2006
2393
1319
2671
1311
2208
2140
1980
1465
1332
1492
2166
1184
156
2171
571
1466
1000
2219
2120
2885
356
1923
2166
1678
2700
1275
2164
968
1339
1482
2230
2226
1122
2539
1381
1354
1245
2114
2104
2866
2601
159
2502
2145
521
1385
2281
2717
956
2158
2734
1744
761
1841
144
2068
2110
1907
3237
2994
831
1824
1428
1768
153
2344
1457
1665
2257
2280
2887
1239
3122
2769
1671
880
2167
154
2993
2642
2521
1009
2151
152
949
2683
1009
1422
1348
2189
153
158
1185
2110
2136
2958
155
2128
2610
1857
1985
1912
3432
1880
2152
1489
2148
2519
974
1601
501
3125
424
147
917
1957
2658
2188
997
148
2062
918
2378
158
3139
448
3811
1685
2672
1362
153
1248
375
1626
1736
2274
1041
1059
2052
2137
1626
2207
984
1785
2748
147
1804
1024
2122
153
2876
2942
951
2438
1099
1654
155
146
1680
1087
1589
2141
1924
2169
1997
2737
2232
3142
1418
3133
1104
2307
2578
1154
1322
1810
1236
2953
2513
2991
949
1326
157
1275
912
1321
2007
1751
3338
1872
1407
1132
2239
2334
2627
2453
1384
3064
2295
2296
1131
739
154
2176
1731
2235
2198
3098
958
3077
1256
2683
1741
1382
157
133
2170
2926
550
1556
2440
1498
2366
2127
1234
1229
2087
2169
1440
1249
1716
3080
1819
982
1738
2044
2257
2219
2955
2254
3104
2412
3106
619
995
2160
1777
1642
3066
1813
2234
2349
4068
3050
458
368
3043
1519
1367
1688
2565
979
1328
2548
2241
155
2228
2932
1156
1592
1294
2457
1662
1350
2152
1002
2522
2598
2461
2046
2264
1733
2138
1355
154
2222
2986
159
156
1739
3035
1566
3068
1803
2324
2311
1732
156
1591
888
2044
1400
2147
174
1630
1274
1119
962
160
1264
1637
2157
1560
2483
2920
2508
1335
2136
2287
3019
2826
2305
155
2028
1889
1441
1219
1128
1743
1449
1333
2580
486
2466
1108
1328
2966
1459
1676
2183
1988
3379
1697
1514
155
944
1409
2133
1020
2571
2704
1265
1286
154
2543
992
1130
1379
2252
2286
1189
1332
932
1463
134
1594
3126
1671
2207
2287
1285
2245
2006
1786
1245
1650
2955
2874
2226
2152
2272
1063
2449
1454
1316
2531
910
1697
1546
1962
1570
2620
974
2136
156
1754
2940
3124
3095
2143
1821
2225
1691
2247
1827
1232
2582
1426
2927
2474
153
2105
2038
1690
2105
1303
2917
1764
2849
1766
2573
2661
172
1725
2049
1271
2927
2396
525
1493
3005
2721
159
2308
2255
1165
1252
155
1199
1596
3184
165
2956
1396
2286
1284
916
1658
991
2196
2245
2277
2120
155
2989
2033
2291
198
1433
155
1475
2542
2643
3128
866
1537
2743
1426
1587
1749
2311
2275
1740
1444
3118
1012
2884
2774
3125
158
1423
1431
3009
168
154
1110
1938
2322
2063
2551
742
1789
2210
2672
1472
1676
2857
3162
1791
1269
472
2393
611
2254
1431
1603
2561
2637
1757
965
2244
1353
2209
156
2301
2315
2175
1558
2145
2514
2539
867
1383
1707
2179
2287
2192
2476
1844
1190
2198
1553
2075
1974
2298
1465
2256
1824
2159
2211
1997
568
1345
158
1236
841
1920
2132
1041
1800
1968
157
1451
2811
1221
2352
2208
1481
1363
2248
2455
546
166
1148
1769
1097
2395
1803
2424
1245
1183
2350
157
1272
2410
2862
159
1739
1581
2131
2614
1666
1735
2084
152
1010
895
1679
1185
2548
2315
155
1600
2185
1707
149
2404
2176
1570
555
1786
1761
149
2236
2223
2368
2167
2626
157
1667
806
2645
1515
2267
2228
1843
1448
1249
2800
1440
1410
2491
1509
1929
1390
2925
2990
361
1648
2220
3054
1306
1590
922
1499
1484
3381
2121
1604
2169
1452
2978
954
2377
1640
2267
1977
3114
2208
2538
2332
154
1550
2484
2301
2366
1835
2223
1074
150
3310
1758
1420
1542
2042
1628
1428
180
1815
1142
2499
2420
3316
1667
2578
1650
1025
2209
1680
1645
2242
159
2206
154
369
1839
154
1238
2412
1382
2890
3157
155
156
2239
1681
134
1372
2160
2201
3156
1174
1281
2183
2260
2199
300
1410
2396
2168
1373
1654
2172
2847
1121
1784
2348
1276
1088
2965
1845
1558
157
2209
154
1840
2197
3059
2874
2262
2241
1753
948
1727
1287
2233
2326
2141
145
2485
2799
2213
2412
1439
1797
2164
1315
3040
2191
2913
2116
162
1494
3049
1692
152
1954
3049
2206
2000
2028
2503
2323
2635
151
156
2101
1606
2480
160
2144
153
158
1030
155
2068
2328
1049
2053
2516
2735
2422
3016
2396
157
2313
581
2158
1509
1461
2541
2257
1318
799
2274
1541
1479
1241
1626
3068
3037
924
1263
1352
1529
1281
1210
173
1912
1837
1330
2063
2144
1642
1003
2686
2110
147
1241
1060
2631
1723
2427
2252
1936
2352
2221
2268
1286
2170
484
1154
2363
1816
1392
1233
2223
2083
1727
2203
1721
2046
156
965
2151
2304
1562
150
2158
2508
1745
944
2248
156
1167
1170
2479
2162
3099
881
2107
1796
2231
2042
1670
2305
2157
702
2691
1214
133
2500
1231
2248
2671
2034
1655
1319
1663
143
1716
647
984
2149
2137
2676
2222
1558
1316
133
1760
1234
2161
1651
1523
1974
1518
2184
1659
703
2671
157
1019
153
1626
3067
1147
1736
2623
1470
1320
147
1991
1697
1723
1452
2205
2164
938
906
1637
1556
393
1850
2988
1250
1790
1323
468
145
3273
2210
1225
3009
1855
1575
1543
2996
1006
1141
156
2053
2169
1619
152
1069
1426
1870
2591
3079
1046
2141
1197
2182
2999
2975
289
2157
1530
2417
2119
2677
154
157
2605
1957
1877
2188
1810
2213
2270
2656
156
1476
2730
3055
146
154
2268
1586
1098
1741
2214
339
1593
2467
1140
2981
2708
159
2265
1585
2310
2348
599
1053
2968
1797
2054
1433
3045
2141
2243
2167
1811
983
156
1048
1799
3007
159
1410
1710
2729
943
1587
1980
2010
1389
2104
1042
2173
2200
2578
1847
156
2157
3034
1430
2229
154
2201
2176
2136
2082
155
2408
1935
1406
298
2148
2360
2616
2176
1307
1611
2295
2653
1918
2110
2279
2212
2442
1480
2269
990
2141
3035
1051
1673
2216
2856
2803
2304
2647
3223
219
1315
1284
133
2904
2172
1426
1950
2243
1675
1971
3111
156
158
221
2323
2192
1567
1748
2724
2219
2318
1214
1897
1040
1650
1695
2429
2321
336
3020
1079
1086
2972
1675
2674
158
2246
1840
1497
1053
1153
1758
3154
517
1419
1030
1005
2007
145
2441
1061
2964
1653
179
2274
2359
2939
1302
1297
1538
3022
2550
1316
2709
2567
1596
1797
2132
154
928
148
1596
2219
1296
3004
2305
2176
1299
267
1384
2560
1534
2298
2305
1492
1823
1929
2880
1496
1289
2227
1871
512
1051
1809
2125
1884
2028
2213
1328
3088
133
2295
154
2925
2869
1356
2444
984
2359
1832
2156
1447
145
2141
1864
823
2768
2993
2742
2564
2465
2462
155
133
1872
1806
2300
1833
195
1685
2266
2133
2051
2226
1689
154
2694
1981
154
1034
2168
2311
2298
1452
146
2286
2072
154
2170
3054
2699
590
2254
2700
1516
2273
1458
2182
2227
1889
622
2075
1622
3041
1539
2608
1061
154
1939
2344
155
1259
1224
2992
1864
2134
1695
1296
2942
2158
1787
2565
2588
917
1146
1315
2466
2091
2203
1173
1927
1378
1534
2215
1222
2882
1878
3048
1480
1333
1011
1489
1996
1854
158
3027
2335
2958
1680
1087
2298
3020
2275
964
2916
2569
996
2242
2342
2161
144
1048
1926
1737
3129
1399
2318
3311
1232
145
2301
2257
965
1810
204
1644
2308
1681
1555
1754
1355
1671
1563
2631
1199
133
1044
2786
2708
2183
1571
1894
2145
1589
2557
1609
2322
2245
1814
2288
2192
148
154
1511
1854
155
1179
2423
2132
1594
144
2182
2184
2270
1223
1736
1647
1413
155
1002
2179
2175
1438
1533
155
1729
1093
1233
2612
1860
3027
1768
1620
2180
1482
1915
3020
735
2736
912
1544
1707
151
1046
1620
2188
1221
2402
1436
2234
1982
1392
1869
157
145
1949
1276
1385
1673
2648
2019
3096
2200
1664
1013
2081
146
2009
2856
2146
2375
2318
2835
3046
2134
1425
1760
1219
2237
1965
2133
1639
1095
1716
2250
3806
2251
989
1172
904
2535
2146
1787
2219
2230
3084
2286
1240
1429
160
935
2307
2768
1433
2633
744
1720
150
1667
2971
2567
154
1590
2285
1989
1369
1382
2101
2991
3052
2517
2336
2297
911
2249
1940
156
2193
147
2167
2203
1180
1743
2225
995
2646
1381
1015
2103
1165
1387
1879
1613
2191
2805
1522
1001
2043
1768
1720
2709
1521
1467
2917
979
3079
1758
2183
1613
1572
1895
154
2102
1460
1649
158
1908
1886
2595
1976
3055
1257
1719
527
2926
2147
2415
3022
2219
862
1595
2205
1623
1105
944
2273
960
2276
157
1650
1047
1923
153
3151
3209
1024
315
2631
1468
1708
1519
1026
1364
1501
2203
2215
1127
2373
2156
2917
2322
2269
1872
1696
2801
2078
912
3128
1252
1166
1307
2307
2176
1692
2162
2904
1764
1787
2219
1255
2019
2148
2936
1779
2363
179
2062
948
2895
2014
1970
2945
996
154
1981
534
969
1818
150
621
1318
949
1391
1191
2320
2021
2114
1331
2257
157
2713
2079
1063
1632
2297
155
145
2408
2222
2151
155
1592
1598
1991
155
2183
157
1557
1110
1093
2581
2626
2222
3097
1630
1175
1380
1709
1771
152
1529
368
1426
2075
2675
149
1826
2062
1384
1461
2081
1398
1888
2919
3058
1682
1243
1361
1410
2189
1897
2144
2189
1756
2176
2950
2593
2131
2233
3152
1865
1797
1379
2161
1163
3117
2330
155
1867
1147
1918
1161
527
3082
1048
1365
2146
2580
1629
1354
1684
1551
2875
2320
1303
1436
1507
2124
1008
2269
2994
2337
2293
2116
2121
1692
2285
1765
1450
2164
1220
1443
2148
2231
2435
179
2349
2118
1378
2612
2608
2117
3036
2833
155
1694
1579
2512
152
2490
1741
2463
180
3099
2272
2508
1368
1414
1578
1356
2043
1776
2623
3106
1837
1194
2156
1638
2291
3009
2064
144
2698
1014
133
1563
1158
1400
154
1229
2702
2405
1703
1657
3273
1510
1124
1734
1370
2178
2083
2270
1814
1754
1720
1090
1495
3059
2289
2092
2190
2354
2783
2362
963
158
2634
1095
1373
937
2167
3026
2216
2185
1761
158
1018
2183
1636
1250
145
2450
1722
818
2177
2632
2184
2318
157
2130
1329
2278
2154
1140
2221
640
1690
2216
1712
1126
1744
1034
1758
891
2807
192
1703
1698
1716
3071
1368
1655
144
1372
1989
2516
1007
2154
2230
1912
3104
160
1119
1529
2694
1057
1258
2230
1170
154
1705
2378
2623
1223
1364
1691
1809
2204
2200
156
2311
1562
2222
2526
1953
1904
1655
1074
1301
2046
1993
2347
1785
3043
1567
155
2799
2953
2118
148
3011
322
2151
2278
2278
1444
2278
2329
3018
2192
1525
2141
1857
1014
2164
162
949
2966
1872
2269
1070
2090
1027
2398
1356
2754
2761
1266
3109
1161
520
2178
1805
2536
997
1698
1269
2754
1532
158
1747
1544
2012
2531
1112
1268
3069
153
2188
1675
2113
1403
2534
2948
2271
1642
2235
1121
146
3051
1641
2261
392
1745
2691
545
2128
1289
1781
1885
1590
1315
960
223
2223
2763
2188
2089
1045
153
2148
2572
2650
961
1012
1621
2076
3432
1430
1253
2194
1056
2114
988
2257
2197
1151
1966
2159
1670
1696
2181
2645
2208
1187
2740
1914
3048
2248
1817
1565
150
379
1180
2144
1633
1277
2248
2101
2365
3026
2514
1712
3133
2124
2130
1833
2165
2517
2304
2247
2124
1152
2220
146
1714
1434
3100
2254
1803
1299
2173
2158
2554
3125
2540
1422
1256
1473
2213
2192
1827
2295
2088
1569
1577
2181
1584
2117
2929
1348
2301
583
156
1384
2193
2571
1639
1820
152
1215
968
1982
1799
185
1413
2300
2238
1402
1140
2627
146
3018
2922
2884
1234
3337
1131
2266
3001
1554
2426
2863
144
2704
3083
1410
1169
160
2199
2446
2163
1215
163
1369
2286
1690
643
1347
2411
1212
2211
1727
2206
1004
1363
1751
1877
1414
2292
2298
1746
1017
2708
2403
1431
2389
2244
1137
3094
367
144
2666
1743
1887
2924
1267
1852
1634
2649
1950
2327
2149
1560
2088
1399
2546
2286
158
973
720
3042
1435
2118
2283
2255
2097
2251
1818
1372
2368
1388
2272
519
1262
2219
1623
524
331
1128
2358
563
3098
1614
2316
2222
2122
2583
1202
1203
1803
3124
2194
157
2560
1225
1562
1140
970
1407
1055
503
2088
1569
1284
2187
2205
1930
3002
2127
2641
1590
1424
1790
2354
1679
2117
2234
2174
1446
1830
3099
1741
2198
1070
1398
2282
154
1592
1947
2232
2570
2247
1064
1481
2752
1033
1623
3043
3052
1195
2242
3022
3001
831
3033
3089
1836
2346
3010
2136
1180
155
965
2197
1767
1974
1220
2465
2676
2879
2148
2197
1356
1453
2737
544
2677
1844
2200
1382
3077
1656
1765
1395
631
1268
2307
1135
1612
1759
2622
1161
2165
2166
2207
1049
157
1864
2652
1156
2922
1862
2190
2043
155
2142
1002
1119
1680
2283
1336
3062
1878
2212
153
1763
1543
1699
1692
2258
3026
928
2158
1105
2229
1601
1015
154
2157
1198
155
2278
3087
921
2375
1445
1132
1179
3076
1983
2046
2200
2222
2260
3181
2142
2331
2182
1821
2318
151
1943
2130
3408
2090
158
1024
2236
2195
2267
155
1605
1547
1660
1413
1550
1757
2185
1904
1029
156
3092
1038
2562
2366
2291
2189
1026
1185
1826
2388
1067
2995
1242
1841
1868
1346
1673
1289
1335
1201
2698
1651
2253
2166
2284
2200
1531
1014
2791
1206
2144
1702
2193
2350
1745
1916
154
1331
1106
3099
157
2448
2219
2445
506
1372
1810
1313
2210
518
1609
1897
1820
2151
1807
3457
983
2742
1718
3139
2137
1132
3149
1711
1283
1875
2651
152
1906
908
1484
992
459
2207
153
1967
2615
154
1589
2221
155
2147
962
2190
2322
1246
2388
1174
1142
1687
1219
2195
2429
158
2015
3050
1077
2084
2568
159
2045
1535
2468
1419
2311
2216
156
691
1710
2191
2181
154
981
456
2506
2047
1990
2173
3003
147
3138
1363
2193
135
2178
2204
2265
2152
1460
152
2241
2932
2904
3055
1818
1869
153
149
2177
2210
1281
2293
1017
155
2182
2340
3394
1265
3028
2233
1437
2138
1846
2195
354
3067
1700
2274
2645
3023
1307
2937
2552
1897
1607
1430
1101
1280
1354
2029
1024
2176
2200
2083
2309
156
1497
2614
2167
2596
2181
1215
1289
3167
2280
157
152
2237
1092
2988
2538
1894
2195
1361
2384
2294
1407
995
3131
1782
1349
360
1657
2216
2159
2071
2136
1731
2167
883
1497
1391
985
2694
2216
3131
2801
2978
1430
133
2914
2341
2732
1112
1310
157
1347
670
2979
2696
1129
1054
2153
2307
1673
449
155
1745
144
2248
1342
2051
998
156
3288
1019
2115
2791
3016
2177
145
1535
2475
1647
1480
1661
1882
1350
2264
1479
1626
2216
2568
2660
1319
2270
2160
941
2211
2926
983
1802
2719
1566
1564
2073
548
1815
1006
2184
3094
1267
1060
2129
2854
2421
3086
2219
1436
156
156
144
2172
2239
2727
1369
1777
2138
2184
1588
2595
1977
2567
2554
1686
3024
1746
1656
2248
1366
2236
1490
1477
2098
2013
154
2114
1611
1760
2135
1014
2598
1374
1828
2275
3009
2159
2836
2062
2229
1627
1512
1757
1168
2321
2322
904
1776
144
1675
1431
1391
2110
2723
2302
154
155
148
2155
1682
1953
1436
3652
2240
2001
1564
2973
1425
154
2364
1675
1586
1415
901
2334
2174
1013
1317
2277
1616
2272
2492
2256
2269
2519
1582
2712
2431
1416
2969
2322
1024
2302
1894
2094
2778
2223
993
2256
1384
2965
2224
458
1364
1926
2468
2279
1138
159
1104
1335
157
524
135
1432
1745
2122
1822
1372
948
570
152
1570
2639
2223
1710
2504
206
2185
2222
2236
2340
2249
156
477
1691
1534
148
2530
1664
149
2236
1317
3086
974
2390
156
1513
1380
1671
2658
3060
1384
2289
1355
4060
2028
1436
2475
1577
2204
1082
3503
2194
2462
1820
270
3065
1708
2444
1364
1423
650
1814
1234
2502
1462
995
2120
2196
2412
3544
2148
1324
452
154
155
3465
155
1032
1590
2322
1800
2212
2165
180
1625
2157
1155
3099
474
2672
2299
933
152
694
157
2046
3076
3354
2319
1735
1759
2452
2668
2122
1209
3086
2785
2188
154
2057
2171
1071
1883
1111
228
1000
2171
1638
2526
2399
2313
2254
149
2162
1875
1067
2121
1589
1304
159
1268
1999
2145
4095
1751
1810
2781
2158
158
2261
155
158
146
1640
2786
2347
1562
1519
2264
2479
1711
2550
2302
2458
3105
3045
2896
145
1197
2060
1997
1425
2204
1270
1480
1165
133
157
2959
3142
1609
154
1912
1332
1293
1789
2357
1494
2356
2999
1772
2617
2482
1779
2581
1696
154
2762
158
1957
1059
1265
2532
2166
2066
1133
1538
2268
2772
2195
2165
146
3202
2415
3120
2354
2217
2386
3055
1996
2256
154
2246
930
2220
155
1314
1273
1611
2268
1490
1556
2192
2052
714
154
2495
155
2497
2108
2495
3160
1402
3011
2296
2249
1851
3051
971
2350
1001
1807
1419
2152
2864
2264
156
1301
1740
2636
2043
2188
2567
2982
146
2990
2202
1340
2140
2334
3091
1176
2464
1572
662
2496
2320
2671
1510
3107
158
2118
1510
158
2126
2481
134
2224
2054
1532
2356
2187
1230
2225
2657
2558
1420
1064
158
3120
2314
2104
1260
1891
912
1086
1835
984
2174
2264
2115
2210
2220
986
2178
2508
1939
2237
1702
2502
150
1983
1898
2298
2114
2114
2634
2160
1478
2391
1577
2969
153
1385
1993
151
2590
1044
2240
2151
1420
168
1636
1001
1546
156
1743
2519
1158
1559
1072
2814
2743
157
1745
3024
2905
1719
1163
2478
2040
1450
1143
1920
2614
280
2164
2550
1565
2998
2170
155
1157
2218
2487
1098
936
1938
1715
2727
1602
2035
155
2712
1315
157
1829
2067
1024
2228
2208
1383
158
1716
3032
2092
3034
2325
2215
157
518
3313
1673
1436
1357
2170
2902
3018
2915
4095
595
1356
1743
158
2170
146
1521
1574
2279
1173
2160
1810
1498
1461
2916
2615
1142
2174
156
1555
1067
1765
133
1321
1651
1529
1110
2241
2852
2092
147
2288
1470
2003
2210
2139
2926
2183
539
1897
966
3198
2186
1405
2241
154
2091
1493
2235
1136
2937
2534
1396
3439
147
156
2205
1753
158
2350
2063
2116
2369
975
2391
2005
2146
2286
157
2247
155
2529
1584
1882
1363
616
1002
1355
144
3023
1396
3733
2059
2525
2568
1711
2318
2130
1211
1270
2706
1254
1498
1313
2357
2139
955
1612
2119
1043
1803
1004
2074
3798
3624
152
224
2248
2324
158
2071
1516
1540
2131
156
1707
2251
2748
2096
2589
1102
2196
3031
154
2972
3039
155
2959
145
2202
2170
1935
1374
2106
1021
3028
1540
1597
2606
2156
1297
2100
1990
2560
2966
1331
1480
1738
1764
1822
950
3049
2239
1296
1543
1807
2433
2781
2788
3071
1401
209
386
146
1872
2170
2366
2164
1123
1653
2254
2746
1442
154
2686
144
1474
934
1400
1679
155
1970
1624
1919
2242
2926
2109
1549
1799
2358
1425
2263
1972
925
2246
2916
133
2053
429
2389
3117
1755
2523
2899
2341
1648
1887
2896
2797
2256
2211
2224
1673
3060
2228
1391
2595
2444
1464
2140
1043
1489
1006
628
1353
2296
2294
1563
1395
1712
1356
1584
1719
1038
1055
1013
158
2586
691
156
144
1318
2993
1728
1733
1629
2673
2259
2196
1390
165
1448
1404
156
2889
1445
2576
1550
1381
2099
1360
2330
2052
1835
1735
2904
942
1455
2325
2617
2114
2172
150
3053
1752
2273
792
2181
428
2337
1304
2989
2204
2147
2170
3059
1432
1036
2284
2215
2354
1455
2552
1152
2655
2049
145
154
2168
150
2223
1071
3011
369
2172
2359
934
1203
1535
1581
1235
1024
2044
966
1998
158
2419
2013
2140
151
1905
1733
2206
2569
1213
134
1011
1872
2141
2013
1935
1726
2212
2498
1223
2247
1688
2670
1643
2029
1700
2656
1839
1941
1285
1366
1381
2239
155
1442
1589
944
2172
1390
2179
2516
157
981
1490
2116
1219
1482
2259
152
1850
1754
3100
2348
158
2546
1538
158
2670
1790
1896
952
3003
1441
1342
1245
1740
3025
3097
2130
2390
1522
870
2152
1521
1313
1491
2226
1976
1759
3067
1783
2855
1267
2134
1680
2146
1512
445
159
1228
150
2250
2517
151
1314
2349
1030
2121
1357
2154
161
1822
2513
2200
1416
1364
937
1032
3028
2133
2304
1590
2367
1701
1409
2925
1732
1218
2242
2681
1469
2013
2600
1790
196
1609
2274
155
1637
3070
3040
2288
3075
2353
1680
2404
2170
479
2177
2249
151
1325
1520
1197
1783
1334
959
1655
2129
309
2943
1775
1689
3005
3065
2187
2021
2404
3111
2976
1102
1358
3474
1473
577
1684
2186
1871
1817
1902
616
2044
2247
2756
1190
1402
1407
1291
1436
1003
2580
2744
2131
155
1213
1600
2182
3126
1515
2660
1801
1202
1140
1327
1308
2948
2722
1821
225
2979
2525
1831
1342
1527
1664
1706
828
2969
1054
2125
2133
1374
1702
1948
1386
2585
1839
907
2299
1128
1442
1483
144
1042
2174
3069
2651
1203
1578
658
2359
1420
1280
1711
150
2126
2292
2206
2672
2176
4095
2034
2212
1720
1273
1840
500
904
2241
2794
1208
1808
1682
2544
1593
2350
2135
2498
1848
477
2283
3067
1717
2296
150
1994
1603
1200
2211
1797
1817
1454
3139
1251
2582
2522
1714
1444
1849
165
1369
2907
2230
1852
576
2209
2035
1985
2117
1029
1652
1131
385
2679
1267
1255
2010
2992
2070
2552
2260
3123
1514
1564
1334
325
910
2582
2670
1289
1345
2282
1597
833
2271
2234
1289
2513
1276
1344
1210
151
1312
2219
2454
1235
2292
1885
2178
1499
156
2039
1011
1709
1833
1828
1005
2437
2476
1385
2139
155
157
1886
154
853
154
2306
1065
1045
2057
2634
162
1191
989
2049
937
2956
2979
2330
1574
1644
1658
1120
1721
2231
133
134
1262
155
2076
2256
1921
2622
2598
1014
2797
1690
2183
2351
155
1570
1860
875
1529
2999
1829
1555
133
2396
1299
2952
2211
1981
1193
2423
1081
2409
1508
2345
2083
1606
1103
1508
1229
1219
159
145
2576
2259
145
1460
1356
2210
153
1175
145
2194
2109
144
155
1095
993
2529
2210
1320
2272
2136
2169
1530
3041
1240
1650
1059
1787
2308
2200
1050
2887
1721
1193
158
3014
1468
3601
1038
1354
2177
1015
1370
159
168
1391
159
1044
2179
1686
1519
2131
1487
143
2361
163
1804
2179
1720
145
945
1408
2286
2178
2090
2438
2264
2250
2155
2164
2313
1201
2247
1052
921
3021
1450
1537
2516
2163
2230
1980
1024
3080
2110
1115
289
2374
2191
2422
1724
2225
333
2426
1543
1817
1694
2323
1567
2109
1767
1211
1061
145
1483
1667
1350
1377
1793
1589
2530
1622
1573
2193
1981
1522
2656
2214
1521
2134
1334
1738
2266
1573
1310
2456
1341
1495
1990
1757
2203
2135
1569
1869
1357
151
1377
1951
1457
3085
2581
1856
2297
2076
1557
1692
1725
2211
1403
1746
1251
2350
1213
2349
155
3723
1909
1833
947
1320
185
155
2897
1372
3024
2149
1303
1967
2204
3009
2199
1569
2131
1759
3014
2216
2220
2244
159
1504
2455
1664
2463
1846
1299
1181
2334
1534
1842
1305
1507
3040
155
2485
2333
1036
2293
3658
2203
1247
2890
154
2114
1105
1443
2275
1643
1379
2069
1849
326
2078
2096
3048
1412
1757
1169
3022
1443
2892
1380
2239
157
1301
2224
3013
812
2269
1826
2040
2243
1598
1762
2709
1535
1227
1385
158
1464
1213
2150
1153
997
1796
1976
3336
2428
2971
157
2833
2157
2284
1056
2630
1005
2605
1278
1574
158
2193
998
1537
2273
1781
3089
1711
1740
3000
2280
2709
1071
996
1510
2482
2526
1256
1181
1407
2536
1721
153
134
1033
1675
2285
2120
2404
995
2035
804
2644
2351
2679
916
133
1029
157
1942
2274
2894
2251
2518
2214
1885
1238
1470
2150
2162
2382
1285
133
2533
146
238
700
1638
2748
1672
2108
2976
1688
2232
2214
2276
1614
2838
1846
2082
1651
1562
1199
2189
3105
897
1876
3042
2792
158
2208
1269
2173
2342
147
2368
2144
1637
1241
1567
2221
2086
1344
3019
1523
1669
1527
2996
2650
1771
895
1753
1901
2719
1362
1884
2474
2259
2458
1686
2102
1255
1287
2394
1310
959
1247
1032
1611
1299
167
154
1137
1857
2605
2426
2161
1405
1456
2156
314
2226
2226
2054
1076
1004
2148
428
2774
2845
2235
3008
159
1696
1688
2077
984
3160
1703
702
1519
1992
2222
155
2096
2168
2301
447
1627
1141
668
1708
155
2200
2002
2273
2274
1300
3606
156
1315
1621
1366
1095
2205
2192
1628
1640
2656
1480
1554
2231
2598
1596
2260
1458
412
156
2561
969
3095
2141
2171
2038
3138
158
1094
1074
159
1768
1552
159
1591
1832
275
2664
2519
135
2071
2607
1210
2056
2095
2955
2389
1066
616
2244
2515
2069
2694
2263
2511
2203
1732
2176
2108
2590
540
2189
1265
3241
2218
914
2191
1531
574
2296
1091
1147
801
1655
154
2251
1647
1308
2156
3010
1509
2629
1186
2340
1055
1039
2349
2188
134
2976
156
1128
2558
3288
1294
1870
276
154
1602
1498
1061
1563
1031
3059
2315
2115
612
2312
133
2157
3071
3071
1013
2208
3108
157
2050
2184
1418
154
221
1818
155
1868
2971
134
1455
1856
1321
389
2127
2168
145
3071
2283
150
2314
2516
505
2209
1421
1085
1097
1152
2211
1637
1137
973
1758
478
2454
1016
1641
1221
246
2697
2065
1820
3014
1312
911
152
1276
2203
2274
1618
2118
2270
2165
1608
1398
1413
1026
1249
1526
2231
869
1483
1887
2358
1714
150
154
1143
2435
2049
1029
1340
1382
1278
1835
2165
157
1225
2473
157
1200
1016
1132
143
2471
157
641
1088
134
3270
2631
2257
2479
1073
2035
1230
1779
2534
3211
2160
1529
1683
1869
1245
2329
2084
2211
2094
496
153
2147
2241
1517
1509
1738
1762
1258
2090
1832
2374
1597
1829
2228
1513
1214
3169
2060
2329
2907
1497
1263
2055
1986
3071
1430
1491
2276
1902
1336
2557
2141
1381
2158
1262
1723
1086
3046
2269
2750
2576
2224
1501
1733
2186
151
2197
2560
2033
1469
2456
153
2135
994
1403
159
3022
2581
2923
1657
155
2982
1864
2837
2160
2297
1115
1810
1287
2189
2179
2614
4022
1816
2290
2148
1157
3143
1347
403
2317
1789
2452
760
155
1572
2319
2074
2198
1020
1490
1774
1450
2090
2173
1298
158
2498
2351
1304
966
3071
2855
1327
2767
2164
2196
1646
1278
1954
1283
1781
2366
2287
133
1327
284
2406
1115
2276
1719
1304
3083
1462
144
1750
1180
144
154
2312
1499
1418
155
3053
2174
1504
1318
2246
2954
1813
2158
157
3032
2103
2120
1598
1253
1677
1840
1801
2503
152
159
1886
2104
1997
2549
1079
1030
2241
1062
2187
1589
2197
160
1962
1098
2265
148
154
2369
145
2211
157
2240
1662
156
2607
1308
1799
2295
2533
1356
2274
1293
824
2201
2180
155
150
1357
1587
2175
1940
2126
627
1664
2298
1078
2892
855
1260
2905
1088
3107
2184
3031
2129
1590
2256
1908
2949
147
940
1103
2503
1726
2650
2270
1482
3082
348
2603
485
2834
1542
958
2842
1285
312
2426
2221
2175
2298
2133
2163
2291
994
2210
1125
2186
1476
515
1710
558
2021
1441
3021
2927
2096
1510
1025
2202
2285
2172
1088
152
1015
2203
1803
3044
160
1652
2212
2636
2270
2276
2113
3062
2097
1463
3400
2431
1593
1307
2170
2501
1703
2111
2394
1804
1396
2252
1704
2512
155
1287
2268
1691
1698
2079
1805
148
157
1032
2754
2202
2308
2189
3030
1236
3133
1256
1754
1458
2756
2359
1537
1247
1402
1755
2482
1816
154
1581
2218
2278
2381
2512
3023
2370
2278
2837
2154
2338
2535
2872
1910
1254
1309
1942
1459
2931
333
2934
2138
956
2267
1270
1195
1860
2153
1447
1299
1651
1557
157
2598
350
2943
1750
1360
2267
1506
156
2129
819
981
163
1664
693
1221
1466
1545
2575
1565
3254
1611
1222
1416
1130
2132
2591
2259
2153
2261
1232
2005
1301
2512
1092
1558
2044
905
981
158
2362
1305
1786
1498
2607
1130
1033
2253
2171
2757
1496
2590
2247
1680
1432
1112
2298
2220
2677
154
156
1702
1454
1155
145
1598
1812
1479
1556
1269
2207
155
1809
2130
1661
2082
1085
1874
2194
1484
2098
1541
2414
1544
3040
2113
158
2850
1167
1989
2128
154
2240
1638
159
2202
1511
2238
2208
1529
2640
1557
2059
2257
2431
1504
1665
1129
954
1333
2289
873
2154
1748
1667
1949
2990
1170
1340
1083
2376
2203
1574
2211
1100
1813
2526
2538
1819
1582
3021
1693
2201
1490
2294
2268
154
1642
1143
1579
2592
1816
3046
1065
1395
1789
2207
1923
2061
2444
2326
2378
1767
2216
3038
2291
2177
2352
1650
1510
2119
1363
1436
155
2551
2239
1976
3086
1843
1573
1671
2207
1853
1045
1573
1282
1060
1349
146
1032
158
2379
2604
1914
1062
988
2893
2995
1249
1663
1563
1950
2514
1743
2236
1421
2233
978
2650
3413
2264
1164
2145
2130
2257
1607
2990
2633
1573
157
921
2014
2921
1991
1890
2278
2531
1004
1382
2966
1641
2130
2329
2262
3120
2297
2248
1356
1210
3165
1162
1844
1198
1855
1839
569
1727
2244
2074
1018
1751
527
2224
2299
1211
931
1383
2812
1044
1677
1264
2104
1726
2332
1152
2194
1508
1027
1379
3126
449
1334
147
2610
1662
1169
1264
1138
2469
2470
2166
1430
1678
890
151
885
3071
1051
160
902
2730
1777
1476
1732
1190
2398
259
604
1444
1493
1265
1427
2666
1314
1453
2331
1811
1754
155
2136
2599
154
1965
982
1024
156
2117
2106
156
1991
167
2965
2244
2211
2204
3006
2042
986
2058
156
1288
2338
2603
1049
1820
157
155
2963
2085
2034
2214
2183
1776
3024
2759
2235
2148
2120
2210
1308
2861
1554
2690
2821
2301
2235
2217
2302
1864
2112
1917
3087
2381
1420
1367
2176
2206
1069
2995
2205
1385
2910
1616
1117
2183
906
2595
501
1195
2146
332
1513
2321
1773
2994
2149
1102
1923
1719
3001
3002
158
2400
1991
2017
2048
1155
2042
1232
3107
1890
1231
3184
1091
147
2327
2753
967
3025
2081
145
2773
1757
2214
155
1198
2187
1859
1367
146
154
964
160
2985
2028
2075
2026
2965
1531
2263
2201
2176
1178
154
2440
1564
153
1630
1624
3066
2760
2546
958
860
2494
1927
2279
158
1984
2134
2145
1435
2134
2047
165
1805
1543
2196
1447
2470
1265
1814
2060
2292
2778
1879
1421
2145
2621
2184
1877
2220
1430
229
2173
2089
2211
1798
2378
1884
156
1946
1818
808
1367
1086
2004
2401
1717
3040
1009
2934
2005
2617
1821
2649
3014
160
2195
1818
1011
1579
1775
2028
484
2174
1876
2137
2219
1917
1184
1189
1394
1467
1208
2136
2359
2223
1780
144
1576
160
2156
1638
1856
2648
3111
133
2227
2184
1813
2233
2241
2156
3089
2160
1893
1160
2669
1730
2425
1755
1186
928
3000
1617
2439
2020
151
2016
2086
2104
1399
1771
2215
1583
1044
1019
2280
1385
1358
2514
2156
2244
2290
2324
2340
1153
2931
1838
977
2166
2235
1955
2067
1112
2174
168
2512
2126
2995
1082
1634
1736
2243
2200
1024
2190
2976
2187
2251
1467
1328
1843
1587
2963
2851
1948
2244
1282
2085
169
1689
2845
2815
1282
751
1865
975
2099
2613
1876
157
3198
154
2168
1030
1542
2171
2543
1846
2836
2949
1667
155
2229
2951
1598
2312
154
2133
1341
2114
3113
1821
2238
2084
1005
3000
1189
2158
2569
2269
2230
1046
3083
1710
2837
2246
1395
2326
2233
739
2136
1855
1962
1843
2242
1054
1732
146
3015
1181
3176
1517
2163
2373
1302
2666
1474
2193
1457
2199
2403
868
1925
1562
1158
1287
3340
1415
149
1019
878
2264
1744
2193
3080
2904
1210
2136
2186
2271
1802
157
1895
1466
1727
957
2246
1253
2602
2322
1783
894
1313
1616
2994
2314
2083
2837
2064
2247
2285
2476
1259
1260
3045
2070
1803
2064
1638
1847
1267
2958
147
2543
924
2955
2342
1112
1866
1575
2595
3492
1897
2241
2200
1698
1645
2143
2494
2750
2046
2644
1988
858
595
1225
2611
963
1936
1225
158
2494
1067
2185
3013
1754
3070
2419
1529
2572
1148
3166
1028
1771
1109
1223
145
154
2106
2231
154
1385
1289
2567
2999
1531
1372
2038
1615
2760
2100
1980
2332
2476
156
1579
1392
2180
1371
892
2192
2859
2750
1392
2302
2202
2301
2257
2212
874
1104
366
924
2164
3085
947
2179
2045
2178
1156
2213
2455
1349
153
2635
991
1932
2476
2613
2204
1034
1860
155
2154
1296
1702
1675
1881
1510
2277
216
148
1192
839
1005
2378
154
988
2045
767
1577
157
3026
2231
2176
153
2178
622
2313
857
2453
2162
2997
1263
168
3008
1274
1526
1020
1466
3071
2251
503
411
2969
1418
1947
902
996
134
2296
965
3046
1161
2162
1290
2343
962
2686
2089
2096
1148
153
2466
2452
1843
2320
2473
2158
149
2351
2252
145
1258
157
997
1693
1575
2952
1199
158
1822
1043
1237
1393
1366
2111
1450
2079
2299
148
1663
1417
1007
2118
1322
3089
253
2156
1394
398
2035
1275
2200
2933
976
2508
1276
1055
2124
1544
2011
1670
1153
1419
2426
1417
2452
951
1014
2499
2931
2756
2096
1143
3077
151
2956
2480
2034
158
154
973
875
153
1706
1852
2680
154
1205
2203
1331
2447
2528
1266
2028
1673
2466
2082
1184
2177
1195
2204
1307
3057
1738
2273
2448
2373
3104
2099
1464
1178
2239
147
2191
2195
924
2133
2545
1704
2230
1117
1639
1815
1758
2294
2525
978
1137
1570
1699
2239
1197
3082
152
816
2025
2171
1598
2190
1580
1531
2226
2194
1287
1309
2230
1194
2255
1842
1752
2240
1732
1618
994
1308
3872
1413
1601
1907
1577
1013
2168
1512
1815
313
2267
1435
1181
1415
2300
588
2255
2462
1446
1641
1919
1192
1889
2891
2198
133
2170
2168
2293
1828
2258
153
224
1484
1611
2540
2158
3099
1502
2491
2284
438
1953
154
2710
2289
2313
2380
1657
1377
2079
1629
2381
2585
1409
1806
2730
2346
2101
1860
2222
298
1373
2930
1440
2276
2157
156
1717
2361
2533
154
1344
1760
2477
3088
2246
155
2483
1209
2572
153
1194
1804
3152
924
997
154
950
1807
3021
2106
2222
1808
2110
1236
2326
2115
1826
1922
904
1889
1039
1979
1230
1909
1464
2762
2166
1933
147
155
1673
1343
1339
2355
1649
1458
2839
2730
2301
2220
1932
156
1725
1875
157
1090
2231
859
1428
843
468
674
2218
1306
2878
2635
2465
156
1375
1295
2150
144
632
3191
2257
3079
156
2275
2141
1300
3110
2708
2221
2140
2355
1978
1733
2153
1387
2279
883
2140
2650
3365
2348
1896
1815
1221
969
3002
2065
2379
2096
2458
3137
2039
1224
155
1818
1598
1026
1794
1468
2970
2067
144
2577
2406
1543
970
2114
1275
2415
1731
1769
2952
2162
2354
1544
2201
1922
3029
1612
2363
989
2213
2236
1770
2147
2984
2597
2931
2747
2203
134
1616
2246
2196
1691
2948
1181
1529
2499
2306
2277
1602
2977
1575
158
474
2162
2584
1544
2339
1462
2980
212
2197
1493
2240
2629
1592
2076
1930
2288
1371
1289
145
2216
1335
2157
2960
155
1721
1422
1377
1088
1597
229
2003
2603
1242
1649
1812
1683
1088
2106
1576
2944
1614
2486
2235
4095
1367
1773
1511
2545
2283
2883
1450
1404
2127
1345
1601
1455
3026
2998
157
2648
3140
1230
722
2087
1375
2265
2584
2975
1791
1725
2382
649
2733
2920
2956
3130
155
3023
1897
154
2302
1134
155
2480
2245
1725
2984
2137
154
2234
396
1524
152
2556
2342
2605
1519
1327
1928
1451
1954
1567
2081
2240
1027
1029
2130
2283
2122
148
1053
1274
1370
1729
647
3098
2252
1983
1423
2941
184
2213
1486
1921
424
1450
2567
1141
2561
2153
2280
2710
1188
2288
2165
1518
1790
1774
2191
1635
2934
153
1130
2218
2372
2388
2979
152
1715
4095
1574
2602
2208
2256
2144
2218
2526
154
2096
1587
2331
2100
2699
1657
1557
2161
314
2290
3022
3015
1458
317
2935
244
1492
1024
2970
145
2175
2889
1869
2610
2509
157
1207
1459
2360
2308
1360
2450
1619
1051
1250
1026
2185
1556
2015
2086
2126
2390
2947
1477
2258
1702
2495
1580
2646
2255
156
1562
1339
550
2267
539
2233
1594
1217
155
2000
2119
2165
1764
2087
2189
1951
2231
2414
1732
1237
2663
2197
1159
256
156
2123
1271
2183
1116
3107
1840
158
1859
3027
2551
1024
1701
2071
2414
153
1463
2185
2865
1007
1345
1481
2294
2209
2995
3249
1376
1444
2248
1309
3043
1252
2199
2267
3010
2589
1498
888
2569
2142
2153
150
2659
2355
145
1458
1320
1875
1398
1279
145
2234
1777
3052
157
2593
1184
157
1097
1143
1550
2727
2339
2987
1318
133
2205
152
1271
940
1643
2266
1570
2307
2055
1162
149
2518
158
149
2695
2214
2456
839
160
3132
2622
2290
2356
2299
1599
2142
2219
245
2326
2217
1252
1614
2228
3020
2430
2190
154
1852
2721
504
2061
1000
795
1281
2314
1611
1625
2176
2294
2399
2260
1235
2321
1347
1269
1594
1922
1725
148
2261
3003
2253
2866
2139
2151
1530
1576
2261
2487
1639
361
154
2128
144
348
2170
2093
1664
2090
1512
1400
2280
2005
1558
2321
147
1585
1512
2541
1238
997
935
2311
2291
151
175
1282
1710
983
2112
1510
3227
1234
1573
2234
2332
2286
188
2546
1845
159
2112
1709
1136
429
1837
374
1378
2981
1702
1191
156
156
1474
155
3109
145
2625
2694
592
1025
2170
2185
2281
1830
2315
1009
2130
1548
1038
278
2257
2489
970
2813
1983
1042
154
1927
2803
153
1193
2243
153
2845
150
2591
3576
1151
1715
1481
3068
1580
1174
2748
2278
158
1681
1479
2436
2217
937
2556
1312
1197
2584
1083
2629
1908
2206
2046
2103
3008
1647
1522
1650
2647
155
1546
158
2939
2552
2024
1330
3051
1498
2144
153
2242
4095
152
1056
3017
2114
2699
2707
1360
2967
1577
2229
1866
2387
817
1745
2322
1649
1604
145
987
1649
2252
1564
2323
3866
2218
2027
2191
3148
2320
145
2643
1616
1448
1716
1570
2232
1846
1600
840
2403
1088
1594
3116
2269
402
2859
3002
2028
1717
1618
2881
2424
2259
2137
2219
1345
1072
1828
1485
1191
2149
2456
1632
136
1037
1699
2574
2163
1404
2929
1623
154
2172
1803
3078
2087
145
1760
2268
1176
2146
1688
2246
2037
3310
1354
2308
2182
967
2301
2182
1523
496
2927
1502
2043
2738
2530
2238
2062
3044
2136
1300
1676
2391
1828
1459
2003
966
1032
2856
1673
398
1941
1664
1635
2021
1303
908
1754
1470
2152
1177
1911
1771
2032
143
2592
1434
145
2114
2951
2184
1299
991
1790
1802
2231
2783
925
1015
1173
2148
134
1793
2196
1179
1673
2062
1410
1656
959
1843
1687
1644
1351
2305
2409
2272
2442
1486
150
2375
1208
1593
1696
2226
3144
2453
2521
1966
1485
1039
144
2176
2135
1521
1535
957
2339
1179
2207
1926
2952
1991
3076
2178
1674
1955
909
1261
2471
2942
1521
1796
1654
155
133
2168
2319
2963
157
1255
2506
1149
479
3071
1615
1479
1709
2600
1765
1948
2521
499
1338
1407
2870
1772
305
2189
1176
2142
1909
2230
1491
2189
3044
156
2443
153
1715
2123
2239
2291
1789
2059
1389
2170
2337
2378
3148
1011
1311
1059
2151
154
875
133
1743
1316
1391
1924
1147
1685
1152
3119
1941
1546
2155
2174
2224
1370
2523
149
1515
967
2622
2240
1637
2664
2128
164
2153
2298
2402
1165
1146
2139
1743
1797
155
1647
2146
1570
146
1705
2127
2290
1021
238
2341
2663
2642
1801
3114
2342
2336
2205
1538
2319
2657
2911
2265
2850
1680
1804
2195
2407
2143
1818
2192
1469
1073
2260
1392
2410
1232
2927
1744
154
2328
1930
1253
3020
2591
1204
1718
144
2218
2106
500
3006
2222
2807
1660
2440
1268
154
1512
2246
1825
1565
2400
2121
1583
1883
2259
157
1067
1531
1070
3008
2539
1319
2781
2310
1674
2341
2187
2542
2005
1803
1184
2698
1267
1745
992
2745
1587
997
2974
1047
2094
2239
2181
3039
2241
2306
1118
2181
1434
1781
2335
2913
913
1715
1002
2085
3381
154
2104
2220
1694
2264
1376
1657
2317
956
1458
986
2213
1679
3093
1004
3083
2215
149
1154
158
3071
2357
1385
2521
2605
154
2914
1339
3082
1381
1758
1689
1747
2302
2700
157
2662
2223
1704
2177
2144
2636
1198
1665
1757
1631
933
1512
2230
1443
2138
519
2239
1911
1981
1462
504
922
2871
1278
2198
316
1069
2089
2725
2216
2239
415
2971
1479
359
2961
2391
1219
2462
2197
2177
2364
2431
1699
1762
3151
1199
2262
1051
2103
1444
2207
1266
806
1802
3011
476
2276
2117
146
2163
2338
2225
1170
2547
1914
2055
2531
1090
1696
2189
1545
1296
1289
3086
1437
2325
2351
2225
1199
1243
1579
1853
1161
2176
2142
2234
2211
599
1390
521
1135
1273
1727
2215
2340
2152
2251
1562
2216
2709
2223
157
2292
984
2087
1818
1240
1276
1847
2506
157
1594
155
157
1005
1042
1551
2474
154
508
1596
459
1098
2280
1853
1184
2210
1830
1683
2226
2188
894
149
158
3088
2190
2205
1774
2512
868
154
152
1355
3008
1720
158
2438
1863
1971
2379
1659
160
2346
2205
997
2252
2206
2031
145
154
2156
144
2211
1051
2737
1710
1729
1392
999
1165
3133
1662
962
2281
2670
1249
1586
2212
1009
2731
1557
2914
149
825
2614
1843
1713
3039
1281
1749
154
2837
3223
2230
152
2102
3140
2700
2081
2082
2782
1246
2240
1500
1088
1354
1052
2594
3004
1280
1394
2099
156
2173
422
1398
1343
2769
607
2201
2766
2942
2850
1754
1307
2221
2191
2190
2985
3046
2855
155
1695
1990
2200
133
1969
1440
2176
2424
1941
2261
2960
2705
1282
2096
2088
2364
161
1159
3081
1314
609
1666
2883
1106
780
1286
800
1292
2904
2172
2140
1138
1985
2969
2822
2861
930
157
2338
918
1790
2223
1173
1007
933
1486
2372
2124
2397
3047
2583
156
1296
150
1129
2476
2468
2208
1374
1425
1212
1444
2239
2135
2239
2254
1401
1796
2335
1887
2978
1200
2013
1858
1613
2123
2229
2936
2187
2127
2975
2381
1412
1577
2313
2237
1778
2129
1550
2152
2363
2952
1054
2082
1405
155
1548
149
958
2297
1515
1490
1978
2490
818
1223
2988
159
155
3112
2169
2222
1606
2074
3099
2283
1321
2270
3052
2199
3167
2070
158
1768
2443
2793
1387
1840
1896
2688
1047
2171
3105
134
1224
1324
2123
2232
2456
1282
2176
148
2223
1054
2241
2156
2058
886
957
1008
2644
2703
1731
1705
1828
1273
944
2829
1275
153
2026
1530
1512
1861
1392
2120
281
1003
1424
1498
959
2306
1618
1399
1198
1731
2150
1992
133
145
2677
2134
1364
154
1695
1140
341
2949
1483
1740
2202
2333
1502
155
2143
156
1531
2308
1561
2032
1700
2194
971
150
624
1258
1873
2107
2366
152
2257
2206
892
133
1708
748
2401
2226
154
1274
2615
1926
1856
992
2262
2855
1487
2379
1969
2041
2240
2176
1848
2234
2096
2089
1660
2153
1029
2155
1206
1662
407
1467
1471
1785
1072
3046
2158
154
1236
1360
2498
728
484
2272
1583
3272
1062
1373
158
2180
1660
1858
1497
2226
1229
1240
1334
1662
2198
2068
2218
2207
984
2920
1362
156
874
144
1476
1762
145
1523
2037
1864
965
2179
2461
2256
1238
2417
1731
2394
2100
2134
2182
2427
2104
2158
1789
2521
559
2164
501
1742
957
1546
152
2855
2257
3006
1795
1714
2262
2628
1895
891
1786
2191
2017
985
929
2690
858
2315
1347
2770
1284
684
159
3112
2210
154
2573
1511
1539
1419
2580
2424
2343
2073
1844
1502
157
2083
2270
1032
2879
2234
1838
2165
2114
1487
2233
1550
3001
2639
3036
1471
3049
980
1265
2136
2348
3096
1657
2623
2077
1100
2719
2439
1245
1904
935
2258
3038
1289
1675
2208
1737
1932
3003
2288
955
1582
2280
1325
1639
1782
3000
2957
2359
2418
1741
2898
2942
171
2154
2077
1359
1057
854
2425
1602
2288
1417
1258
1010
1832
2322
2267
1817
1882
2974
1342
2475
2429
2288
1519
2080
1149
243
1146
1848
432
1425
879
1558
1305
2369
912
2274
1725
2188
1674
954
1652
1844
1650
1443
1046
2046
1603
2244
1956
366
1838
2166
150
1436
2133
262
1047
1110
2049
2614
1153
189
1566
1500
1557
1268
1525
2216
1746
2064
144
2957
2866
2156
2914
1487
2211
2225
1693
2185
2976
1369
328
1101
2953
2160
1725
2008
2540
2092
2774
2258
2219
3015
3162
1959
152
2277
2095
1768
1563
2494
2054
1960
1206
1785
3087
1904
2668
2805
1102
3127
1747
2128
148
327
2447
2140
2603
1658
1331
1344
2256
2769
1664
157
2110
2686
3130
817
2172
2292
2277
2504
1518
2517
2262
2668
2637
2202
2217
468
2126
2165
869
158
2238
1184
1769
2650
1457
1535
2201
1623
2075
3112
2344
2052
151
988
2854
2070
1955
2969
1319
2374
2124
619
1838
3538
2546
2547
2035
2304
1517
1251
1283
2234
2331
2219
133
1092
2264
2743
2138
2011
994
2155
1398
1489
154
2378
2436
3064
1269
2107
1226
3113
2041
2153
2193
2141
3117
1630
3080
2639
1833
2072
1314
2222
1223
1953
2309
1295
2227
2462
1627
2152
2074
2334
1782
1864
955
1757
2396
1183
1131
2313
1976
1780
3096
2309
1998
1043
1380
2327
2649
1148
1369
2040
807
2215
2589
1389
163
2453
1738
2353
3056
2239
2974
158
1292
1128
1448
2743
1769
1856
3079
3719
2080
861
1369
157
2932
1521
1182
2297
1232
1197
1174
2446
156
1446
655
2991
3097
1114
2181
2360
2442
1672
2399
