2005
2005
179
179
174
174
183
183
171
1295
1295
1250
1250
169
169
180
180
175
883
883
1711
1711
1972
1972
170
4095
4095
174
174
4095
173
173
2952
2952
184
184
175
175
4095
4095
182
182
188
188
190
190
171
171
190
190
177
177
616
616
183
1544
1544
175
175
189
4095
4095
189
189
181
181
187
187
177
177
188
188
170
170
1859
1859
170
170
172
172
189
186
186
188
188
188
188
189
189
182
182
1583
1583
188
188
1323
1323
179
179
2985
2985
4095
4095
3263
3263
4095
4095
187
172
172
180
180
1564
1564
184
184
2149
2149
1859
1859
190
187
0
174
174
4095
4095
173
173
188
188
173
181
181
182
182
188
188
376
376
174
174
177
177
189
189
1625
1625
4095
4095
1459
1459
190
190
187
184
184
178
188
188
182
182
172
172
1663
1663
174
174
172
172
173
173
3774
3774
1760
1760
1732
176
176
1056
1297
1297
4095
4095
189
189
2212
2212
175
175
190
190
2004
2004
175
2401
2401
1358
1358
4095
4095
179
2349
2349
190
190
191
191
183
183
4095
4095
171
171
179
179
171
171
170
187
171
171
1727
1727
189
189
4095
4095
733
733
179
179
174
174
2386
2386
184
184
190
190
2005
184
184
177
177
172
172
1417
1417
176
176
4095
4095
2024
190
190
178
178
3651
3651
4095
4095
187
187
1770
190
190
171
171
185
185
4095
4095
178
187
187
190
190
182
182
185
185
182
182
171
171
3628
3628
180
180
187
174
174
181
181
173
173
173
173
190
190
1981
2144
2144
184
184
183
188
188
4095
4095
2158
2158
190
190
190
190
171
171
188
188
1898
1898
190
1323
1323
171
4095
4095
2217
1636
1636
183
183
1572
1572
177
177
186
186
1438
178
185
185
182
182
189
1684
1684
4095
4095
190
190
174
174
1816
1816
186
1178
190
190
2352
2352
171
171
185
2374
180
180
190
190
176
176
1999
190
190
180
180
1495
175
175
1472
4095
191
191
1297
1297
174
174
189
4095
4095
186
186
939
185
188
188
178
178
190
190
4095
4095
182
182
4095
4095
544
544
1283
179
179
1353
1353
175
175
189
189
1512
1512
186
186
190
174
174
171
171
2119
1361
1361
173
173
172
172
4095
4095
182
182
183
189
189
1990
1990
1223
1223
175
175
1509
172
187
187
2007
2007
187
187
190
190
175
175
188
188
171
171
1942
1942
177
177
189
189
188
188
2426
2426
1037
1037
186
186
222
222
171
171
178
178
1341
1341
181
181
2138
2138
4095
1292
177
177
173
173
189
4095
4095
4095
4095
171
171
4095
4095
1870
1870
171
2390
2390
191
191
1574
1574
445
445
187
187
175
175
185
174
174
178
178
827
827
4095
4095
171
171
185
185
173
173
185
185
175
175
190
4095
4095
173
173
185
185
190
190
177
177
1780
1780
190
190
186
186
173
173
1929
1929
185
185
1402
1402
189
189
172
172
4095
4095
4095
4095
175
190
190
178
182
182
173
173
4095
4095
188
188
182
182
189
189
634
634
191
1612
1612
4095
4095
169
169
1243
1847
1847
188
188
187
187
190
190
174
185
185
1323
1323
173
173
374
374
186
186
2611
2611
177
177
182
182
4095
183
183
190
1214
1214
1449
1449
4095
4095
171
190
169
169
1605
172
174
174
186
186
4095
4095
190
190
175
183
183
172
190
190
171
171
178
171
171
172
172
174
174
1532
1532
181
181
1707
187
187
2152
2152
189
189
174
174
183
183
190
190
174
174
1594
1594
1134
1134
190
190
178
178
1780
1780
176
176
184
184
2097
1442
3203
3203
186
186
173
173
190
190
1233
1233
4095
4095
184
184
2629
2629
2073
2073
182
182
181
181
175
1830
1830
1715
1715
1806
1806
186
186
174
1798
1798
4095
4095
4095
4095
171
171
767
767
187
187
185
185
1126
1126
190
1481
1481
1645
1645
179
179
1342
1342
1650
1650
190
190
1280
1280
185
185
180
180
176
2087
2087
1154
1154
4095
4095
188
188
186
186
189
189
171
171
189
189
4095
4095
2768
2768
325
325
177
177
171
171
1544
1544
181
181
1334
1334
4095
4095
174
4095
4095
190
190
2666
172
172
178
178
1246
1246
188
3570
3570
172
172
188
188
1668
1668
171
171
181
181
184
184
190
190
180
180
1613
1613
4095
4095
172
172
172
172
179
179
2927
2927
189
189
189
189
190
4095
4095
1325
1325
4095
4095
179
179
175
175
1534
1534
186
186
190
190
190
190
4095
186
186
171
171
4095
4095
1535
1535
180
180
190
190
171
171
1335
1335
1154
2111
181
181
1127
1127
4095
4095
4095
4095
171
171
178
188
188
175
175
3136
3136
1018
1018
1678
191
188
188
188
188
2141
2141
189
189
191
191
182
182
172
172
1617
171
171
187
176
176
4095
4095
177
177
4095
4095
186
186
191
191
190
183
183
246
190
190
181
181
171
171
171
171
188
188
4095
4095
185
185
321
321
2433
2433
174
174
187
187
189
189
1644
1644
190
190
173
173
189
189
1237
182
182
187
187
183
183
4095
4095
685
685
1835
190
190
907
189
189
843
843
2647
4095
4095
185
185
174
174
1927
1927
191
