1872
179
3301
2111
182
2041
1598
1125
654
1889
1730
2060
1447
1471
1850
1922
180
1927
175
2990
2146
1222
183
1719
1775
1310
2140
1888
1974
1935
2063
2113
1485
2033
1644
2140
2118
1933
194
1887
179
2164
1583
133
2056
1921
2743
2486
1918
1261
183
1992
1366
192
1814
1123
2112
1314
2075
1735
1966
2840
1842
192
2295
2076
1850
194
1805
1266
194
186
1833
1415
2144
2097
1454
498
2129
1813
1852
1773
183
1751
1899
1074
1845
303
2058
1299
1609
2419
196
1119
184
1151
1110
174
183
3214
403
3606
1737
2131
1651
184
866
1986
1365
192
2041
1360
181
1902
398
1286
187
293
1168
181
133
186
175
1830
2095
1114
1859
1886
187
2006
1900
1504
2096
2560
191
187
173
1273
2106
2095
483
1848
1427
354
1230
192
187
1108
186
1825
1288
1571
194
179
2596
1750
179
2012
195
176
184
1890
1750
998
597
174
1387
190
1383
186
2066
176
3837
190
1208
187
2078
175
1312
2395
1798
2089
191
1847
1882
1807
1825
190
2383
1817
192
1843
178
1721
1747
1189
1148
1061
2273
1546
180
1040
1838
1856
2696
2257
1384
213
191
1663
1928
1880
1617
184
189
838
2153
1744
1354
3517
1788
2098
1058
1921
1837
2100
1627
2152
2090
1540
2061
1758
682
2549
1546
1837
193
1669
182
2091
1779
2078
2071
194
1850
1283
1386
2067
180
504
1707
2016
193
3254
2086
2028
3028
2413
1617
1889
1364
2154
1046
1290
376
1928
2107
2130
2049
2077
2097
1845
1031
1850
2035
1826
817
1805
1842
1867
1997
2082
1370
180
194
3564
179
1157
1350
180
2179
2081
180
1541
177
1978
1913
2056
183
1275
1863
2024
2738
2879
1235
2208
1564
2494
174
182
1753
1537
1799
1528
1803
2124
1934
172
1197
191
187
1769
188
174
2243
986
1737
1793
2063
1801
1546
1373
1842
192
1011
1306
1115
1839
182
1383
185
660
3882
1878
1598
1429
1834
1276
191
1521
182
2702
3051
182
193
335
1865
776
1832
2352
1581
1970
187
2075
1789
187
1803
2164
1839
1699
1803
1709
2319
176
2277
186
1454
1484
2037
2147
1686
2446
1263
1921
182
178
1878
1780
1092
193
1797
1587
1841
176
1223
1783
1791
1575
2476
2252
2126
2112
1387
2087
1959
2069
1396
1622
1412
1597
2168
172
1779
1282
2117
1852
188
1236
2126
190
175
1359
1249
1864
133
1816
1837
193
183
2151
191
1857
2108
194
1903
1971
194
180
2070
1891
1810
997
213
1573
1896
1545
1432
3487
1762
1576
2124
2181
903
1795
1892
175
1840
2043
1698
1099
1496
2061
1320
1136
1673
189
1431
1828
2071
2126
2000
1237
1097
178
1480
3184
1609
1544
186
2003
957
2041
2173
193
1731
1418
192
181
1951
2051
2548
1568
2009
1833
2596
193
1237
1469
1471
1825
2210
1844
1436
183
1775
1533
2165
1592
1829
1847
1823
1878
1507
191
1794
1918
1896
133
1998
1237
1994
1803
2017
1292
1814
2351
1510
1780
186
1278
1587
1897
1378
1163
2034
181
2029
2685
179
1991
178
1780
2102
1404
3181
994
133
182
194
2046
2145
3383
173
183
1156
1797
2133
2627
174
2485
190
172
1302
2163
1864
1809
189
1073
1861
185
175
1269
1086
1360
1935
1604
635
193
2436
179
2145
1064
1261
1907
1809
181
193
2142
2080
192
175
1289
2138
174
2723
1861
177
1622
1883
1551
1403
190
1816
2124
2064
1804
188
1791
1163
1384
3090
1936
2131
1771
1878
1274
1628
1383
1716
1063
1207
191
2129
1374
1823
1954
1835
1132
2084
133
192
177
2011
1430
2129
1115
192
1910
1252
3867
176
1916
1871
2016
1769
2061
1755
2433
1798
2187
1341
1107
1965
1601
1778
1283
2005
189
2079
2445
1632
1851
191
2104
1440
1983
3448
179
1285
2138
1770
1203
1405
178
1785
1806
172
2455
2113
625
464
1300
1870
2707
179
1604
188
1631
1752
2098
1386
2050
3279
2032
172
3156
1724
2140
3423
2230
2021
1571
184
1511
923
177
1241
1975
2128
1782
1939
1421
1547
1653
1842
2084
1936
2035
1985
2002
2713
1473
2519
178
191
2171
1782
182
1326
184
1293
743
1674
2068
182
1683
1163
176
1812
191
1974
2124
1359
1401
1932
1423
192
1856
2027
1544
193
1985
1891
1711
1573
1604
1998
191
2382
174
3744
2238
1443
2033
1810
3358
174
1107
1195
1962
1846
191
2142
1758
3493
2080
1972
2560
3173
2003
175
182
1280
280
2054
187
2792
1809
1966
1438
1238
1841
1837
1709
176
1400
2344
133
1117
2022
2125
1640
1757
1439
194
180
1122
2762
1427
2138
1500
1286
1642
1818
1322
186
1736
1413
1494
1183
1926
2066
1191
174
2087
1981
1710
1951
1402
2129
1658
1999
174
1669
1327
176
1102
2970
1850
192
183
2071
992
1777
179
1872
182
539
1427
1552
1854
1671
2085
1831
195
176
2082
2351
3925
184
191
174
2100
1833
3812
1996
2005
1841
1566
2152
367
1384
190
1798
189
2041
1539
1567
187
1451
2135
1801
3577
193
1794
2033
1013
187
1790
1125
1455
1868
1247
183
1996
1544
2063
1669
1708
1847
181
1752
185
2046
2020
1644
1446
1762
2100
1701
193
1112
1255
2189
174
188
1877
1379
1336
1089
2023
1926
2090
3714
185
1902
191
954
1717
3153
191
1549
186
190
174
1723
1863
2115
1120
1487
1819
1553
3452
1886
1893
3246
2088
1786
1470
177
193
182
1256
3486
1981
1246
598
1818
249
1929
180
2087
1269
133
217
2143
178
1634
192
1519
1861
987
172
186
1877
2147
1643
2149
181
1845
1810
173
2138
1842
1699
2074
1436
2069
1044
1639
2051
436
1441
2051
190
1892
3458
1870
182
1483
1079
1195
3021
1786
1387
178
1177
182
1858
192
2080
1962
1249
174
1428
2486
2063
1409
190
2050
3984
190
2046
1935
2231
1598
2767
1825
1819
1751
1661
1632
1170
188
896
2081
1983
132
1847
185
3804
2083
1828
2219
1286
182
1724
1153
2024
3238
1930
2237
2051
2055
1765
1513
1808
1795
133
976
1371
2962
1998
2156
621
2176
180
1838
2053
1563
185
530
172
186
1794
1903
191
1950
177
2026
1979
1831
1729
2822
176
2291
1821
178
2068
1744
3811
1335
2446
2436
1848
1619
1492
1232
2055
132
133
2032
182
1869
1807
181
2611
174
1369
1574
2053
1668
1512
1787
1643
191
1632
2750
1232
1844
2145
2028
3821
2011
2040
1553
2087
2006
2000
2672
1295
1687
1608
186
2041
1068
184
3249
1158
1839
1770
1826
2038
181
1262
1480
1340
2230
178
2045
995
2360
1842
1755
1213
1902
190
1386
1165
1488
1935
190
190
1367
975
1491
172
1663
1508
895
1803
188
2007
1226
1902
1813
191
1989
1711
1862
3834
1864
1709
184
1040
194
1993
2027
1741
1763
1723
2666
180
1618
191
1587
2011
2052
1830
1812
1799
190
1216
186
1630
1580
1807
1538
1736
1875
1679
3926
188
187
1839
1901
2062
175
1838
2142
177
191
184
1225
194
1702
1436
1299
1784
179
192
182
1766
1532
584
181
2937
2057
1863
1097
1862
2044
2093
173
186
1944
1836
2079
190
1764
1996
1751
175
1737
3409
1933
2025
2026
2039
1855
2606
1253
2893
1295
1815
1854
2343
1544
2102
1091
176
2112
1989
2070
195
133
1161
193
178
1379
192
178
1136
193
178
2093
1691
1989
1222
1781
174
1989
191
1627
2066
1145
2691
1541
1915
1645
189
190
1014
2076
188
1773
1913
1808
1650
1758
2078
133
1390
1380
897
1726
1432
1307
1660
1464
193
177
1546
1636
188
1968
1854
2482
1404
178
1506
2027
1823
2159
1163
1999
2036
1444
1741
175
1649
735
183
1892
1674
1840
1009
180
1516
187
1040
133
1264
1283
1364
1689
187
175
2176
1776
1785
1308
1894
1395
1352
1163
1896
1867
2046
1300
192
173
1397
195
1840
1545
1927
1415
186
179
1882
1976
1411
2087
1781
1830
1814
189
1820
1854
185
193
2069
1913
1459
1722
1439
1727
199
187
1060
1755
1914
3963
2159
193
2590
1218
2679
1853
1041
3191
2023
1414
1760
1175
1878
1683
1948
190
132
2002
1074
393
184
176
2135
1229
1743
2080
1598
1367
1262
1979
1859
1870
194
1168
187
191
1036
2637
1763
1734
189
1671
1284
2426
2049
174
190
187
2155
133
1348
1654
1821
1149
1867
1588
1759
1709
1458
1902
1425
1280
1179
1786
1390
2658
1376
1505
1744
423
193
175
181
1562
590
1058
1426
1770
184
1957
1862
186
191
2511
218
189
1403
1911
1173
173
1261
2383
176
1373
1797
1678
1399
1301
1853
1919
2013
2053
1422
1512
1985
1915
182
1872
191
1381
181
1247
1124
1313
1441
2084
1821
2203
1296
182
1554
1984
2033
1448
1677
187
189
173
184
1721
2046
190
2065
1758
1981
187
176
2142
189
1312
191
1815
2060
1804
1892
2019
1140
2058
2916
1673
2098
180
192
1284
1929
191
2453
182
1386
189
1273
193
1235
182
657
1732
1882
2082
1789
184
2041
1877
1771
1987
2075
1343
2251
1636
3050
189
1689
2113
1740
177
1417
192
2108
1885
1847
1362
2685
3425
1797
1358
2104
179
1316
444
179
2081
1817
2115
2064
288
179
3868
1849
1810
1813
2098
1263
1843
2685
2267
2009
1700
2063
2095
2847
185
195
173
2004
189
176
1351
1112
1858
2733
1756
1198
1903
1449
1249
2251
1763
1995
1928
184
172
187
1814
559
1816
1787
1917
1766
190
1284
1750
2644
1253
2026
1636
3835
2572
2067
177
193
185
2093
194
3094
180
3636
180
182
616
1765
182
1498
1338
515
1662
1793
182
194
1842
551
1729
1851
1944
1550
2037
187
1863
1272
187
1985
538
1769
1535
175
1267
186
176
1527
1496
2040
192
2020
973
2052
1842
1474
1832
2040
1599
1399
3683
1458
1352
1805
1664
191
179
1286
1832
2011
184
193
1805
186
1092
1494
1287
191
1207
1450
2002
2092
1826
188
531
2136
2010
1778
1887
3147
133
191
2405
176
1823
1211
1353
1572
1811
1620
1983
1810
1763
2245
181
2113
192
2009
179
1809
1883
1348
191
178
2356
193
1102
490
191
1759
185
203
1906
1432
2048
1855
2084
2515
1870
935
1782
1047
1881
1830
2059
1889
1311
1345
1345
187
1845
1543
1219
2123
2018
187
1822
1774
2369
2192
1769
180
1240
1863
1076
521
1390
176
3028
1722
1518
2080
2372
3579
2044
192
1794
1557
2060
1285
1899
2176
1312
1836
1482
1912
185
1974
1160
190
2155
2791
2217
1851
1827
193
1755
177
1798
1588
1874
3865
1880
959
2144
3272
3088
2096
1423
1637
2946
2038
2023
2038
178
3466
2038
1880
180
2173
1804
181
2075
1841
186
1701
1212
995
1336
1751
2012
191
2082
2106
1035
176
190
2120
176
2383
189
2003
193
2167
177
195
2051
1637
1978
1978
1315
1726
2217
1844
1560
132
1311
191
1711
1840
1112
3399
1052
1443
3263
184
1688
1864
1860
1878
174
182
191
1844
1852
1910
1965
1894
189
1522
1371
1588
2078
1852
269
2075
190
1682
1602
1714
1575
2677
193
639
2275
1779
2230
1494
1402
182
2922
194
979
1444
2020
1455
3284
1886
1304
177
189
191
1792
1808
414
186
1556
1817
1212
1644
1596
2015
1834
1415
2025
1573
1957
180
1292
188
1419
1726
2098
181
180
2082
1851
1415
182
191
1913
2000
2015
1811
1205
1381
1176
1784
465
185
193
1879
1972
193
187
1782
2213
1253
2003
179
2196
1666
1627
1431
1433
2047
176
3709
512
1798
1819
2008
184
1908
1659
1273
2046
133
1780
1822
954
2471
910
3285
176
1901
1347
175
1348
1338
1782
2088
1576
2043
174
1328
2134
185
1424
188
1785
1749
2156
193
187
175
2156
191
1355
2139
192
187
215
1780
3842
1582
2067
2043
2020
2398
1848
1819
1485
1835
1727
1404
2008
1386
1068
174
1407
188
173
188
3329
2095
2017
1723
234
1325
188
175
191
1190
2311
2528
190
2083
1313
187
2050
2131
1462
1913
1811
1824
2015
2714
2054
1635
185
177
1587
185
1326
2165
183
2959
1380
179
2143
194
1772
182
2041
1930
180
1274
1798
1618
2060
1753
1871
2090
1805
468
2305
1735
1572
190
173
1502
405
1842
1690
3275
174
1427
190
175
1567
1643
2441
2068
187
1305
1643
2037
1704
1802
1863
1780
1822
1832
1064
1884
180
181
192
1261
180
3884
1783
1207
1840
2098
1534
1839
1419
2581
2908
1313
2128
192
1165
1570
2398
1852
1555
1791
1981
189
2377
1214
188
1853
177
2074
1752
178
982
187
176
1883
1376
2113
1997
185
179
191
1754
3946
1901
1878
180
1727
1861
2032
1836
178
180
195
1099
1737
1310
1841
187
227
1680
1502
1101
1024
1836
133
172
2580
197
1837
186
2089
1710
1854
1871
175
190
186
1375
1212
187
2856
198
185
179
1021
185
1839
1651
181
133
1081
1631
180
1878
1721
1855
2100
1711
1805
1827
1493
1305
1851
2974
1633
1745
1741
1254
1998
1802
1844
191
1183
1780
2092
2375
1580
1837
2023
1369
188
1991
1850
1818
175
1804
1755
178
1203
1163
2162
1395
183
1681
1175
183
1779
132
2121
180
1144
176
1780
1436
1612
836
1778
1958
1820
1334
2033
1825
1805
1797
182
1289
1027
1846
1469
1332
186
187
2058
133
1173
1869
2242
567
1726
190
1986
1490
2265
133
1758
1915
1534
1511
1696
184
1568
2002
184
178
954
1783
182
1724
1819
1699
1982
2726
2124
1782
174
2048
2095
1645
132
1317
1885
185
1725
173
1347
1751
1893
1797
1780
2086
2101
2108
1355
1875
1775
1596
1951
1188
635
191
1856
177
1463
1606
1808
191
1527
1907
2038
1835
182
2030
1753
183
1686
178
181
2064
1744
1208
1907
1324
961
2061
3720
187
2124
3066
3285
190
2108
1400
2025
174
1830
1983
174
1173
1528
1813
2026
1824
1897
192
1291
3365
962
1845
1897
2006
2186
1716
1861
1833
2161
193
1847
2015
194
1251
180
193
1848
2146
2006
1823
1861
1474
174
1402
2959
2262
2103
2110
1517
3325
1581
132
1551
3597
2111
2153
2016
2132
1309
1861
1732
1372
1362
177
2067
187
1580
1289
3688
1824
193
683
177
2564
1758
2341
196
1541
1117
4095
179
1785
2290
2564
180
2844
1592
184
1595
2065
2080
2107
132
184
1802
1213
1906
1465
1847
1063
1986
2131
1776
2010
176
1063
190
1862
1833
3836
2095
538
1340
1368
2362
186
1407
1974
2065
1338
1609
184
1158
1363
1452
2360
1542
1056
1879
194
176
133
1513
1202
1935
2013
1283
2155
1877
3520
2122
1849
174
182
1234
1389
1924
191
1493
2838
190
951
1755
1883
1280
187
1808
177
188
1617
174
960
1957
1239
1950
188
2947
1832
1795
175
1143
1160
3123
1826
190
1352
2729
503
1380
1500
1544
175
2090
1816
1443
1868
192
1889
179
1994
1219
1682
186
1805
2075
1713
1244
2053
1107
1775
196
2506
3733
2470
1737
1076
183
1649
1164
1035
187
1244
1895
1630
2317
1672
1863
1817
1166
1180
2152
3840
189
1435
2238
2112
2691
2044
1880
1006
1300
1078
1918
185
2086
2150
193
1526
1577
193
1261
1969
1814
2105
1815
2045
1404
188
1275
2112
1316
1965
1907
1674
190
1995
1915
3108
1233
264
1139
192
176
1825
2048
1900
1360
187
2012
326
1920
1461
1198
2016
1737
190
179
1144
2076
1570
1431
2770
1181
596
1266
1860
2096
176
2534
1861
1327
624
2165
1800
2042
1445
2025
2016
1538
186
1758
1864
1774
2091
2057
983
1755
173
1761
1427
1653
1736
1351
174
1499
3909
1252
193
1468
1354
1800
1955
1662
192
182
2084
2038
182
2045
2038
1891
1503
1966
1916
181
1390
1254
1271
192
3276
1434
3767
1375
1722
1779
174
1896
1985
2023
1801
1232
173
3214
1660
1813
1245
1979
2152
3784
1098
1895
1500
1516
2073
1397
186
1894
1676
2098
1897
1822
1093
178
1297
3200
1886
1606
2396
3787
1766
1624
1819
1391
177
182
1750
188
182
192
1961
182
191
2067
2104
2216
2039
1600
191
174
3345
2116
2187
2790
1532
175
2039
1301
176
189
188
1980
1121
1727
178
1339
1263
1394
2112
1944
1795
1515
2889
179
1410
179
178
2032
1982
2319
191
179
133
1789
1379
1852
1801
1885
1821
193
174
1916
690
1752
186
189
175
3567
1787
175
1451
2084
1009
1361
664
2064
1495
2065
177
3425
3431
179
195
2070
1901
1859
1594
179
1894
1496
1625
193
2036
180
193
177
1205
2017
177
2049
2006
1792
1699
2039
1805
1531
192
176
1710
190
2015
1455
191
172
1297
2019
176
187
1601
2088
1507
1796
178
1909
187
1971
1738
188
989
1369
2065
177
2322
1702
2021
1865
1841
3427
2060
182
1556
1962
177
2159
192
1973
1807
1747
175
1447
1721
1265
183
2001
1160
1747
2062
1489
1617
190
2059
2141
1717
1677
1367
979
1371
1778
3796
175
1758
1392
2635
190
2031
176
2148
1801
776
1220
184
935
1800
2057
2920
3044
1846
179
1614
178
183
1116
1974
1688
1946
994
2099
191
1299
2572
3871
1865
175
2002
190
176
180
193
1871
176
180
2128
2123
1512
1477
1409
182
872
3399
1831
1789
1765
1509
2139
1750
180
1410
176
1824
2386
1483
2083
193
132
1108
2002
2025
2089
1938
3126
1539
1654
174
2060
1716
1963
1084
1702
1934
189
191
1535
190
2054
1585
192
1460
2096
192
184
2018
2204
1455
2072
194
1232
1809
1925
1897
1735
1217
1785
2072
1525
1437
182
1825
1812
183
2099
2008
185
1837
1338
418
2329
1337
1318
1996
2226
133
2113
1782
1824
2095
1048
1716
187
2040
191
1575
1143
2098
1286
1213
976
2005
1370
1750
181
1954
1814
1919
1251
2082
1777
1762
1926
2049
2102
3276
174
182
1793
1842
1808
3053
173
186
1997
1690
1928
2097
175
186
1796
187
186
3561
913
1339
1891
174
2080
1699
2212
1414
1796
1927
2122
1590
178
195
186
1820
1884
2045
1487
1329
181
2093
2065
762
492
2083
1325
181
1901
1972
1760
1046
1805
186
2001
1651
2009
1233
174
1168
2180
1794
1464
1402
2018
186
1469
1756
2041
2101
1148
188
2015
2092
190
1639
2203
191
1816
1882
192
1485
1601
181
1529
1815
173
3614
1432
1495
188
187
2105
1877
189
178
1321
187
1521
2192
2018
1696
2042
1963
1117
1315
1348
180
1263
182
180
943
181
1814
193
1984
2073
1415
2288
1755
1896
1292
2048
1526
1734
205
1221
1120
1970
1393
1780
1574
1753
2134
1538
132
176
1968
1942
1508
2955
193
186
174
2079
1856
1334
178
191
1009
1791
1573
1907
2031
176
1382
1604
1845
2102
1981
185
3834
1392
1503
2710
1841
1815
186
1114
2684
192
1385
1370
1864
1281
2036
1740
1820
1416
176
1930
1669
2310
1862
1533
1312
1260
2095
2021
174
1812
191
3377
1489
1906
191
1437
1880
2029
1342
174
1131
2157
178
1760
1623
1527
1067
2130
3892
1884
1112
2165
1906
1653
1822
192
185
1867
188
191
1773
1024
1720
1403
1558
2092
191
179
3927
2794
2089
175
183
1130
1904
133
189
1237
1361
2093
1623
2031
1346
1101
1708
1287
3782
1885
193
1829
179
1778
1870
1761
192
1599
1698
1588
1379
1515
194
2048
1865
1524
1803
2038
193
178
2171
192
174
1795
1464
176
2311
2046
1811
477
202
175
185
1606
2985
1837
1538
1858
185
667
2053
3361
1166
174
2101
186
176
3627
1149
1170
2269
2355
3814
194
183
2069
2185
1576
181
2445
184
180
1910
180
1252
1788
177
1691
1369
1824
1465
197
1949
1468
1465
1991
2050
1529
173
1567
829
172
1955
1772
1885
1822
190
3142
1293
1370
175
187
190
133
2036
1887
1871
3890
185
1941
1510
298
1934
1756
1731
1834
2100
180
1989
2084
1506
178
191
1716
2129
1763
1501
1960
2000
1676
1889
1728
1853
1712
201
173
1836
3787
174
186
1866
1200
188
188
3161
1451
189
2796
1412
2548
1549
181
192
1840
2035
1656
175
1362
192
1555
2086
192
1779
1582
1598
173
1306
2143
2100
1764
1836
1424
1649
2738
2085
3734
1489
1321
1310
1384
1892
2022
185
1391
191
3722
2285
1872
1982
1219
2189
180
180
2045
2021
2032
1844
1488
2036
192
390
133
1958
1917
182
1908
2036
2162
1345
1792
1616
1811
1742
2105
132
1139
187
1930
1315
189
1541
2833
1588
1802
1800
1585
541
2228
1776
1743
178
1089
2122
1928
2062
1567
1650
193
2125
2153
191
1569
180
193
1764
181
1558
1210
1984
1326
1059
184
2098
2024
1612
190
173
1686
195
1803
1492
1908
2081
1758
1852
173
2190
1890
1505
2076
1838
1089
3180
2003
1194
1862
1279
1827
1835
186
178
1238
2232
2179
1788
1881
1670
1857
1336
188
177
1298
1364
1867
1221
190
2089
2132
1388
2060
1691
3530
1217
2068
181
2086
984
1826
1840
3881
2078
1780
191
1781
181
1946
2141
2135
681
1054
1402
195
1735
2146
1249
1938
1868
132
2127
1449
189
1546
2059
450
174
1276
188
1588
2412
2051
2857
2066
1907
1573
1393
1714
1464
192
1698
1468
2531
1066
3207
2162
1767
1995
1966
1858
179
1234
1314
2786
2059
1802
1287
1072
175
182
192
1876
1990
2079
1798
133
190
2061
185
2033
456
1868
189
3224
879
132
2011
2123
1801
1830
2140
2079
176
193
1510
2793
192
1411
519
1970
1715
2172
192
2086
1533
299
2078
181
1824
1832
2049
2059
1749
1834
195
1291
182
1800
2047
184
1290
2241
1752
1873
2891
1542
191
2110
704
2136
1463
1843
1831
2073
190
186
175
2100
2035
1608
1864
1639
2009
1607
1645
1646
195
1840
180
1426
1741
181
191
1210
2513
1816
181
1943
2337
177
2094
191
177
2140
1358
2052
187
1521
1740
2246
1505
1276
186
189
1820
1850
188
2476
1189
1983
174
189
1330
1550
1769
1194
2103
191
187
1956
1207
1749
1889
193
1881
2119
1899
1890
2015
1765
178
756
198
1986
133
1634
452
182
190
132
1488
2158
1523
180
1629
1216
1859
2171
1979
1992
1318
2057
1791
2151
683
191
173
1868
2033
182
996
1825
2066
1872
1319
2062
1357
1265
1090
1661
1363
2107
2058
187
1283
1808
193
1144
1843
1024
1211
1334
1468
191
1097
1027
188
190
2007
180
1951
2034
201
2086
3186
1874
3181
2108
186
1558
1598
192
1899
1909
1926
1844
1887
2121
1860
2751
2050
1170
1603
1205
182
197
1805
2117
1877
1588
2028
1854
2079
1831
174
1221
1762
177
1186
1611
189
2067
1432
2072
181
176
1415
1288
1046
1484
927
1341
2077
1751
191
2736
2130
1938
186
1459
1843
191
1560
1952
1789
1406
1828
1471
1962
1215
1674
1846
1802
2014
1831
2024
2117
1784
1639
1839
133
1302
2094
171
1922
1675
2032
188
1790
173
2892
1829
283
2140
2060
177
1285
1203
3132
1707
182
1754
192
1863
181
1094
2495
1969
1543
946
1496
3350
1676
2016
2136
176
4009
1367
940
702
2884
172
1417
1741
1778
301
390
2039
2117
1865
1720
187
188
1243
1133
1152
1801
1812
2124
1814
1893
1388
1319
192
2066
1517
190
183
1768
1672
2165
180
1849
3703
2179
192
1749
1090
1832
177
182
2831
2081
182
1850
1889
865
1423
1720
1892
1812
1802
1489
1698
1754
1994
2746
173
2080
190
1819
1480
1181
2084
1739
2212
1713
188
1980
1141
1615
1323
174
2101
2768
1736
190
2063
1712
3910
2927
181
1776
1601
177
1148
1852
178
1331
1881
1900
1137
178
182
194
2068
3409
3530
175
1294
1255
176
3341
1820
1781
1853
1833
1355
132
1864
173
186
1697
1408
1401
1740
2110
2096
190
1839
189
1595
175
1849
2623
132
190
1153
1822
1103
212
1246
194
3015
2116
1231
2086
2144
891
1157
178
2144
1281
2042
1415
1442
2943
1808
1935
2071
1851
173
1837
191
1511
1357
1753
1804
2035
1598
2036
184
188
2519
1759
1864
174
189
410
1614
1308
1745
1538
1775
2347
180
1523
3156
1782
192
200
179
3409
1049
1307
1846
2792
2795
1361
2060
1122
1449
1430
2028
193
2646
183
1741
1221
185
1370
1801
2172
190
1291
1484
1509
2138
1806
1221
1647
186
189
1828
1298
1606
2265
2027
188
2112
2086
1931
2412
1683
188
178
1780
1596
180
914
1045
1495
1862
2818
181
2081
1402
1564
195
177
1523
2088
1777
2098
1598
1807
1764
1714
175
2428
192
2795
1397
194
2098
1928
193
1914
3839
1864
2041
1707
191
2112
1858
765
133
189
188
2040
1819
1606
2023
191
185
178
1899
1266
178
1319
185
2076
1756
2066
180
192
1172
1905
2430
3299
1789
2104
175
1752
2965
1175
2828
192
1857
1818
1884
1153
1276
2741
1840
2081
1306
175
3049
2107
1677
189
1802
1827
1324
1857
2506
195
187
955
1537
2065
177
193
1540
1240
1743
1182
612
1533
179
1260
205
2303
1352
191
1368
1302
194
1508
1780
193
1807
2099
1112
1916
1626
196
174
2072
1843
304
1877
1817
1724
969
1952
1512
1751
2096
1433
2129
1316
1309
1913
3251
1935
1445
187
178
1319
1856
178
1848
1787
1753
1850
182
1177
194
180
3039
1238
2057
2002
1554
2383
181
2117
1934
2084
132
3328
1799
1383
1883
1868
2000
1714
1529
3318
1372
1461
1498
1872
1847
1806
174
1851
2612
2030
1898
474
1483
2090
2006
2123
1749
187
2092
192
264
1856
2184
2069
2130
1535
1753
1788
1791
177
2962
1727
177
181
2076
1227
2135
2022
175
184
1370
174
1577
1217
177
1908
2146
173
1222
1819
2726
2104
2664
174
191
1594
2101
187
188
1403
2132
1906
1268
1121
1972
1385
1209
1879
1618
192
2035
1926
2141
1822
2950
2206
185
1859
2067
185
1265
193
185
1450
1490
2531
1853
2134
190
133
3275
1861
1270
1874
1542
190
187
173
1083
1367
2489
2037
1235
192
2225
177
1330
2110
2044
1816
1909
180
232
193
192
2562
1714
1888
192
2119
1827
1484
205
2104
1784
191
1856
1782
2029
1401
2035
2020
326
2214
2060
2545
192
1805
1309
2085
1818
2171
1816
190
800
3710
186
1272
180
1108
1086
188
173
182
2230
182
175
189
191
2023
431
1751
1964
1992
185
1854
2250
1446
1730
1901
2136
1971
194
1284
2709
2053
1497
401
1864
195
1819
1655
1724
190
1843
1190
194
1471
1854
1868
193
2089
178
1664
187
1014
185
1599
176
182
1100
173
2073
1882
2118
2067
1256
2090
2099
1737
1013
3550
1822
174
189
1748
1618
190
2056
1695
1818
1804
176
1801
1159
178
196
1787
2195
1809
1839
180
191
1758
178
191
1638
1986
191
1212
182
133
132
1508
1788
1981
1900
1041
2973
2370
192
1990
188
1867
1785
185
2593
173
1311
1328
2434
1943
190
1199
189
2065
174
1640
190
178
1881
1877
178
1901
1838
1824
1860
2113
919
1768
1143
1932
2055
1326
1079
1549
178
1869
1493
1361
1241
1325
3209
1634
1048
1871
1277
193
1050
2114
192
173
1235
192
964
1659
1790
2060
1345
190
1263
187
1762
176
1860
2038
922
190
1884
1790
1697
1720
175
191
2066
177
1875
2084
406
1846
1805
179
196
3720
3869
194
324
1136
1757
1095
1825
191
2112
182
1319
1667
183
2059
2182
1827
1967
2533
758
1772
1827
1860
2485
1877
2052
1604
172
1872
3726
2397
3393
2834
2108
190
1946
180
192
1755
1986
1182
2110
1226
1190
182
1733
193
2103
1315
2099
2152
180
191
181
895
2137
1353
3020
2113
1797
1878
191
173
392
1886
2072
184
1111
1986
1838
1334
1438
1915
1267
1594
387
2092
1364
1747
189
1133
2124
188
2084
193
1999
1518
1700
2073
2111
192
2116
1778
3088
2465
182
1227
1586
2015
1046
2072
1361
1780
1091
2037
191
1230
3510
2814
1289
1270
1249
1922
1371
190
173
1469
1825
1636
1740
1522
1089
187
1851
1788
1956
1970
2101
1445
1793
174
2082
1423
3824
1758
1863
1455
191
991
178
2072
2034
1640
193
132
3744
2069
556
1839
1847
1579
1510
2067
1467
2099
3260
1286
1859
1593
1653
1492
1974
1724
2155
1819
1502
1777
2158
1315
187
191
1734
192
2010
1411
1085
186
2673
192
2085
1824
345
188
3905
2048
186
1996
2019
1875
1855
2059
2452
1660
3751
2079
180
192
3883
867
1353
2011
2052
192
1460
1354
195
174
2633
3045
1956
2130
1489
173
188
192
2216
186
1652
1366
186
3682
175
453
1095
1717
1762
1849
2117
318
1995
2673
1818
189
2164
194
1349
1731
192
1473
1300
2066
2354
1793
2095
1771
3304
2084
1887
2127
1251
1342
181
191
556
1904
1875
2006
180
194
1641
1674
133
2070
1502
2238
3858
2158
190
1456
2168
2935
1817
2113
2112
1772
1395
2254
1874
1177
1526
176
191
1222
783
192
1775
178
194
2132
1827
192
186
1395
1406
1112
2650
192
179
442
1788
179
1898
1824
1524
1549
1817
1802
1457
1868
1397
2428
2534
1814
183
1410
2097
1839
1758
173
2359
1710
1792
1356
190
1879
426
192
175
3317
1620
1763
1881
2064
1700
191
185
2113
3098
1859
1544
1903
2070
1799
1875
3846
2084
2051
178
181
2119
2121
1034
1220
1833
181
2126
1715
2022
1619
2096
1996
2055
1972
185
191
1552
186
3729
173
2139
1277
2126
3782
1354
1903
1799
1900
173
1585
963
1173
1385
2153
176
187
189
1797
2080
1575
3786
2038
1745
1958
176
1541
190
2100
1038
195
186
1782
184
2149
1474
178
190
2131
172
1443
1762
1608
1458
1298
1925
172
2051
474
1774
1490
188
1174
175
1898
1777
187
1791
184
2042
3039
1892
1335
1807
1820
1819
1876
1735
1845
191
1731
2057
1885
193
1482
1888
2101
1893
174
2046
194
2023
1481
1535
2017
1157
1407
191
3743
1323
1181
1721
1791
1507
2041
1852
1961
3029
1510
1889
1496
1534
2093
174
183
1875
2116
176
2043
1756
1809
177
1589
190
1929
1040
1827
1787
181
1776
3490
1533
1788
194
1752
1750
187
740
1826
180
1474
2048
175
2013
1776
1837
182
1781
182
1131
1952
2071
1224
2051
1387
179
192
1772
1995
190
1116
185
191
1301
1923
1087
1925
1500
191
1918
182
2109
1316
187
190
1298
991
1960
1409
1974
1652
1372
1858
188
174
1273
1678
1760
225
1179
1628
2124
1887
2066
192
184
2156
1369
1724
177
194
1302
178
1804
2062
181
1341
2578
2024
192
176
1764
2147
1771
2305
1734
173
1381
191
2036
185
1618
4095
1672
192
2001
1170
1766
132
1883
191
1697
187
1185
1235
1737
1837
177
190
3868
177
195
2001
2088
2116
1807
1713
1301
2058
1587
2420
1624
133
1250
1741
1313
193
1841
1335
191
1054
181
2037
175
184
196
2012
1402
1733
2106
2066
1864
1401
1682
1650
2177
1157
2094
1832
1682
1324
1844
187
1597
2059
1617
188
182
191
1126
1888
2975
1878
1467
1535
1501
1759
1670
1340
181
1451
1801
179
1590
132
240
2104
194
2006
1552
193
3396
2093
193
1177
1731
1502
1678
1503
1883
179
2059
2321
1697
2037
1236
1390
2540
2137
132
1337
2037
2035
3351
1236
1642
189
1841
2034
1560
191
1934
1872
1967
1946
191
2036
2002
2028
1445
1892
2211
1376
1807
2119
1773
180
1334
1299
2097
3071
306
1856
1926
1384
1914
2143
2080
1844
3566
176
503
1992
1404
3827
1880
1104
2274
1753
174
186
1153
1870
2191
1832
2029
1323
189
2176
3228
1327
2078
2093
187
176
1033
1679
1888
1569
182
178
1926
186
1547
2092
1075
1818
193
477
2074
2462
179
1911
193
2459
1813
1834
2072
183
1825
2000
2018
192
1876
2018
2228
893
1309
2081
1826
188
1901
174
986
1308
1870
499
1749
1504
192
2039
179
190
1107
1791
1808
1816
1803
195
2016
1814
1864
2964
2356
3496
1989
1428
1348
3376
1139
1869
1370
1762
2164
1947
1859
395
1797
183
191
177
1791
1460
427
1815
190
1817
188
1300
1456
187
1373
1835
3395
1574
175
1771
1839
1159
193
1739
176
1831
1988
1748
1419
1267
1614
1696
181
1871
2099
1530
178
191
2346
2099
1911
1559
2128
930
1838
1845
193
2043
2108
1472
177
186
193
174
184
1407
173
1829
1168
190
1362
1812
217
2112
2063
1911
427
2023
176
189
1585
1382
1791
1244
2155
1963
2660
1301
2020
2058
1485
2213
1757
1778
1296
179
2620
1186
1953
181
2237
1843
1796
1074
1958
2150
1656
175
184
193
132
1893
1032
1406
2089
190
1538
3364
1802
2117
3454
189
1830
835
1888
1751
1970
2057
1444
189
1467
2161
2383
1925
2155
192
185
1995
193
2048
1760
1483
1312
3350
2023
1489
2360
2073
200
1810
1903
1469
1539
1439
2148
2949
1764
1617
2005
1957
1592
2368
1823
1888
188
2015
2036
1843
2353
174
1807
1263
174
2021
1846
444
189
1200
3111
2010
2049
1271
1399
1929
1898
192
1742
1289
1911
2167
2847
1452
349
1467
194
1771
2378
282
1098
1375
3269
1945
183
1451
1555
2116
1352
1125
2156
3367
1721
2010
191
1134
2103
1889
3155
1759
2058
2705
1830
1701
189
2354
1876
1625
1842
2026
176
911
1300
1764
1970
1329
2087
1451
1946
1497
1529
1386
1765
1134
1759
1919
2033
3868
2031
190
191
1743
1618
1824
2045
2146
1763
194
878
2176
1852
198
1747
2489
4095
1804
1600
2880
2094
173
1251
212
2413
1713
1864
189
1202
183
2159
2105
1930
186
3132
175
179
3309
2106
2001
184
3178
2146
2812
1848
188
1807
1646
2043
1368
174
1980
1142
177
1766
1591
686
1121
185
2595
1924
1165
1632
1700
1879
185
2003
429
1325
1778
1777
1405
2029
1873
1555
1965
187
343
177
2887
1889
189
176
1086
1465
1917
1808
191
2739
1634
190
175
1838
1129
176
189
1972
1401
897
1438
132
1839
183
1205
1245
1756
178
1482
2002
1764
1795
2094
181
190
1860
1790
2159
1786
2925
190
198
3938
2081
1915
1804
1986
1922
1754
1329
1983
1281
1533
2935
2047
2027
2055
2063
1429
2120
2037
187
2001
190
2140
1901
2066
1996
1404
1801
1781
1730
1884
1613
1588
2056
1021
1806
2116
1855
2095
1908
1357
1882
192
1840
1599
1737
1690
1859
1288
2047
1846
191
1920
1863
1810
2014
185
2085
2112
185
1768
174
185
3719
1917
2016
1441
2135
1794
1780
1393
1868
1621
173
2006
1854
1494
1815
1700
1350
190
186
1523
192
1568
1479
2084
1870
964
1849
1520
2063
2512
1259
1323
193
179
1484
2116
1694
180
1183
2046
1819
1452
2071
1866
1438
1648
1813
2015
175
1902
2221
2085
1364
3860
177
1114
1188
1789
1380
191
1254
2017
188
177
190
1835
2734
1824
1236
2098
304
1252
187
179
541
2055
180
1743
2141
629
1257
1607
1746
191
177
1468
191
175
1694
192
1130
184
1731
173
3700
192
1739
1666
191
1658
1698
1663
1647
1230
1845
1834
189
1237
1496
1775
1901
1519
1822
1298
2635
1775
184
1877
2056
1741
1664
1662
2070
180
192
304
1733
1886
179
1344
2043
2061
1865
2113
1329
1480
1740
2830
184
2022
1857
1811
1275
1848
1768
1329
1310
185
1861
1408
520
190
1179
1148
2067
175
2009
2054
176
3373
188
2223
190
133
1703
1817
1817
1698
192
1799
1823
1392
1174
180
1232
1454
1876
194
1206
2170
194
216
1430
1320
1310
1354
1507
174
181
191
2118
187
1790
1628
187
192
1336
306
2060
1787
1858
3264
175
1270
1648
2075
1672
1311
2103
1199
1042
1760
190
3080
1866
1327
1799
1918
193
1196
1811
2085
1769
1677
1923
2030
2068
2117
1870
2929
2031
2405
184
1347
1476
181
1863
1350
184
2122
174
1814
2020
2167
1144
2548
1754
2338
2150
2042
1162
1603
174
1234
190
2047
1627
1339
176
1361
189
2070
3713
2056
1854
1807
2133
2202
1207
2043
2055
3776
1676
1862
193
219
2072
1710
1950
1581
2302
1450
1863
2747
176
1734
2076
1633
1898
196
173
1348
3391
1367
1344
1844
2543
1963
133
1892
1631
2013
176
189
192
1614
190
189
2050
2032
1482
178
192
1833
178
2716
1889
179
191
1856
2069
1483
2604
2050
2064
438
1746
2007
2080
2631
1781
1090
1617
191
2057
2085
191
2005
185
2613
178
1644
2484
1769
184
1280
174
187
199
1841
2041
191
2022
3420
1799
2123
2822
1084
3832
2029
188
1200
1872
1960
177
1832
1859
178
190
184
1993
192
182
1398
2076
1703
2076
194
2119
1767
192
1819
1859
2013
177
1199
1888
2023
2018
1837
1042
489
2099
1227
3558
1801
173
2972
191
172
186
1322
1806
1491
188
1921
1424
187
1409
1159
1341
1554
1034
187
1389
2152
1791
179
2060
185
177
2893
1307
1526
1844
2203
1542
178
193
3370
2141
2079
2055
1640
177
188
3703
1914
2100
1364
1014
175
188
192
1807
1537
2021
1546
1103
1471
1397
179
1442
1791
1730
176
2085
197
2216
1422
2042
1213
174
1290
1813
1827
1808
3007
1734
2125
2046
1781
1108
1349
133
193
936
1790
1840
449
1835
1285
1722
1818
3118
1608
1364
1881
181
2033
1010
1118
188
1861
1978
1845
194
2073
2017
2042
1244
176
179
1612
193
1822
184
1696
1427
1783
1093
1814
2598
1903
1098
2250
178
2107
1810
3884
2039
1845
1098
178
2031
554
1772
603
192
1754
171
2109
192
179
3394
1826
193
2432
1802
1757
1842
1561
1762
1780
1842
191
2000
190
1567
2006
1567
189
174
2471
2079
2116
191
2404
1685
190
1541
1093
1845
1519
1863
1897
184
1870
1931
1623
179
2975
3553
180
585
1727
1370
1932
1756
2247
1847
1856
1593
1391
1971
2170
191
173
183
1467
1530
185
190
1292
1541
468
1759
1432
2079
175
1336
1467
173
3466
187
1884
1390
1284
1887
1821
1799
3477
191
2166
1423
1816
2127
1252
1505
184
2070
1500
2252
1905
879
179
1405
1863
176
1822
1800
1485
182
2035
2062
1877
1626
2000
1806
2863
1832
1802
190
1425
186
1649
173
187
1749
1555
188
1999
177
1444
1991
1779
1869
279
1097
1786
2009
1177
1705
1984
1185
2082
2061
1253
193
1634
1777
1734
1989
1770
1891
1357
1407
1958
178
2106
1699
176
2097
1163
180
2111
633
1866
1038
1737
1353
2157
1979
2022
3225
2886
185
1358
187
1827
1656
1873
1262
1208
187
173
2062
1557
2017
3780
2061
2084
2156
2973
177
1098
2047
2134
193
2180
1787
1707
179
2093
193
1391
179
1799
2072
1797
1179
1594
1602
1999
1515
2026
2120
1253
2151
1955
2004
1895
2054
2060
2606
1700
1523
1818
2036
1213
2026
2705
175
190
1305
2571
1592
1916
2313
190
1809
246
699
184
133
1082
186
1149
2153
1816
1810
2017
1458
1713
1477
1861
3851
1467
1824
401
941
2065
2503
1328
176
2166
1951
175
1407
1718
2117
183
2143
1659
185
2022
1233
187
189
1619
2657
1311
1200
2108
1765
1627
1840
1871
1815
2025
2178
176
2024
186
1725
194
2436
1491
1600
182
178
1462
181
1843
191
1869
178
2097
177
2812
1847
1822
2108
194
1736
1917
195
174
185
1717
134
1866
1474
2090
1816
359
174
1510
1802
1390
756
1808
2020
1388
2083
1423
189
2405
1791
132
2763
1225
1351
1098
1810
190
2000
1735
133
1822
3225
2093
1428
2760
1776
181
2103
1547
2003
132
1320
177
180
194
1421
1723
2046
1699
1917
960
521
1843
192
1721
1583
1706
1568
185
1067
1919
2132
1778
1608
1874
2062
1471
1756
1909
904
2001
1828
2029
2042
2102
175
1914
1416
1744
197
1757
1654
193
133
2881
1694
183
1789
191
2030
2076
275
179
2647
1477
175
1819
1872
2796
1494
190
2293
182
1807
1796
1169
1034
1730
1796
191
1332
1141
1932
173
2227
2462
1738
190
1276
1325
2018
2092
175
192
188
1476
1882
1882
2071
1683
1421
2067
182
193
2831
2157
192
3753
2144
192
1813
2088
2349
1828
185
1600
174
1436
1456
2148
1475
189
1767
1411
190
1801
1601
1546
1883
1226
1764
2240
3255
2030
1027
1805
1982
2368
192
2099
179
194
1908
1886
195
189
1934
1826
1887
1820
2088
2039
1409
1827
1152
3423
192
1818
2038
2163
174
1416
2978
172
2075
2127
2079
1876
2030
1499
862
1514
190
189
1158
2839
1470
1602
2763
970
2152
1091
979
1848
178
193
1823
1895
2359
1582
2008
1953
816
175
1069
1529
1150
1580
1783
1384
1361
186
1820
1760
1942
1543
2712
1809
1793
2344
1770
180
190
1237
2032
183
191
1871
764
189
2070
177
1658
192
2174
1810
188
1278
2082
3641
1679
1886
1849
188
191
1323
3790
1714
1831
1924
1236
1506
183
178
2732
1037
174
491
1949
184
176
188
1841
1247
2665
2244
1744
174
2195
1730
1488
1392
1837
188
2065
2067
1695
559
3875
1409
2072
1984
1262
191
1774
174
1247
193
1623
2074
2063
1515
1650
2995
1380
178
1834
572
133
1520
518
1830
2931
1545
1761
2070
2091
1496
1549
3035
1189
2112
2119
175
1953
1741
1246
1813
185
1843
1157
2102
1178
176
1919
1885
174
1838
189
1886
1318
3136
176
1913
1700
1739
1794
187
2438
2073
2041
2073
193
1664
2055
192
184
180
3816
1708
179
1375
177
133
1830
176
1391
191
1437
2103
1146
2426
2132
2735
812
1597
1894
3502
2152
193
1918
1609
1793
1534
1623
191
1509
188
1253
1722
1137
1745
1305
189
1327
3122
2159
1698
1459
2088
186
515
2697
184
1245
190
1338
501
1690
2386
1718
1347
1878
1582
1770
2101
1741
191
2767
1916
194
1828
1639
2062
2086
2678
192
175
185
192
1464
2564
1498
1767
186
190
1247
1984
190
1061
490
189
1299
1365
2083
1272
1146
1582
1073
2457
2011
2671
2120
2078
1689
1845
1764
132
3745
1655
180
192
1614
178
2101
177
2021
191
1317
1586
193
1775
186
1948
174
2072
1419
1618
1152
1436
2953
1538
2021
173
186
189
1805
186
190
1195
1175
1803
2042
189
2100
175
1424
3288
3118
1417
186
2234
1171
185
1244
1988
183
1969
1366
1787
1834
2038
3438
180
1837
2773
179
191
1748
1667
1800
1129
1531
1909
174
1867
3942
1398
2287
191
174
185
1082
1830
1880
191
1763
2157
2067
174
2075
1971
389
1770
188
175
1485
1385
1352
2125
1494
179
2068
1474
1714
192
1248
2181
1152
183
1796
2064
1801
172
185
698
2972
3009
191
173
183
1076
1841
1500
191
174
1660
1807
1838
1625
1790
1240
1781
189
2021
1306
189
2184
187
2059
2046
298
1814
177
2022
186
177
2066
2110
177
1677
1785
1668
2126
1515
2069
1930
2803
179
193
1657
1041
1237
178
1969
1830
1687
1820
202
1805
182
1990
939
2076
1896
460
950
1955
2042
1781
1255
1442
1704
3129
176
1311
132
175
188
3230
176
2044
134
175
190
2070
177
1893
1758
1804
1724
1840
1946
2187
184
2075
1668
181
1317
2120
2021
1832
1544
2040
180
133
176
1779
2001
1964
1217
620
2077
1291
1757
1449
2467
191
175
186
337
1170
188
132
1061
187
2464
1754
189
1773
1776
188
331
1638
1428
1682
1457
191
186
177
192
1367
180
2023
1743
1741
2058
1937
1524
1840
179
1749
1765
1198
3384
193
2019
1800
1875
175
1985
1638
1949
1337
1387
1942
1056
191
1398
1837
1795
1422
195
1868
1407
1632
189
506
189
1957
1876
1866
1511
1426
1273
1845
175
2034
2966
2061
191
1761
1845
1545
1472
1319
1581
1223
179
2415
1764
1806
191
179
901
2292
1473
2137
1539
2085
2042
1627
1874
1658
1677
1452
1853
2050
173
2494
3378
1822
2159
190
2120
187
2064
1769
1588
189
1977
189
2029
177
1581
186
178
1680
1800
177
3838
1436
178
2378
2142
497
1946
1685
1631
1876
1757
592
191
2007
1711
1821
2171
1785
1497
2116
181
194
1824
184
1786
1640
1616
1864
1965
1791
191
174
187
189
172
189
1779
173
2046
188
1727
2144
1830
176
1734
187
1700
1489
1875
1628
1458
2206
175
1360
1027
2585
1390
1466
187
1969
187
3122
2051
1439
1971
191
1205
1600
1842
2077
178
1775
3667
2932
3810
193
1780
259
1878
191
1221
1741
2073
189
1812
1666
1407
1163
1825
2852
1658
2027
3825
1708
2093
179
1977
952
1858
1927
2208
1913
1340
3031
191
1807
1827
1416
1822
133
2324
1928
181
1581
560
1872
1420
188
1833
1996
176
1749
1471
1328
181
2096
183
1356
1850
1814
308
1821
1741
1150
1514
2020
2107
1586
2109
191
2052
1765
185
191
1997
2127
1327
861
2882
1891
1714
186
1482
1887
2043
174
1850
2366
1754
3294
188
191
3103
1768
1515
1894
1874
183
1753
133
179
1610
1433
1860
1828
1280
1817
1888
1849
186
1344
2362
1942
192
1868
1748
2064
172
4026
2139
2861
1415
191
1376
3580
1912
1777
1790
1511
174
2099
1560
1188
1981
1416
1278
183
194
1887
1419
1016
179
2466
1177
180
1779
2030
1332
182
1593
1971
1296
869
175
1359
2460
2028
1435
1264
1521
1656
1848
2074
2154
2039
3655
2112
1804
3071
1693
2556
1872
1879
261
1808
1726
1263
1798
2404
2616
1611
2178
187
924
2063
1998
1979
193
1199
3710
1624
1994
1779
193
1881
2132
193
189
1940
1681
1048
1168
1257
2141
1936
1484
1749
185
1332
1525
1164
1800
1651
183
1483
171
1582
2062
2033
979
192
1911
1851
1821
2005
188
4095
1357
2363
187
3153
1662
2004
1813
2062
1144
1798
1295
2129
1754
1431
2084
3500
1786
178
1798
1796
1833
180
2024
2153
182
193
1471
587
1333
176
1835
2876
1165
2118
192
172
1821
196
174
1451
1241
1869
1113
2139
2034
2182
1838
1893
1060
1486
1857
189
1918
2643
1767
2719
1834
2198
2834
1412
685
1804
183
946
183
179
192
1973
3273
192
1909
1350
1747
1239
2030
1479
1056
2072
2002
1730
1647
1524
2108
185
1876
1981
1478
1444
174
1895
2009
530
2965
2222
174
2049
1209
1442
191
187
1813
1777
1845
2178
1351
1169
1881
193
184
1884
2125
1700
431
1887
181
1227
2115
1836
2123
1202
177
1972
1811
178
2074
1368
1239
518
1415
1438
2155
1824
1859
184
191
1804
2042
1873
1807
3785
953
172
1282
1648
174
1438
191
1188
192
1853
2148
1801
2138
1991
2690
1672
2103
1762
1110
2050
1822
2050
2752
1901
2041
1518
1905
1940
1404
1830
2067
1823
238
1336
133
2954
2067
1817
748
175
1784
1597
508
1683
1987
1687
3070
1298
1519
431
1778
2154
1476
1817
2650
1869
190
2052
545
188
2114
190
2155
176
192
2108
2136
1237
183
1850
2029
2081
2042
1943
1898
2062
1209
1311
1759
1841
1896
1828
2593
1112
1430
191
2092
1446
1968
1839
184
1492
2144
1010
191
1567
187
1448
1709
1678
2097
1798
2197
1809
2745
1811
1949
1854
1409
3430
2283
192
1285
178
2235
2630
1919
1352
2028
180
626
2064
3358
1836
2150
1369
195
1620
1826
1878
1156
181
2046
1100
182
1156
172
1795
1992
175
133
189
1458
1523
192
1836
1858
1175
1827
1147
132
2064
2044
188
1766
191
1852
1264
1879
1981
1816
1737
1470
1411
1671
998
3445
192
1813
2138
192
179
1369
1463
180
2109
2002
176
1043
1750
1643
1957
2000
173
1717
2050
1620
185
2128
1420
1152
2060
1692
232
189
173
187
1822
1566
1526
2043
1947
2070
1918
133
1588
189
177
2003
435
1880
1788
1414
1001
2106
181
179
1405
179
1356
3514
2387
1638
194
1799
1504
192
174
181
2350
1562
185
3141
172
1878
2215
2008
2176
189
2103
1786
954
1847
1816
1653
2164
2116
1869
1426
1789
1809
1755
1624
3435
1741
2879
1616
1857
2803
1543
189
1430
1935
930
1991
3347
187
1987
177
1825
1422
1744
1180
133
1988
1335
1783
1357
190
1391
2179
3015
1797
2004
190
1771
2276
1595
2587
185
1796
188
454
177
1815
192
2073
1860
188
1436
1070
1417
196
2162
1607
180
2075
3402
1778
193
1790
2100
1323
1627
1798
1572
1827
191
1606
1419
1862
1468
1478
1479
707
1860
1206
1862
2167
175
185
1844
3794
2032
2012
1296
173
2324
1400
3907
2606
2378
2095
1772
2114
1799
2047
1834
1824
2507
177
1753
955
1848
895
1825
2027
1667
2088
189
1108
1140
2424
194
1435
1823
2031
190
2002
182
193
185
177
2034
3083
1510
4095
1996
1901
1489
1239
3189
2053
1499
180
191
1362
2954
2104
177
3218
1539
2143
1286
191
175
1737
2127
1642
187
2004
1183
1820
1348
1854
1840
1803
1866
1231
1671
3503
1783
1803
1600
320
1989
1917
1435
1600
1291
189
1876
1372
191
1999
1609
2057
2144
1473
1526
186
132
2110
1648
2135
1526
1410
178
1351
1345
180
193
178
1895
197
2248
1862
1312
174
183
1965
2112
1816
1852
1799
530
3859
1417
178
2031
3832
1376
1437
1803
175
182
2010
1779
1864
1802
1981
189
1819
1877
1797
2173
174
2113
1850
1233
132
1606
173
190
1707
1706
618
1780
2158
190
1144
177
1787
1686
2035
193
1781
1242
1790
1266
1933
192
2003
994
1409
179
1985
1138
3230
182
2024
3055
1043
191
175
1822
2051
2133
1011
2092
1259
1856
1407
1791
1734
982
1546
2677
1778
2268
1250
1887
1712
1946
1794
3749
189
187
177
1556
187
2014
1823
1468
2112
306
2154
1462
1127
1523
179
2241
1535
1391
2058
1024
182
1887
1472
969
192
1264
1452
192
1873
184
1543
1831
2027
1063
2776
1429
1911
1381
2307
1849
1863
1929
1700
3844
190
1729
1827
1922
189
1569
1728
186
2011
1269
1882
2066
1754
183
1214
1460
188
180
194
179
180
1781
1839
1784
192
1417
1943
1863
1389
1447
1042
2208
2740
193
2092
1908
2105
173
1979
191
1854
1494
1927
173
187
2036
1259
1910
2021
173
190
1801
174
2062
1842
1434
1811
2222
133
3460
1305
2122
1473
2038
1891
1823
1946
1384
193
179
1269
2191
178
1011
427
2045
1198
194
177
1499
1982
175
1661
1275
1648
2188
2120
172
1849
2099
1509
1673
2083
2444
187
1235
1656
2015
2093
1770
1764
188
1155
1090
512
2059
3394
1835
178
1386
2135
1982
1833
1341
1897
1090
1892
1328
1277
177
1200
1799
1699
181
2899
1787
1736
1492
1331
418
197
1861
1853
1931
1787
1887
2048
625
187
1387
1820
3233
2085
1812
1831
1759
2235
1258
2006
1802
1292
2051
2534
1464
1992
1838
1240
1774
180
1820
2244
179
193
179
2037
1539
3035
181
193
1563
1356
192
1577
1322
1791
178
185
191
1807
184
1861
1584
2080
1233
1802
1886
2121
1891
2110
1586
1971
189
2069
175
190
188
1481
1859
1130
178
192
1344
177
192
1879
2062
1802
1904
177
1766
1652
1820
2064
179
2023
1573
2132
1807
1133
1828
1238
1953
1302
1791
191
1739
187
2189
2039
3872
2137
849
133
2103
174
1820
190
1651
1532
190
1609
3099
2040
2649
1830
188
1824
1064
1826
2044
3609
1787
2258
3586
1836
175
194
1976
177
1788
1946
2107
1952
1423
1970
194
1468
1957
194
176
180
2015
3202
1088
193
174
1824
2110
1087
1379
1851
1769
1535
1338
2633
186
189
1826
2205
3324
2058
1394
190
574
183
1336
2023
1859
192
3429
2118
3779
2036
1903
1460
174
2100
192
2161
903
1676
2057
1821
2081
1688
177
1922
187
1252
183
1869
1878
133
1829
266
1738
2128
194
188
2088
1850
2754
2109
1306
1885
2463
305
185
191
1917
2077
2642
192
260
180
2136
1046
176
1403
2913
1729
1712
272
3243
214
1902
193
2126
2091
1782
1777
1555
529
192
133
1568
1348
2139
2168
1425
1899
1876
177
187
1475
2104
1654
191
1861
1430
186
566
177
1852
1644
2992
1508
3920
1863
180
1858
1876
188
1460
184
1452
184
176
1747
1706
1751
1889
1430
1537
175
185
2020
2073
1885
1366
2149
2145
1224
1859
2029
1802
191
1098
1213
1362
1875
1640
1272
188
191
174
1247
191
189
1322
1144
1896
1494
2888
1334
1903
1764
1863
179
1250
1835
181
1906
2037
1319
1999
1807
2114
282
1880
184
2080
175
1729
193
2062
189
1851
1745
1123
1999
3844
1562
1096
174
1782
1282
1275
187
191
1908
1239
1855
179
1958
1378
2062
192
2090
2125
2086
1763
178
1801
1926
178
1468
181
1590
2076
1717
1963
1889
1101
2068
1960
1373
1906
526
1595
1242
620
132
184
1188
2754
1812
1184
2122
2022
1716
173
2474
189
1863
1828
1576
199
1497
2066
1176
189
547
1170
1396
1851
1872
2114
1765
2627
1701
1593
1856
2878
182
904
194
1788
179
191
1121
1978
1185
1837
181
262
2092
182
192
1274
186
1863
1297
1117
1819
1106
186
1450
173
186
1863
1799
191
2103
174
1591
188
1426
1541
188
176
1868
1272
1882
2101
2055
2025
1377
1769
178
2012
1841
1648
1760
1265
180
1430
2022
178
192
177
3174
1608
2043
184
1463
2110
183
1227
3001
185
1890
1789
2159
191
1744
1362
1264
2070
1580
1763
1797
1409
189
2186
2061
1259
974
133
188
2074
2601
2060
1207
1911
1831
2974
526
1833
1344
1310
2011
2101
192
2132
2051
192
1552
1426
1455
1862
1743
2313
1878
3946
1191
176
1783
2106
2066
1445
1445
1612
1080
1268
355
1257
2108
2075
188
1841
1785
188
1423
2680
2343
1150
1893
1813
2109
1852
191
1775
1907
193
1845
1925
1535
2114
1919
2300
182
1811
2058
179
3434
1471
2142
1471
1879
746
180
1860
1428
1870
1880
1872
2044
1688
2066
2065
1738
174
1862
1478
1261
187
2289
1371
186
1778
1865
190
188
174
1788
1930
2101
2506
1857
3811
2170
3464
674
192
1833
2034
2192
2399
179
192
2056
2120
1409
1453
179
1794
3167
2487
192
3387
1797
191
1221
181
191
3897
183
3299
173
1654
191
2118
2460
1833
1525
1099
132
2528
1892
2801
176
1962
1877
174
1314
2052
177
2172
285
177
1855
1999
1978
1888
2445
1969
1043
1493
1669
1879
1547
1557
1838
2014
551
1788
2004
2108
2065
177
1524
1648
2059
911
2032
1742
183
1324
1832
184
2045
1694
947
190
1726
1969
1622
897
2212
133
2082
189
186
2065
2264
252
177
1737
2045
1420
1619
1053
1132
3565
187
1845
184
190
2078
177
181
191
191
1142
1696
540
2240
1542
1609
1602
2107
179
1349
2091
2102
180
1474
1123
1853
1848
1456
2140
1891
1848
2089
1777
1445
1550
189
2102
2021
1930
1545
187
1265
2145
1551
1731
1879
2114
2019
176
2019
186
1320
1794
2620
182
194
183
1707
1239
1859
1818
1475
1290
179
1917
1472
1933
2065
1262
1424
551
176
182
1340
174
1887
292
1788
2009
1774
174
1321
1872
1882
1908
1751
173
1420
190
1998
2596
188
1822
188
191
1747
1977
2779
176
191
2182
176
193
1738
1776
3032
1977
178
1785
182
1993
2123
2849
3122
2258
1823
1006
1967
175
180
201
2130
179
191
1562
175
1690
2025
2075
1776
1404
2140
1805
1477
189
1529
1432
1554
1861
1532
195
1315
1329
1827
191
1833
1785
1717
1974
1106
1050
193
1174
1387
1794
1315
1176
1001
1328
1629
3346
1848
2368
178
1458
1807
1711
174
1581
1908
1443
179
955
192
1400
182
2022
1729
1833
188
1194
1928
1756
877
2141
1672
2123
1627
179
2089
1476
2043
2053
1804
2114
1730
2162
1308
2015
1724
1858
1758
1412
2311
1646
192
1752
1302
1805
186
2092
1854
2152
1411
1797
1947
2435
1461
1908
2069
1317
1670
1766
1320
1606
1795
1838
1576
1867
186
2368
2068
180
2039
187
1783
185
191
1327
922
193
1809
1367
1786
1148
2120
1919
2106
1839
2036
1199
174
1972
1665
1824
1664
2125
2070
1676
2062
2031
1292
1100
1024
3802
187
1492
194
1748
1506
191
2093
940
194
1522
178
1717
1873
181
190
1814
1805
2812
2061
2503
1868
178
1850
194
177
2048
133
2042
1121
1398
1905
1673
193
1952
2118
1377
1485
1642
1775
1137
1298
189
174
1803
1833
1846
1854
188
3855
2064
188
418
2064
184
2114
2065
1760
2075
2534
2273
1771
1482
1924
1818
1575
181
180
1553
180
584
191
1448
2128
1264
175
1325
1383
1367
2135
1675
176
1814
1217
1467
2128
1830
1814
185
2775
172
1404
190
1207
1390
190
175
2091
1483
2178
1305
2029
1423
1767
1665
191
1923
189
2139
189
188
1873
1519
1850
2127
1963
1933
1210
1976
185
1857
2164
1625
2524
224
185
1942
1580
194
1589
2197
1538
1991
181
194
2051
1495
1669
174
1221
1487
1992
1777
1923
1789
2006
1325
1450
1756
1944
1888
2536
1383
174
1373
187
2175
514
187
176
2223
2568
133
1674
1605
1307
192
1988
1818
2655
187
1535
2080
183
2169
2074
1556
1913
1899
1212
1473
1140
1912
1257
1311
1902
2146
193
1327
1551
1658
173
2132
1807
1318
2390
190
2038
1813
457
1816
1422
1845
1979
1666
1236
172
1376
1039
1840
1773
191
2072
1948
1754
1282
2072
1919
1166
1641
1752
2019
2065
186
1856
1351
2002
1490
1115
1802
3976
261
1829
1164
2105
1906
1770
861
1891
1868
2072
2204
1394
192
