1228
1064
1431
1369
1151
1248
1098
1125
1141
1280
945
1167
1314
244
1060
1171
1240
1141
1202
1207
1646
1157
1209
315
1290
1089
1130
1134
1516
185
853
1211
883
994
1173
1121
1150
1265
1177
1196
202
1235
1088
1192
1052
1076
1173
197
1165
1243
1224
452
1234
1095
1169
1241
1141
1025
2501
1198
1604
989
1024
195
1169
1141
1183
1151
1170
2610
1276
1104
205
236
1262
1081
2081
1133
207
2056
1128
1651
186
1251
1176
1197
2012
1235
1052
1158
213
2089
945
200
189
1260
1181
1301
1252
198
133
1063
1159
1217
184
1118
1195
979
1036
1206
966
1126
1868
1083
1244
1182
969
198
203
176
1002
1210
1131
875
1073
1240
988
1288
180
984
1161
189
194
133
1175
202
133
1183
197
1096
1193
1249
1324
1112
1116
1245
879
1198
1130
1867
133
1100
188
1181
1349
952
1167
133
1053
198
1076
188
201
1106
1350
1080
1610
1091
1402
1426
1309
1197
1210
197
202
209
1193
1187
1122
1101
1078
1174
1193
200
1223
197
189
1066
193
1195
1158
923
1312
1550
201
1116
1143
1185
960
1000
1111
193
1140
944
1080
1545
998
1151
1129
1179
1281
203
1068
1289
1226
1139
133
187
133
1146
393
1121
1167
1075
1260
1203
1153
1227
192
204
1276
195
1079
1191
1986
1162
200
1119
1139
194
133
1239
1080
1074
195
133
1091
1272
1092
1837
227
1154
1238
1302
1108
1121
1031
252
1161
1096
1176
220
1232
1174
133
1243
2429
1274
1207
1148
1037
1095
1575
1305
199
1169
1226
1047
182
414
1234
184
195
943
1131
1016
1039
190
213
1148
1207
982
1198
1171
1333
2270
1175
295
1068
1195
1196
1112
1268
1170
191
181
1258
1139
201
976
1263
133
1129
133
1266
1154
975
1203
1041
1198
1156
1116
1084
1157
1243
182
185
1183
1110
2357
1182
133
1087
1168
1134
1094
195
1030
193
1316
1174
196
206
175
1214
222
1170
1182
1055
1156
196
1116
1201
1907
991
1221
1177
1220
1271
869
1013
1030
195
196
1700
1068
1293
1189
205
241
187
202
1142
886
1213
1139
1083
1216
180
1256
1113
1231
196
1744
191
190
1216
1192
1181
1214
177
1181
1077
180
1107
258
1526
133
195
1412
1147
482
236
198
2505
997
1130
1086
1214
1177
1211
190
1072
1226
1080
1149
190
1161
1163
1076
184
1027
1391
1093
1025
184
193
966
1199
1160
1092
1076
1144
198
178
1168
1119
1178
199
1394
1321
247
199
959
1155
1198
189
2323
2114
1122
1323
1236
1242
1188
1216
185
1211
1417
2254
1046
1241
764
1098
1046
1186
1198
1248
133
1135
177
1078
1268
984
1254
194
1245
1088
1131
1204
1133
1227
1122
1197
1363
1395
1095
880
1626
1040
133
1050
1229
2545
1234
1041
1212
1293
217
1094
1067
1063
903
186
198
1165
1149
214
1180
1103
1054
1094
1124
1262
1214
195
133
192
1089
855
1307
1256
1116
1166
188
200
188
1055
1033
944
190
186
201
1194
1088
192
1092
1233
186
216
1178
1226
188
1277
1154
182
1206
993
177
191
1114
1217
182
133
483
1152
1254
1332
193
1230
1164
1903
980
1154
195
1110
1205
1751
1012
1029
1261
1171
1187
1156
185
1135
133
1112
1227
1162
1456
187
1252
1034
1196
1056
197
1604
195
1104
203
1150
1654
231
1051
133
194
200
1200
884
1190
194
179
1204
196
1277
1152
1261
1570
193
1218
1049
186
133
1227
1092
2252
951
1047
1186
1137
1184
1359
1228
1565
1312
1245
193
1046
1019
194
199
1123
1279
1329
1063
1098
1190
1287
1062
1067
1070
1176
1205
954
1614
1153
1188
878
1087
1308
1091
224
180
1167
1161
1170
198
188
1129
1149
1234
1507
1334
988
1057
1289
702
1198
1069
1169
217
1252
1009
1152
195
1180
1197
1129
1008
1200
1047
1136
195
195
195
1664
1070
1213
1024
980
1225
1081
1080
1324
1178
1093
1268
1233
966
1045
1122
188
1519
1062
1154
181
1674
958
958
1840
1008
185
1189
182
186
1590
183
1015
1230
1120
1248
1206
1390
1154
205
1243
1064
199
1088
241
273
1032
193
1230
1872
1216
1108
181
1058
904
1628
1146
133
1177
195
196
1181
1048
1308
192
195
1624
1053
2498
1177
1197
214
364
1098
2006
1211
1521
1244
185
1198
1166
1153
1138
1419
180
1192
1165
190
1235
978
1203
1091
333
183
187
1672
1067
929
1200
974
1135
1113
180
1255
1038
1317
1104
216
1170
981
1187
1547
1293
1114
1100
1164
1152
1138
1173
978
188
1134
1162
1144
1185
1034
1218
1087
186
1360
982
2211
185
1127
896
187
1134
133
1114
1155
133
1058
1336
1195
1100
1228
1149
1225
1140
1409
1182
1158
999
193
1134
1205
1095
1470
1248
1043
530
179
967
1010
182
1235
1398
1103
1226
2351
181
1225
191
1184
1072
1162
1094
1285
1091
836
1674
1050
1199
195
1113
1333
1046
182
190
1138
1140
1282
1061
1218
1247
1222
1176
1003
1126
1107
1132
1011
1112
1463
1079
1082
1110
2184
1335
133
2363
179
177
863
961
1221
2007
1194
1133
948
1073
1009
1286
1198
182
1088
195
1142
133
1026
833
191
1152
1128
196
191
1107
1350
1220
936
2445
208
1113
202
1082
1207
1025
1217
1024
1257
1153
1036
1127
1089
1415
198
1109
1576
1104
1171
186
1437
985
184
1019
1112
1050
1206
1138
1082
1170
1202
190
1185
2125
1207
133
1131
201
1211
986
198
1246
1182
1249
1038
183
1127
2256
224
1590
1263
1136
1156
188
1138
199
528
1059
296
1145
1237
196
1260
1278
195
1118
1011
1076
1245
1258
200
1222
189
201
193
2481
1107
1225
1560
204
1237
199
1509
2278
1222
985
1273
1270
1175
1218
1249
1216
1153
1199
1448
1230
1150
919
1096
2180
1050
974
1316
1106
207
541
2380
133
1137
1152
210
1149
1117
1108
1565
1382
1094
2201
1075
224
505
1286
1085
184
285
1254
184
1256
1201
1132
193
1775
1125
1410
1210
945
1272
1105
1121
1130
1224
1196
191
194
1155
1110
1180
1102
133
1193
1940
1169
1050
1300
1142
1294
133
202
1257
835
200
892
1269
1118
1035
1262
1213
774
185
1323
1058
959
1240
1126
1202
1184
1093
332
1184
1026
1690
1144
189
1123
1801
1584
227
199
180
1344
200
1016
193
1280
2613
198
201
918
188
1258
277
1275
1176
193
1274
133
1206
1198
132
185
1749
2230
185
1326
1225
946
1062
1095
1282
1218
1131
1801
185
200
1215
1150
1424
195
1146
1116
1190
1016
1030
1157
1173
184
1126
1236
1121
1288
1826
1288
559
1238
1107
1148
1225
969
1141
1092
1137
1176
194
204
990
1291
1478
1129
2095
1002
1019
1215
1232
1229
180
1547
1157
1145
1037
194
1085
949
1961
1304
1138
1166
895
972
273
1078
1834
1557
1143
192
198
1098
1100
922
1234
551
191
1153
1072
889
1047
1141
1182
183
2234
1209
1002
1137
1112
1218
1114
1248
975
1126
1018
1520
1651
1038
1439
1216
1118
187
1038
1047
181
197
1130
1275
188
1188
268
1106
566
196
133
1173
141
1093
1234
926
1030
470
133
1130
1048
189
200
1132
1174
1030
409
1403
1276
282
1298
194
223
1127
198
178
198
1155
1053
1114
1762
1140
902
1028
1164
195
193
193
272
1210
1140
1395
1296
1080
1072
1131
186
1227
1084
1284
1181
1016
1232
1143
1279
1127
1149
1109
983
1135
1134
1207
1240
181
1122
1198
182
189
1134
175
1256
1040
1561
191
1125
182
907
1113
191
1287
1037
1201
1972
1163
1831
1170
192
1623
1310
1291
959
1011
1274
1152
1178
1202
1138
1094
1156
1194
855
305
1227
1328
1259
1010
1893
1041
183
1235
1183
133
977
1082
192
1188
1190
190
946
1472
199
1109
1202
194
1169
1028
133
1184
1113
1280
999
1136
870
1089
1297
194
1200
1073
200
1239
1097
1181
2158
996
1206
1236
183
219
1108
1470
1278
469
1286
1274
201
1165
1197
1083
186
1173
1187
1204
1143
193
2569
199
186
1140
1239
1084
196
929
1192
193
941
1064
1158
1207
1955
195
1115
1115
1211
196
1239
1202
195
1668
909
1189
1103
1599
200
1203
1277
1170
1672
1515
1107
185
199
1211
1182
207
181
1095
859
1116
1031
1135
195
1335
1187
1157
1974
2065
1233
1185
1326
1227
1036
1165
1104
191
1251
1174
1158
1102
1357
1089
199
988
1165
1188
1316
1165
1399
1324
1127
1141
180
199
247
1201
1907
1110
181
1147
1588
1157
1784
1220
1130
1880
188
970
198
973
1291
1911
133
1070
1232
133
189
1258
1194
133
1192
178
193
1426
1138
1130
193
176
1190
1520
1203
1153
952
1160
1087
705
1134
1187
1093
1218
232
1041
1095
1114
1191
1874
1164
1226
1055
199
191
1133
133
1193
1000
204
276
1102
1723
184
1226
1140
1051
1211
133
1118
1180
1128
180
1277
1166
1233
1312
201
1201
1130
1258
1165
1015
1182
180
966
1153
1126
1011
133
1234
1193
3259
955
1095
2090
1190
218
1191
1464
1182
1154
188
1240
1202
1251
1176
1204
924
1056
1264
1232
1254
996
1228
1159
1161
1102
1152
1335
188
1286
1189
1261
992
1205
1207
208
1236
1163
1287
1230
191
197
1943
192
201
1027
1050
1283
1145
1110
1229
1206
1201
1130
1238
1104
1147
1052
1220
195
1326
1160
1174
1362
198
184
996
986
189
133
1175
1081
186
1320
1134
1192
1112
1080
188
1146
1422
1160
212
1146
1036
893
181
1146
990
1167
191
1051
1132
1582
1258
1223
1159
1162
192
935
721
181
1162
1072
1170
361
1203
1024
1019
1230
183
1176
133
1102
1265
1166
2375
1232
1410
1181
1080
1051
996
1045
1162
1206
1246
1216
1084
1248
946
1190
1049
1469
538
1050
192
1190
207
1213
1107
1064
188
1115
1231
1137
1179
1015
942
1196
202
184
187
197
184
1332
1261
1285
187
262
1106
1198
1137
186
1033
1101
1159
1121
1042
1880
1284
1191
1113
1115
1174
1173
1275
844
1125
2016
1074
949
1212
1114
184
1316
1152
1076
988
1239
1086
1144
1195
1044
869
1262
1158
213
133
195
1113
133
1159
2082
1175
1076
1249
1226
133
197
1237
1141
1083
195
1156
1138
1265
2375
1208
133
194
200
1198
1256
1135
1203
1175
1048
1126
1724
182
890
196
1215
133
201
1239
1216
1122
1202
1159
1111
1214
1130
180
202
964
183
1127
2133
133
1112
1111
1225
1214
2262
193
1054
184
189
1231
1069
924
195
1017
1217
254
1250
1182
1139
193
1214
1736
187
1215
276
1084
191
915
1135
183
909
1028
1056
188
1143
1061
1139
191
943
1194
1512
1245
1049
1121
1189
2741
1028
1079
196
1165
872
1071
1099
1139
1253
1047
195
1034
1033
195
177
1850
1334
134
133
1172
1229
1152
133
1179
222
306
1893
1118
191
178
2090
198
133
1292
1208
1029
1244
198
1265
1704
2170
1232
1078
1205
1234
202
2094
192
1065
1636
1164
1215
1081
1335
1174
1297
1273
1345
1113
133
1138
977
1171
986
998
201
1312
181
1198
133
181
1830
211
133
1007
1187
1137
1090
193
1337
1134
1050
989
1238
1258
1304
1240
987
396
1167
133
1113
1231
1155
1077
1254
204
1109
1300
1172
185
2359
1477
1051
929
1444
964
1182
179
1558
1105
1084
1088
1204
133
955
195
1109
1306
1071
1085
1194
1179
1131
1041
1155
177
1356
1033
1075
1165
1174
911
2188
1196
1887
1205
1460
1133
858
191
987
182
1131
1248
904
1028
1356
1152
1223
1133
180
405
1265
1256
132
1490
187
1009
1214
1125
1281
203
180
1086
967
1162
202
199
1094
1145
1127
1170
1247
133
180
1079
1044
1120
1104
1146
1145
1112
200
187
195
1135
1096
1335
189
1261
205
1220
202
1555
1164
1089
1235
1502
188
983
1128
1253
1383
2177
197
1427
187
189
862
1090
2198
1080
1244
194
133
348
1191
1096
959
1179
990
1059
189
1223
176
133
1243
1149
1203
1175
191
1952
195
183
199
1107
2289
207
1242
182
1133
1138
1161
1272
1178
202
1244
1221
1065
1222
1201
182
1003
199
1139
1233
931
958
1224
181
1155
970
200
1195
201
2102
1202
201
1191
1223
1225
915
1089
1190
1074
1286
1199
1115
1113
231
1404
1144
245
1103
1255
791
133
935
196
183
198
192
950
1205
1131
1712
199
234
1107
876
191
193
1016
487
1192
198
1115
1113
1277
1097
1478
1250
1256
191
1030
183
1100
198
1176
2109
1205
1156
190
1193
1091
1118
194
1110
1258
191
1156
1090
1169
1270
195
189
1126
1092
191
1232
1208
189
1104
1326
1203
971
2220
1117
133
2263
2598
1120
1010
2588
1157
1093
1027
1014
2409
1237
188
1091
1113
189
133
1186
1119
1175
1109
1151
993
1064
1375
1247
1278
1081
1284
177
1200
1156
176
1192
1210
892
193
1258
950
1221
193
2164
198
1152
181
1118
1214
180
196
193
1124
1247
1196
1154
1232
1151
1102
1192
187
182
199
1059
1240
1234
181
1264
1009
185
1201
133
1158
950
198
973
1100
1235
1217
1039
1170
180
1326
1120
1734
133
1246
1124
195
1176
2192
136
1129
184
909
1138
1123
1259
1186
184
1089
237
1076
1299
502
2843
1211
189
1112
198
1073
189
203
251
185
978
1169
191
1113
1082
1131
2316
1619
1141
1448
177
133
1170
181
1390
1159
1084
1171
1255
1090
133
1206
133
193
197
972
1253
872
201
1309
1196
1164
196
1099
1143
1242
2272
1039
197
1182
1191
1256
191
186
966
190
1140
1117
1239
2139
1047
184
1177
1114
184
1128
869
1267
520
1075
1168
191
1270
1123
1190
1181
1058
133
203
1129
197
199
1748
184
1291
1159
1217
191
198
217
193
133
1224
1160
1051
1159
2260
1146
1083
1133
1265
1074
1148
1125
1084
960
1076
182
1247
1076
1181
1163
1018
133
1213
195
1355
1278
1077
1193
967
183
1141
196
202
1204
188
1092
997
1162
1166
1192
1224
1191
197
1181
1165
1118
1173
1048
993
1235
1230
1056
309
1110
1228
1141
1264
195
1498
190
1214
811
1050
1313
196
1143
1233
1025
196
969
189
1216
1083
207
206
193
996
1248
1260
1248
1203
1268
1163
1031
1639
195
1142
1420
1460
1340
1206
474
841
1161
339
1129
201
196
1776
200
192
1005
199
1003
1217
188
1096
1155
178
1100
1252
180
190
1151
1308
1182
1202
186
1079
194
1041
196
1244
133
1147
1234
1128
1184
1035
1034
1187
215
133
2957
1236
195
827
1184
187
1133
1117
1085
1093
218
846
195
1038
199
1222
913
2170
1231
1111
1181
195
1242
454
1240
1124
198
976
1158
1252
1084
1012
1207
1164
1089
1350
191
1594
1001
922
1231
1621
1296
1047
1245
1950
1131
1143
1120
1010
1025
1183
1110
1003
1046
1174
208
1265
180
1200
944
179
1398
1147
1075
133
1202
187
1960
1134
183
1010
1196
1594
197
1155
1261
1236
1637
184
1010
1053
1161
1217
1213
1893
1051
2265
1138
195
1086
1545
1161
1099
196
204
181
1072
1262
1113
1134
1121
1191
191
1244
1301
1219
1120
184
1238
1193
2330
199
195
1152
207
1181
186
1532
133
2261
208
188
1280
1202
1325
1112
1051
1181
1123
470
1134
1209
1180
1615
133
1429
1292
988
1083
1175
1185
1292
1233
1187
873
180
1140
211
969
194
196
1069
1197
916
1199
1189
1682
184
1643
1081
1545
1209
1181
191
1727
967
1122
1736
1260
1197
194
1169
189
384
1029
133
1152
1030
281
1192
186
1264
1109
1234
1164
1035
873
133
1188
1097
865
1200
184
1199
1138
1177
1086
195
1151
189
1013
1087
133
201
1202
606
235
937
1153
1144
1302
1085
1394
1461
1317
2162
1257
1270
1127
1273
1114
189
1094
1778
1044
984
986
965
1347
1017
191
1107
1159
1440
1302
1000
995
1553
1183
133
1295
1318
187
1374
1140
2449
186
199
186
185
1360
1730
975
1066
182
1033
1219
1036
1035
1127
1272
190
1190
326
133
1185
1238
191
133
177
1111
193
343
197
197
1125
1187
1168
2277
1267
1511
211
1126
1269
1114
133
758
1194
1010
1218
1164
199
1255
1026
2062
190
677
1152
943
1280
930
1128
133
1082
1307
200
1054
133
191
198
1051
187
1073
1199
1261
195
1037
1178
1237
1280
191
1148
1215
1228
1225
1212
194
1161
1063
1253
966
1082
196
1036
1184
1266
1099
991
1291
1124
1150
217
1637
1166
1742
188
1062
1308
1821
1126
1196
185
1442
1355
1190
192
1130
1290
1189
202
182
191
951
183
1034
1093
991
192
1015
1067
133
1247
2776
1132
133
176
1049
952
185
1053
861
982
1228
1224
708
1064
1123
133
1168
994
133
1131
925
1600
1223
361
196
1131
1272
1086
1995
1120
193
1165
199
193
1167
1314
197
187
2395
198
1218
1046
1207
1417
1127
1078
1164
1304
1208
2162
1053
1187
200
1303
1189
1119
180
1287
193
1114
192
1060
1162
1075
1281
689
1153
1067
1253
2275
1301
179
595
1086
1088
1063
1098
1069
195
1184
1029
1295
188
1146
1073
1077
1134
132
1340
185
1207
945
1019
1272
186
1050
1062
193
1180
1169
1060
282
397
1187
188
1254
1116
926
1477
820
1498
1204
879
1155
1142
1036
133
133
1160
1235
1150
179
1220
1136
178
1196
1209
633
1506
1124
1074
1695
180
1146
2248
2321
1294
1244
1081
189
1604
1112
1096
1195
1823
1184
1207
1130
1171
1089
182
944
1034
1217
1140
980
1499
1498
1122
197
1093
1286
1758
1115
1111
196
194
1209
188
231
1180
180
2374
1058
981
1158
1024
1270
1718
1077
1062
1244
1026
1018
1090
1136
132
1157
1052
1412
1420
1180
1064
1836
2931
1049
1083
1110
216
177
1203
1204
1142
183
1161
1138
1085
966
1084
1260
1024
1282
199
1866
1201
1010
1802
1174
1224
1776
187
1030
1235
200
1142
1919
1188
1177
232
1253
1073
190
1460
133
1233
1275
226
1241
183
133
1201
1232
1668
1195
1053
182
1035
188
1325
1186
1117
183
945
1145
187
1109
1103
1083
1153
2180
996
2120
446
133
1179
970
216
1218
189
1099
1064
176
1229
1224
1196
1184
1047
1203
193
1131
1264
1144
1127
202
1158
1289
1117
1757
216
182
1158
187
1196
1336
1125
134
2418
1061
1158
133
1293
1056
196
1164
1261
983
1567
1216
1360
184
1175
1108
1175
190
1234
803
1280
204
197
133
199
1182
1153
1308
994
1087
1162
179
1186
1177
1197
1133
1073
1119
1980
1923
184
1579
1866
1056
1149
958
183
1273
239
1264
231
1251
985
869
1066
1006
208
1247
190
977
1143
1167
1294
1133
1003
1100
1173
1163
1563
1027
1125
2220
1082
1030
981
1637
1021
133
1034
212
1037
1216
1090
1195
1081
1768
199
1236
1085
1156
1160
203
198
1278
1226
1398
1012
392
1256
729
1175
923
1130
1189
2327
1163
1781
1130
188
1260
1168
1020
1148
1253
1125
1178
133
188
199
320
1400
1037
1381
133
1188
1227
193
1199
274
268
1078
1040
1169
1252
1122
133
1182
1094
133
1233
180
1190
1186
1446
930
1127
998
200
1180
1083
1071
199
184
198
1328
1111
1588
189
1196
1209
848
1068
1213
191
185
199
743
1155
1100
1175
1217
1055
1040
1189
1067
184
1093
983
967
1156
1226
180
205
561
1121
191
988
1185
190
1100
1158
1007
2121
1163
192
1181
1165
197
2430
1029
1329
998
235
1261
982
1214
905
1528
1107
951
133
189
1261
1118
1153
1250
1258
1172
198
1093
1169
1064
1142
1190
199
1224
1208
196
189
939
1139
1017
1224
1166
133
204
1055
177
1229
1308
1072
1150
1121
1224
1335
1207
1318
1156
1401
1092
2503
282
1072
2221
1413
1038
1067
1138
1270
198
191
1175
1146
322
939
1119
1260
1412
1043
1203
1259
1265
187
1011
1189
211
1089
1294
1234
187
1346
1051
1232
1165
1177
1126
1108
1195
133
198
2074
189
1052
179
188
1177
878
1076
1078
1171
1066
1244
1063
1125
1212
1893
1084
1501
298
207
193
1098
1753
195
1254
1024
195
1144
219
1097
1077
205
1224
1204
1148
1086
1107
1148
949
1134
1167
1191
1074
1302
390
186
1202
1079
1139
1206
1056
1082
196
996
1214
1049
1200
1287
1192
1223
1053
1183
177
1066
1080
1041
295
992
1210
191
1248
1150
1252
1404
1911
1138
1210
1115
1940
1220
1086
194
1072
846
133
194
1072
1129
1098
1145
1187
1132
182
1154
203
186
198
978
1187
133
1222
985
1202
1024
1268
1842
1197
187
204
1168
1121
1199
1232
193
2306
184
1454
200
181
1220
1138
1282
1032
971
1112
1313
1028
1196
1235
930
1198
1182
190
918
1174
1075
1155
1136
1296
1075
1343
1054
186
1185
1195
886
1072
1211
188
1150
182
1262
197
1250
187
1298
1201
1230
1192
187
885
196
1030
1029
1002
2021
1145
1465
1125
192
1021
1422
198
1067
1064
1000
1123
1595
1319
1229
1167
1163
1090
1174
1018
1085
1104
1406
184
1084
1209
191
208
133
1057
212
182
1243
1211
180
1120
1198
1075
1034
1207
196
1136
133
1040
1136
1144
968
1166
1116
1003
196
1237
512
1047
1140
187
1133
1151
201
1241
1111
1742
191
1036
461
1269
132
1004
1294
1190
1434
189
1141
186
179
196
1086
174
1209
1284
202
1057
1252
1114
1283
1226
1181
1532
1106
1308
202
1160
1208
2162
1173
1130
1155
441
1132
1156
133
1234
1105
191
952
403
1055
1275
1301
182
1118
1268
1168
183
1229
1179
1126
2380
1221
1247
1046
196
133
1209
1116
1204
1397
1194
1352
133
181
187
1247
1062
1157
1208
269
1246
930
190
1576
1097
182
1143
1133
177
1142
191
1330
1200
996
1171
1123
1214
195
1232
199
1734
1729
1123
1240
182
197
1096
1199
209
888
186
241
1128
1157
1204
1146
193
2259
1216
1129
1199
266
1192
1248
1134
1040
1098
1394
1167
219
920
1061
194
1152
1107
1040
1246
1207
1253
1574
1161
1138
178
1204
195
1346
1914
221
1088
405
1118
1069
1277
1155
1192
1185
1234
1188
197
1316
1992
1475
192
188
195
1390
1040
1127
1202
918
201
1130
1139
1218
1216
1147
2390
1163
1407
1152
1168
1387
1171
1181
1147
1100
1171
201
1120
180
1280
199
1195
1184
1228
187
1034
1126
183
133
1192
1182
1192
1011
984
1134
1212
1272
1172
904
995
1137
1106
1224
1138
1179
1150
1198
189
1030
199
1114
1084
199
1212
189
1086
1105
1166
1044
1044
1082
1133
1113
1153
1863
1219
1052
1235
1140
986
1146
1162
1024
1175
1081
1301
491
179
1226
1124
182
2195
197
1066
1042
1103
1129
1024
820
194
198
1113
1157
956
1040
180
1133
1119
1180
1115
209
1244
1232
1200
208
201
1069
1152
1194
1034
963
237
1291
187
1423
1267
1283
1187
196
1189
1209
187
1032
244
177
215
1221
977
1218
1236
1253
1193
201
1114
1171
1149
1221
1307
1122
1082
197
1243
1187
2334
1070
184
968
1167
1200
216
1493
1192
213
885
1234
194
1103
1251
1123
1043
2066
1155
133
1171
1147
1133
1062
1088
1130
1219
1216
133
1248
1082
187
1314
1340
132
1136
1158
991
1632
1176
1160
1003
1056
1282
193
1111
180
1422
189
1091
1208
1006
2229
1142
544
181
1266
1219
1234
1168
188
185
1079
1039
191
971
1162
209
1270
204
1187
1128
1153
1067
1236
183
1084
1169
1146
1878
275
1671
189
1373
177
2181
1058
1240
1219
1127
182
1264
1078
1263
1139
196
1009
1205
248
1405
1129
1079
221
891
1058
1241
133
1186
182
1180
1215
1025
457
186
188
1184
1215
192
2147
1125
1030
194
185
190
1211
187
184
199
1038
1266
1232
180
1323
1675
1171
1143
1192
2147
1202
1136
1121
1066
133
1206
194
1153
1056
438
189
1227
192
1066
1078
1237
1179
1190
1058
1437
186
1262
1020
1208
195
1318
184
1101
2375
133
1207
1088
1255
1127
1280
982
1159
1027
1210
1274
1006
1527
856
1011
1072
1280
1110
184
1224
181
186
1215
1184
847
1151
1067
192
1184
1137
1232
1477
1185
1038
1141
1107
1182
1158
1215
1580
1182
947
1088
2698
1163
1085
217
1185
2040
980
190
198
257
182
1245
1192
1230
1274
1185
1210
1213
133
347
1136
1054
1159
198
1127
1166
180
1101
1137
180
1128
1258
1278
1177
1251
1204
197
1050
1104
1016
1043
1157
133
1437
1316
1144
1238
1000
1275
1187
1047
201
1243
185
1185
1515
1255
1203
2037
211
1279
1149
1104
204
1035
1406
1213
186
1126
241
1181
184
1124
1228
181
1143
1212
1212
184
1038
1233
1146
1222
205
1128
185
1140
1178
1136
182
1179
1244
1024
1091
884
1156
1114
998
1181
1241
1123
1364
1256
966
1119
1038
1181
185
1202
1172
1072
1061
1162
1300
1206
1236
1150
1119
994
1292
133
1219
1219
1066
1149
186
1130
1306
850
1116
197
1548
1148
1166
1097
1138
192
1323
193
1177
197
1312
1168
185
199
192
180
1212
2269
2205
188
1064
191
1862
1707
1255
1152
1865
1144
1103
1172
187
199
2177
1242
1320
1003
1183
1775
1166
2365
1080
976
1049
1170
1178
1201
1190
1162
563
207
1208
178
1060
1099
1094
1021
1169
970
195
1112
996
191
133
1175
193
1104
912
1103
923
1106
1659
999
1159
1195
195
179
1184
200
182
2241
1124
1620
1117
133
1323
133
1123
133
1161
958
189
1029
1167
1212
1193
180
1119
1119
187
195
1038
1167
1855
133
1141
187
201
1151
1116
199
1106
1200
1088
1122
1224
1218
1212
1122
1092
1452
1422
1100
186
944
1081
1147
1152
218
1232
924
2150
1760
133
188
1030
1271
991
1259
1209
1011
194
199
851
1269
905
181
946
873
181
1135
1215
177
190
1215
1765
191
1662
181
1152
197
1166
194
1250
186
1082
1110
1107
2035
1088
1184
1091
2092
1124
1140
1346
2329
188
1149
1220
231
1105
1087
187
202
186
760
1703
187
1230
202
939
1062
1232
1136
989
1044
1067
1208
195
1217
1962
1379
1147
191
355
1015
189
1168
185
1299
200
2274
1195
1833
1126
1230
1196
564
2076
197
182
1204
1110
1167
1210
1177
202
1157
1108
1142
1202
897
1047
2196
1239
1044
197
193
189
201
191
1123
1059
2075
187
312
1550
197
1171
206
184
1054
981
1201
1125
1371
1234
1746
2126
951
1782
1248
1051
1101
1036
1493
1150
181
1083
1970
1484
1202
1170
1223
923
133
1102
1146
188
1215
200
1138
1120
1261
193
185
1166
994
1107
1208
2382
185
195
1025
1168
1414
1183
1255
1085
2154
1259
1090
1196
1846
2206
1035
1017
1202
1053
191
1131
1305
1306
1071
1072
1216
1142
1170
1117
1166
1136
1227
1031
1024
1106
1100
180
965
1240
183
1309
193
1048
200
188
185
196
988
1079
1249
199
193
1160
1193
188
1040
2324
1125
1190
1220
1205
1153
1412
1056
1231
1185
187
200
1452
910
1215
1077
1198
1427
186
912
1103
186
1078
1237
182
188
1144
1194
1215
1267
1242
1229
1201
1208
133
196
177
1171
1174
1106
2289
1086
198
918
991
929
2039
1220
1193
1089
1000
133
1075
190
133
665
974
1247
193
1775
1404
1012
1050
1274
204
1230
1534
1101
1205
1655
1215
1188
1080
1184
1091
133
1126
1170
1156
1064
133
2013
200
1324
1665
1177
1199
1240
1144
933
1090
1138
1059
1109
1250
1230
1432
960
1094
1209
195
1350
1290
1118
1937
201
1698
986
1145
1143
1114
910
1053
993
944
956
1190
1114
860
985
1264
1203
133
1118
1397
1982
216
836
1232
1179
1150
920
1169
133
1167
1171
1086
937
1039
177
1152
1133
1195
1046
2340
1210
1040
1016
1147
1457
1127
1171
1292
1105
843
1167
193
960
1075
1078
1241
1293
193
1212
948
188
1221
1195
1121
1013
1166
1202
1202
2703
1220
1158
1249
133
1138
1166
1136
1168
284
1544
1739
197
1041
1147
1088
1044
1219
997
177
182
198
2356
2315
1548
1280
196
1156
1238
1088
2336
996
1472
1813
179
1078
1173
1093
1204
203
1184
192
1136
180
1084
1237
181
991
1299
1209
190
1181
1172
1169
194
180
1158
205
1439
186
1161
656
320
976
1232
1059
1225
1152
1063
1157
1119
1282
1273
184
204
1154
1470
194
240
1250
1097
1255
1160
186
188
1225
1301
1241
1185
1204
1245
1230
1030
1112
183
1203
252
1025
1098
1123
1115
184
1167
984
1265
182
1195
1147
1050
190
202
195
903
1167
1405
1222
1047
231
1000
1053
1158
1996
1208
1772
1409
1024
1168
189
209
192
1635
194
1354
1291
1221
1156
1241
1110
191
1033
1101
186
1301
1174
1185
189
1138
1088
1232
1288
193
1092
208
1218
1144
1425
1236
1184
1192
183
1204
832
178
1682
1246
186
1191
1155
986
265
1239
1150
237
204
1733
1103
1138
992
183
198
184
1964
1224
1245
189
1225
1191
1156
1035
1295
1187
947
1345
1956
1105
1138
1131
915
201
1197
1218
187
1169
197
184
1068
270
1201
1106
674
184
1091
204
180
1171
1262
1192
1112
1301
1077
1194
1085
1302
1142
190
1035
1076
1072
1081
1298
188
1363
1139
1217
200
1214
1174
1181
179
2236
198
1156
1183
1191
178
1177
1175
1034
1181
233
176
1316
1088
133
198
1288
1246
1278
1122
1338
1304
193
854
1134
1258
182
133
1835
1009
196
1098
1092
1168
1184
1106
197
1434
1266
1096
1024
1203
1119
1152
1112
1179
1357
1034
1226
491
1019
200
1061
1254
195
1551
133
193
1278
1036
1164
1172
1177
1113
1189
2409
1190
1289
1057
1154
1050
383
825
180
205
980
1126
1064
1308
223
1523
1352
1113
1157
293
1312
199
543
1135
196
2709
1231
196
1153
189
1226
1081
1073
1176
1613
1165
1216
1128
1209
1124
1191
1114
1092
181
1268
980
1746
1187
1162
1041
932
1161
1132
1300
1201
1226
1232
1165
184
2362
1105
204
1264
188
1248
1554
187
1184
269
1209
1157
1491
1210
1202
1053
1189
1111
187
2197
1051
190
2018
1260
1046
1183
190
198
1205
1266
192
1052
1207
1065
898
1100
1250
194
1169
1238
1133
133
1056
1140
1217
1143
1296
1018
1205
501
1974
1622
882
1125
203
184
1190
1260
1339
133
1177
1118
187
1091
1112
1142
1158
179
189
837
1127
1167
1155
951
1195
1119
1014
1094
1233
2292
1077
202
1061
222
1215
178
1220
1205
246
1130
2236
1182
979
1229
1035
1176
1026
1643
977
983
2315
1117
1146
1124
1163
185
1466
1234
2122
1165
1199
1159
189
1192
179
1140
196
185
188
1095
1277
1209
1172
178
1123
1200
182
1217
196
190
1186
1261
1132
312
1324
1113
1141
1205
188
1102
1290
1319
1169
194
1262
1310
197
187
133
1104
1057
133
1066
193
1075
198
1162
1296
2298
1155
1138
1120
416
1525
1243
1152
1101
181
1132
963
1062
1302
1108
183
1304
1096
836
1112
1171
991
1384
1122
133
1161
1133
133
1779
1072
1092
133
523
133
1045
1001
1162
200
194
183
1247
1222
184
1085
331
1257
200
1242
1183
1101
133
1214
1214
192
190
1114
1896
2020
1176
179
187
196
180
1332
1079
897
581
945
1147
1272
1040
2074
133
194
1296
200
1076
188
1152
981
1044
1118
191
183
198
1041
1252
1026
997
1217
133
1037
1152
133
1278
186
1303
195
186
1299
1257
1221
1068
1152
1237
913
1141
1107
189
1313
233
1144
1184
2420
197
1732
176
1122
1200
1094
189
1219
1265
1191
1168
1161
1058
1231
1121
201
1160
1186
1208
2351
181
1513
1154
1163
1196
1131
2023
1385
1026
1234
1304
1576
741
985
494
1085
1079
1284
1231
2480
1791
1070
1102
708
1168
1127
1237
976
1240
133
1120
2362
214
1178
1240
1212
205
194
1111
1242
132
1199
1088
1352
194
1019
1224
1270
184
133
1194
925
1216
1024
1507
1226
1149
1155
2302
1452
1148
1042
1128
186
1054
1153
1182
190
1228
1594
1157
1211
1193
1132
1252
1516
1227
178
213
1175
1529
185
1046
1516
183
1181
203
1039
1237
1324
1134
182
836
1179
191
1140
1098
769
2246
1291
1145
1267
183
915
1263
1140
1130
185
1220
1131
1385
190
202
1095
133
1068
1239
178
1199
1199
191
1180
1207
1228
994
1226
1068
1032
1230
1316
2058
1918
1088
195
1066
1147
945
1277
203
1299
1638
989
1502
960
1180
193
1214
1280
945
1262
1081
1190
1148
1170
133
1446
227
1152
199
1116
1152
1113
258
1243
1173
1163
1267
1788
1789
1179
251
1853
549
1443
1139
1036
1205
1481
1041
1617
1137
1235
1183
193
1187
1141
1097
1187
1120
893
940
1100
191
1191
1233
1320
1031
1127
2137
197
345
1277
1054
184
932
1104
1375
192
1094
1082
912
1133
1161
1112
1253
1220
197
1134
1192
1178
1025
1238
1255
1037
187
1518
1063
1646
133
1142
2293
1164
198
1135
197
1184
1043
594
1019
1176
1123
1115
885
1285
2009
1742
958
179
193
133
1202
972
468
1212
133
197
1147
193
1015
197
996
1311
1236
1175
199
818
1313
1518
911
1112
196
184
1214
382
176
1148
1159
1359
1050
199
189
1280
1218
1231
1164
195
1468
192
1518
1163
1274
1120
1135
1275
1239
1149
261
1232
197
1200
1142
1012
1051
1714
1462
912
133
1259
1248
1047
1071
1182
1286
385
1157
185
1181
871
1863
188
133
1327
1170
197
1053
211
1452
1099
1129
1129
1183
1049
1173
1290
205
194
1189
1221
1217
1261
197
1367
1040
198
1811
875
1280
1105
1038
203
1048
1191
197
1123
1067
1210
1162
1129
1011
1198
1374
1185
1286
1214
204
1160
191
1148
196
1254
1106
1012
195
1075
993
1004
1230
1110
933
1108
1194
1255
1288
1179
1131
193
1078
1618
968
1176
195
1110
1493
1477
1076
1201
243
1015
1407
1199
1595
189
202
184
189
1190
2205
1001
1082
191
1046
200
1128
1285
1251
1158
1162
2145
1293
1205
198
192
1174
1083
180
1253
1165
1117
1251
1090
182
1180
1260
1320
194
1066
1061
1201
974
1315
1094
1101
1199
1481
1129
807
1208
188
182
1097
191
1093
201
1199
2246
1179
184
1068
2395
1286
187
1092
989
1104
1066
1038
1069
206
1367
191
1180
1213
1445
1292
177
2269
197
1221
1112
1201
177
2145
1108
133
1263
1085
190
1159
1789
179
1195
1117
2206
1219
1148
1245
1182
1087
1092
1197
1292
1232
1231
949
1090
1179
2283
133
1205
181
1058
905
134
133
1163
1055
1268
1049
1219
1566
2458
1590
218
948
179
1159
1312
1077
1052
1125
1179
198
1052
1160
1238
194
1205
1032
133
1194
1236
187
206
1150
1172
1173
1197
1099
1092
1838
960
1187
1173
1203
973
220
1046
1196
256
1092
887
580
1213
194
201
1154
1109
1242
1205
1235
1239
1079
1266
1301
1120
1081
1240
1250
1226
1360
808
1193
1114
265
265
1106
1221
1222
196
1110
1112
221
1382
640
1189
2398
195
1254
1260
2477
181
133
1390
1209
967
1161
1020
1191
1293
191
1052
1297
134
1137
1079
1106
1299
1408
1167
1672
1367
1217
1153
1230
1122
1138
1257
1272
1104
1093
188
195
200
1083
1158
193
1066
1203
1085
1078
196
1058
184
1078
2159
1057
212
1238
1046
1253
191
957
1411
190
189
992
951
1266
1910
1054
951
199
180
1265
1258
1102
1158
1257
1281
1122
1285
1312
188
1226
945
180
1233
1016
924
1181
1194
1162
993
1280
959
1236
1383
1245
181
1320
201
1117
1205
202
1145
1151
1386
1180
1147
133
988
1172
181
1047
1228
1929
217
234
1255
133
1013
1404
191
133
1200
1233
1174
180
133
1219
1175
1076
1074
337
1046
1209
1116
182
133
1211
195
253
1087
1445
1065
185
204
1148
1128
203
1381
1216
188
1268
207
1130
187
1116
133
1021
1274
233
179
1261
198
1277
1048
1175
974
1188
1903
1329
1210
2515
1229
1099
1065
1158
196
197
1048
1169
1122
937
1111
1188
1177
1160
2574
1209
1076
1149
1305
1185
1227
2136
1044
1241
988
1122
214
1243
1173
1228
1087
916
1115
207
1102
1264
1029
1204
1087
1185
1189
196
2296
928
1025
1062
945
1147
192
2421
1213
1084
1092
1282
918
1565
216
1286
238
990
1114
182
1207
1306
1048
198
182
2152
1263
1228
235
1086
1103
1058
1387
1224
1542
198
180
200
1027
1185
1112
1155
1096
1082
1348
1206
1183
1683
1158
952
187
1658
185
1245
1347
443
1154
200
1534
1336
1251
182
1197
1632
1077
1274
1268
1008
1150
2222
1112
1232
199
180
195
1139
179
1152
1123
186
200
207
1160
1133
1077
1229
1336
181
1647
1056
1135
1122
195
186
1139
1166
1056
193
1168
181
1230
199
1076
1002
1193
181
1115
1229
1216
993
201
1049
1269
1402
181
1188
908
1290
2552
192
1217
1715
190
184
1197
2193
1282
200
1132
1267
197
188
1024
1930
1053
1153
1193
1233
187
1101
183
1657
1134
1165
1080
199
1025
1155
1192
1126
1175
1213
1147
1141
1066
177
1162
1189
1249
1181
1344
1090
1290
133
1132
191
1109
191
1250
310
1144
1063
1217
1585
1191
1206
1339
1208
203
183
193
1118
1078
1229
1213
1148
1115
1112
1252
1019
1021
1121
1042
1174
233
1157
192
1016
1227
1190
181
1488
1127
1148
1149
1212
1175
1194
1085
186
197
1135
1214
2404
1211
1193
1063
188
215
1054
1151
1186
1162
133
1259
206
1026
191
2124
1174
191
1194
1145
1272
1185
1227
2025
1261
1939
1155
1211
185
1254
197
1134
1139
1209
1069
1168
200
133
202
357
1232
1004
764
1161
200
1420
1277
197
923
188
1488
195
214
1245
185
1062
1144
1188
1046
1176
1149
1282
1271
190
1216
1193
1142
1252
1144
1511
1838
1184
1941
191
1216
1128
1083
1282
1124
1770
1808
1243
1122
1112
133
1191
1020
180
1080
984
1136
1145
1108
1309
257
133
1200
994
186
188
198
189
1130
200
1128
1277
218
179
1213
1321
1103
189
1081
1044
1169
1034
184
195
204
2060
1217
1224
1205
1222
2262
2015
1268
1061
1183
192
1129
1134
197
1208
1267
2381
197
1183
1212
874
183
1276
1250
223
1211
1178
1008
1224
183
1247
1069
1575
859
199
1048
1105
1168
1238
1123
196
195
206
1276
1143
1183
1886
2011
1619
818
1210
1130
1157
178
195
2328
194
1245
1159
1302
1210
1112
1145
1119
1054
189
1138
1114
1088
205
1136
1015
201
186
189
209
961
1220
198
1586
211
1265
1135
209
132
1246
185
997
1081
1108
1189
1215
1066
204
1065
190
224
1913
133
195
1333
1062
1019
1071
1843
1215
2050
1044
947
184
1209
200
1107
1286
1015
1210
202
1169
202
1206
1066
1099
1142
186
1113
1127
133
1007
1020
1139
191
1210
1657
1204
921
1166
1206
198
1258
1047
889
996
133
1209
180
1185
1190
938
133
2106
180
1164
1239
1275
196
196
1150
2145
196
1269
1570
1062
593
1165
1032
1871
1233
193
188
200
197
1219
1242
1056
190
1145
1118
1282
1055
1252
1064
1066
1027
1115
1274
1572
1296
1369
1294
1203
1221
1230
1006
1228
1179
492
1365
202
133
1067
322
202
1268
1135
1209
132
1028
279
1033
201
1235
1277
1212
2138
1197
1236
1048
1304
1283
197
1106
1178
2011
1271
1234
1295
1156
1242
1538
1116
1098
990
1216
1768
1115
1265
1249
199
1233
1057
1199
1850
1210
348
196
1130
1223
1286
1236
181
241
2325
1002
1535
1265
190
1138
1219
133
1139
1140
1132
1199
1198
1175
805
189
757
196
1165
1188
186
908
188
1274
1404
214
180
188
1261
536
1025
1083
1119
1251
183
1582
1312
1174
1019
1071
1472
1056
1139
206
1068
1207
1233
179
1538
197
1161
192
195
1149
195
1271
133
1210
1236
195
1193
192
1160
1102
218
1257
996
1198
182
1128
1270
1078
1163
186
1038
1084
184
1382
1131
1027
1177
1224
1055
186
1069
179
762
1056
1342
2075
1335
1089
1152
1108
1300
1220
199
1316
1240
373
1102
1020
752
1001
1066
1283
1024
1182
1114
1209
1265
1000
1108
923
1005
184
133
1486
1161
201
1134
133
1004
209
1153
1324
1177
1369
1233
1207
797
1116
187
191
1062
1699
937
1232
1135
1195
1165
1303
208
1123
1355
1284
1115
1200
949
133
180
1601
196
1298
1197
878
183
1266
1244
181
1229
1178
1270
1047
2138
1024
1257
1151
1158
1140
1120
133
1205
1040
1034
198
185
1024
1124
1151
1142
1053
1179
1552
1170
1140
189
1235
177
1314
984
1142
133
325
1140
1171
195
1394
133
197
1238
1163
885
1152
977
1311
1226
1002
959
181
252
924
1130
1168
191
133
1169
1680
1238
1090
1211
620
2367
203
188
1160
916
1241
197
1131
1244
1179
203
191
1087
812
1070
197
1272
191
1171
1159
1230
1195
1254
1200
1127
1028
1127
196
1065
1180
1124
1046
133
1125
1290
196
256
1179
1187
1142
133
1319
1219
1376
888
187
1333
999
1261
1266
1323
1163
1104
2273
979
1146
2213
1072
192
200
469
1259
199
1047
1110
1077
183
1147
1096
1274
2108
1127
178
1178
1169
2408
1189
192
1755
283
192
1129
1271
195
887
1260
191
1073
197
1264
1167
133
1194
133
1129
1234
1205
1235
1046
1867
213
182
1084
1056
972
1272
1131
1305
1128
1178
1199
1256
1002
992
1088
1540
1056
1130
1086
1119
191
1357
1268
1210
1270
133
1260
1163
1203
198
969
1279
1009
1150
1102
1539
190
1149
1222
1130
1427
133
1071
968
1219
1146
200
1199
201
199
1211
1137
189
133
1130
200
1177
1127
191
188
1182
1840
1127
1021
1215
1119
1527
1040
1147
1084
1109
133
1097
185
1091
1016
181
1109
200
1117
1118
194
1127
191
2420
1205
2139
1158
133
1221
1247
1072
196
192
182
1093
194
1099
1233
1415
1310
1351
1185
1068
1152
1024
1194
1784
184
190
1277
1195
1087
1188
1098
1216
1144
1130
1185
1181
1415
1276
1234
1057
1234
1054
1164
1199
1181
1126
1232
1573
1191
1263
1060
982
1196
194
1265
1120
1116
1157
950
196
1012
1248
1179
199
1113
1100
1104
1182
188
133
1035
191
1260
1165
284
1906
202
1174
1223
1276
1193
2320
191
1250
1201
1190
196
981
1104
1327
1061
1040
1250
1157
1177
1205
132
1133
1184
1331
1089
1052
1014
1206
1263
1009
1274
1416
1196
1110
1158
133
1195
180
1494
1187
1089
1056
1112
188
1619
195
205
1741
1142
673
194
1260
1135
1567
1054
1157
133
1067
1239
1582
2572
1221
894
1401
1223
1192
313
194
197
1140
181
199
1090
186
1236
1226
1076
1197
1935
1049
2011
1131
186
1177
1220
1174
1213
1239
3045
1263
1181
1099
1028
200
1180
1272
2053
1301
307
1168
1248
133
1336
1684
133
1096
189
1129
1206
1191
1293
1139
1180
181
572
201
1459
1060
1226
1040
182
1171
1110
226
1111
191
1318
1173
186
1227
1225
1214
810
908
1100
1146
1268
1563
1160
1131
1123
1157
2239
1201
1074
1038
249
1290
194
1061
192
1216
1256
186
1209
1147
2343
198
1249
1830
908
1284
978
1209
1191
994
1169
1117
1537
1192
1052
1161
1111
1199
1218
1208
1486
184
1111
204
1433
847
133
910
185
1140
1378
1171
1183
190
199
1230
1181
1083
2263
183
888
978
1219
1264
133
1294
183
1125
1781
133
1102
1142
1085
1739
1263
1220
1053
1262
1032
1227
1055
1004
1219
1202
1143
1199
1321
1181
1243
1313
1291
196
195
1116
200
198
194
1360
1447
1074
1216
1142
983
1077
1493
1044
1184
133
1138
1264
920
1260
1069
1161
190
2060
1415
1115
1051
1216
994
1475
1226
1213
1177
667
1213
1196
133
922
1269
179
2279
194
1091
1017
1178
1050
986
198
1203
1105
1101
1291
1166
1190
1268
1119
1072
1199
1233
188
186
1107
185
189
1213
1159
1140
1162
957
941
1593
1275
189
1075
1207
1207
1103
918
1094
1208
180
1075
1079
479
2377
1114
1932
1269
1144
1130
1231
1162
1319
1144
1066
1136
195
1149
191
1114
1254
1160
1227
857
1254
1109
1111
1273
1195
1168
1235
187
929
1134
186
1133
1296
133
198
176
189
1252
1184
1127
194
1313
309
198
1135
1267
1208
179
197
1134
1506
1130
1168
1158
199
2302
1044
1259
1234
1028
1956
188
1186
1185
1138
133
1149
1259
1146
1275
184
188
1164
2102
1168
1203
180
1198
1038
197
190
1164
1175
1250
1105
180
796
1046
1129
1275
1052
1168
134
1390
1195
1312
234
1088
133
1095
2206
1308
1056
188
3377
1180
1183
1305
190
1397
1207
1268
185
2367
1154
1140
1589
185
1397
1149
1278
184
265
133
995
1067
1114
1245
2049
1165
214
1233
1176
1250
1088
344
1224
200
183
1098
1108
1205
1135
1034
1660
1080
1166
863
1191
192
182
195
1262
1144
198
199
1143
1731
1209
308
198
1428
180
276
185
182
1222
1183
1245
1120
1472
1179
1170
1109
1260
892
1230
191
1312
179
190
207
181
1112
133
859
897
1089
1066
196
1214
1105
1153
1223
1245
218
1609
1126
1277
1143
198
1131
1025
133
1154
941
1178
1150
1030
1015
197
184
1626
1126
945
196
197
1160
191
1153
1621
206
1072
1987
1030
2716
175
133
206
1660
199
1245
1167
193
1822
943
1346
1188
182
1236
192
181
1186
2179
1280
1135
1055
1251
1067
210
133
902
1429
1180
1228
186
1172
1119
1098
1124
1277
1156
1552
197
1156
1180
939
183
1174
195
179
190
2476
1185
1138
1092
1247
190
1196
1124
1106
196
1090
133
1186
1106
1172
1091
1188
1024
1154
133
199
1253
133
935
189
1178
1225
1191
1198
1753
1034
1139
1263
1127
193
198
383
1227
198
984
1193
1141
1150
1972
133
983
1246
194
1138
1079
2098
179
190
1138
1262
1335
1009
1228
1140
1097
931
1148
1525
182
201
1161
1338
1130
1170
2119
251
1232
779
1140
1106
1173
1064
1259
735
1195
1160
1292
1250
1559
1142
214
1112
1752
1282
1168
1110
1447
2242
983
213
1103
1103
1042
1281
1165
1275
1080
1234
1497
1251
1053
1152
1315
1114
1212
1168
1307
190
1134
1245
2235
1041
914
2418
1886
1177
2379
1280
1082
1098
184
1196
1117
133
1234
187
185
1223
1278
185
1765
1237
1472
1230
1304
1197
1159
1634
996
1657
1164
194
1175
1166
521
964
184
1193
1081
178
202
1256
1225
949
1179
1085
1141
1207
1311
1214
2163
1258
1098
1249
133
1104
196
1179
972
1056
1576
955
1189
238
1174
1026
702
1089
186
1174
1173
1164
935
196
215
183
205
1024
1467
1116
1235
1273
1236
2162
1256
1169
189
1281
1120
200
1295
1235
1305
1127
1165
197
1071
1285
1240
997
1251
1220
1278
1001
1125
1248
1097
1190
181
1182
1415
1156
1166
1210
196
1055
1229
1018
976
1113
1160
1334
1105
1085
1221
1577
181
189
1224
133
1069
195
196
182
272
205
1211
1333
192
1212
2060
1146
1162
1225
1231
1156
1191
1057
2165
1027
190
133
885
1129
197
1079
1048
2152
1189
194
1233
1325
1277
1019
1197
1639
1523
183
2036
1347
1088
1244
133
183
198
951
2194
1237
1020
1622
1032
1653
1094
1184
133
133
1372
185
1187
1320
1328
1143
1257
1071
1161
200
176
193
1502
185
189
1186
965
1144
1112
1225
1432
1137
1048
195
1100
1297
1248
199
1320
1072
196
2340
1214
1116
1203
257
2219
1183
2367
1159
183
1031
2216
1042
197
1296
1223
1172
178
1078
1200
2315
1258
197
183
1114
1843
179
187
205
187
1055
1035
179
205
1258
1538
1229
1254
183
1194
1193
1293
1242
133
182
1230
194
1190
1090
1019
182
1176
1168
185
1110
1229
1060
1165
187
1835
301
184
1147
1661
183
1608
1128
929
188
1106
1094
1147
1247
1170
846
1263
2278
1186
1122
843
1887
1221
1098
1061
1056
1220
191
1026
1171
1010
1198
1077
1144
189
1171
1161
1092
1134
1250
1253
1196
1083
1642
1189
1045
1062
1073
133
133
1207
205
187
944
199
1104
188
1193
1159
1880
994
133
1198
1219
1067
1317
1138
1212
1126
1034
1151
1689
1093
1163
1413
195
1178
429
1085
1211
1286
2277
181
1146
208
1153
1188
1218
1628
1665
186
183
2238
1024
1228
1079
999
1345
1162
1130
1093
316
1229
1439
1277
1240
1368
1156
132
970
196
235
2025
1125
179
1177
1155
1328
1195
196
183
1305
1256
184
1189
1219
1061
1169
193
1168
1080
1042
1187
1201
1075
1148
201
1246
1110
1181
1191
1040
1079
192
1209
958
192
188
1034
1142
186
1225
1066
190
1084
1239
830
1267
889
191
1319
1176
2352
1191
1226
195
1235
1232
1252
1090
1128
1127
227
2187
1207
1036
1997
2304
984
185
1358
1162
1165
1261
1995
1038
1209
194
187
1104
1064
1094
1190
1244
185
1331
398
187
1108
1167
1203
200
1181
1014
205
1136
189
1908
860
1117
2556
177
1091
1117
180
1241
196
1132
1057
969
182
1090
193
1131
1145
1120
2296
1185
1331
686
1188
1243
185
1138
1205
1144
1612
2130
1164
1048
133
1510
1201
186
1177
198
872
1217
1269
1810
184
1076
1045
1295
1141
2219
486
1059
1117
183
990
1168
1282
197
1155
185
1495
262
1184
201
1225
826
1091
1283
2199
198
1123
977
1038
943
1237
1215
1738
192
1254
180
1171
1002
1267
1011
195
411
133
1065
1282
1118
1240
203
1137
1581
1696
1119
948
1415
2323
191
1253
1274
1222
1525
222
982
1109
215
1211
1132
198
189
1190
132
1141
190
210
180
133
1164
1084
542
1346
1225
970
1183
1323
193
1037
973
1179
1204
2405
1192
1219
222
1177
1138
1044
1088
1058
1092
190
985
2517
1247
1264
179
921
1151
1242
1175
945
190
1046
1855
1214
1297
1313
1139
1481
1071
133
133
1222
1179
1135
133
1192
895
184
1030
2111
1112
1046
198
1567
1681
1019
1828
191
1005
1101
1272
1118
190
1354
1225
1256
183
2188
228
2332
181
1269
1089
186
1336
1297
1109
1131
1367
1038
1175
1190
1228
198
1196
205
1281
1246
1255
1280
1172
1104
1195
133
1104
1809
980
1098
1080
1201
1204
1702
1245
189
1195
1282
1738
1160
1260
995
983
133
1074
190
185
1317
1357
133
1070
199
1060
1143
1055
1065
1150
1155
1091
1750
133
1218
1020
1167
1286
1198
183
1184
1120
983
1172
1134
1166
1142
1249
1389
1360
1195
1254
1151
1301
1205
1258
1232
180
1013
1138
1038
1499
1370
1034
1095
1015
1617
1193
1268
1274
201
189
1139
1103
1247
1096
1128
1271
1064
1311
1797
228
178
1081
1218
1205
1103
1441
1293
197
1210
1190
1125
1200
1097
1118
1213
935
1300
2317
182
200
1117
1928
1303
1175
1204
1291
187
1285
1016
1120
1178
1148
1198
1087
1234
1495
1209
1247
997
1371
1189
1097
192
133
1062
1205
1034
133
1226
1156
1341
192
1149
181
1753
195
1060
1137
199
1206
1099
1193
1295
1040
189
179
1238
1163
133
1159
1203
186
1192
190
1116
133
1202
1141
1298
1105
1119
1277
1025
1221
1237
1208
840
2293
183
190
1299
1378
1118
1291
965
188
1139
908
193
1076
1265
1185
1164
1173
195
1226
179
1178
133
346
1077
1774
1108
1230
1037
1045
1337
1220
1032
1275
1300
181
198
1007
1948
200
690
1149
1118
1029
1284
1155
1169
1119
1132
927
1210
1294
1138
1232
1174
1220
190
1182
1151
1303
1237
1205
1136
1032
176
1157
196
1129
1161
1172
1214
199
1263
1061
1052
194
177
208
1036
1159
1082
1085
1302
1243
1482
948
1158
1262
220
1542
1138
1338
1304
188
185
1053
185
1083
197
1136
1256
1064
200
1205
1199
195
176
201
2143
179
186
411
1161
1085
195
1131
938
928
186
1146
1490
177
2201
1034
1034
1393
1040
1158
1152
965
1090
195
1194
817
1162
1199
1118
1280
1202
1125
199
1181
186
208
1163
1101
1086
186
358
1110
1168
185
1216
1164
1973
1227
1149
995
1008
1087
834
1028
1104
196
1188
1107
192
1138
1021
133
1094
1092
1302
1128
1190
1139
197
989
1208
1013
1187
215
1204
1162
1149
674
628
1748
1006
1223
1185
1496
186
202
1091
950
972
1113
1714
1249
182
1466
1186
1238
1024
1095
181
187
1120
1180
189
1165
1152
1128
1060
1242
208
133
133
980
197
1088
133
1141
1194
1255
1271
183
945
1149
183
995
193
1301
1176
194
1788
1289
315
1262
215
1255
1050
1164
1215
1172
247
1047
1289
1303
1216
1188
1378
984
1281
199
1284
1049
1096
1203
1271
199
176
240
1093
1191
1196
196
1289
1178
197
1242
1112
196
1093
1288
1015
1145
1212
1203
1160
1154
1114
187
1049
1359
247
1245
1039
226
450
1210
1062
1092
1193
1164
1266
187
1165
1173
1262
1607
1065
1215
1203
1244
1304
1297
1168
1146
190
195
1049
1112
1006
2262
998
1068
1121
1131
1142
1212
1267
1153
186
1103
132
1171
202
302
1216
1253
193
1178
1118
1303
1136
1072
1504
1189
1152
186
1233
1092
1064
1089
2315
179
201
1270
206
1682
1239
2344
1119
1104
1171
1216
1147
1255
1086
1048
1086
984
1029
1181
1116
1268
1214
1141
1171
1067
1773
1516
1255
1327
1072
1073
1129
134
194
1263
1183
687
1199
1127
1159
199
1142
1062
1403
1183
2248
1034
178
1147
1158
1188
1226
1026
1210
1166
1148
1232
1324
1173
895
343
1102
1128
1210
1092
1067
1037
1089
1248
1027
1198
1159
2017
1052
182
1132
1036
1280
1053
1152
1240
1021
1080
1125
133
1895
211
197
1149
1192
1095
1017
179
133
1198
1064
1143
1127
1118
1142
1137
1038
1128
994
133
1381
1171
185
1183
1240
181
1215
1016
187
184
1216
1147
1054
189
1142
1101
277
1300
2285
1183
1097
1145
542
1045
1175
193
133
186
197
1321
1156
1586
1335
1097
1102
1144
198
179
1159
1109
1055
183
1073
196
1189
1234
2290
1139
1116
2108
443
1086
133
1182
196
940
1183
996
348
1127
196
1216
820
1426
1097
218
1131
193
1138
1018
1176
1795
2256
178
1204
1062
132
1101
1096
1693
1126
1206
208
1170
1123
1084
1249
1064
2643
1238
933
1098
1325
195
900
1508
1255
1323
1246
477
1064
1344
1073
1055
1213
1136
1201
1274
1089
1185
1337
1453
1053
983
2415
1113
1206
570
1211
1002
936
1250
1260
1182
2211
1058
176
190
1048
1252
1152
197
1145
1182
1098
1512
2029
1200
1011
1132
1207
185
1174
1158
1137
195
1138
1232
1195
1007
957
1230
188
383
1079
1204
1921
1135
2336
1231
1121
183
1036
1229
1143
133
198
790
1174
198
179
1222
867
179
1188
199
1231
1138
1318
1191
195
1224
182
1145
199
1237
192
1298
471
1313
1267
1161
1165
1188
1288
1037
1296
1194
1082
191
1183
2362
1115
212
1197
1068
1137
1107
1045
1445
1126
133
2140
212
1915
1116
198
179
1164
1174
1198
1768
1010
1255
190
1235
204
897
1177
1061
1024
1166
1225
1234
1267
2154
209
1746
133
206
1197
1186
1186
1064
1170
1304
190
189
1208
2113
1053
195
1118
1126
1168
2437
1176
1129
894
1256
200
1225
198
1062
1094
1239
1762
2170
1152
1126
1166
1308
1061
1212
1386
1466
266
1226
1180
1036
1365
1825
1187
1484
1206
180
1196
204
1149
2209
1141
184
133
192
192
1387
1184
1212
197
1142
190
1313
1191
184
1171
1117
278
1034
931
1266
1164
182
184
1028
1210
1036
1357
970
193
1039
180
189
1140
1169
908
1125
1084
1265
1212
1385
1005
1140
1249
1222
1095
1166
933
1069
2244
1182
1135
1199
1110
1129
1180
923
1131
1114
1299
1207
1190
1061
188
187
1322
133
185
1253
1390
188
1114
1093
1121
1212
1153
1043
1229
1421
191
1220
1216
199
1303
1137
133
985
1089
1229
1001
1077
1167
1123
1129
205
193
1032
945
1194
1426
192
1362
1039
1161
1330
1837
1109
1181
188
2246
1185
186
1104
1229
1100
1159
1122
190
1070
2213
945
198
1316
270
1147
181
1163
1114
1172
1285
1154
1128
1204
195
1201
1215
1197
1187
1507
1219
1279
1238
985
1159
1197
196
1132
1108
1198
1074
1165
1162
1074
2280
188
188
1160
1187
1187
1245
186
1195
982
1283
1375
1130
1059
1269
1198
182
1204
1239
1235
1101
2181
2081
1036
1040
1153
194
1326
176
1451
917
1164
1157
1048
1100
980
1009
1093
329
133
1229
1126
1071
1117
1300
1271
1065
1024
1193
1002
1590
186
187
954
1126
1070
932
1179
191
1088
1157
1213
198
1135
1179
1225
950
1047
888
2054
1174
1212
1056
195
133
1017
1150
2027
1194
1076
1192
133
1196
1001
133
196
1025
1028
200
1117
206
1887
192
1055
