2438
2383
1811
2265
2417
1750
2587
2399
2504
2694
2231
2846
2274
1980
2963
1700
2622
1489
1797
2079
2291
2717
2372
2731
2478
1757
2343
2101
2332
2852
2259
2502
2326
2464
2780
2641
2031
2081
2651
2308
1937
1537
2843
2771
2556
2599
2716
2719
2241
1932
2363
2078
2219
2454
2056
2304
1864
2741
2728
2765
2663
1831
2058
2714
4080
2706
2288
2418
1693
1808
1811
1805
2196
2026
2814
1875
1834
1670
2647
2239
1793
1954
1982
2136
2610
2768
2327
2160
1890
2106
2784
2295
2211
1710
2671
1859
1773
2064
2637
2732
1986
2358
2302
2056
2552
2079
2382
1391
1964
2410
2930
1917
1674
4095
2193
2392
2883
2765
2018
2320
2606
2695
2415
2235
2311
1776
2190
2493
2914
2210
1903
2291
1624
2594
2391
2048
2168
2454
2010
1940
2488
1821
1993
2661
2163
2881
2797
1857
2218
2642
2204
2226
2813
2803
1886
2197
2911
2725
2221
1839
2772
2682
2200
2330
2009
2264
2621
1910
2156
2022
2064
2693
1729
1898
2046
3603
1873
182
2731
1883
2027
1656
2336
2698
166
2013
2673
2669
2700
2249
2269
1920
2130
2146
2319
2580
2642
2682
2006
2205
1811
1863
2030
2279
1853
1825
2574
2096
2122
2639
2109
1908
2240
2804
1974
2676
2705
2041
2561
165
1880
2499
2407
1771
2665
2400
2766
1729
2320
1861
2312
2703
1972
2586
2641
2268
1961
2052
1612
2632
2655
2247
2742
1776
2515
2332
1980
2705
2187
1888
2438
1986
1719
1960
2677
1904
1554
2253
2824
1896
2869
2296
129
1852
1764
2350
1788
1817
2574
1772
2764
2736
2833
2326
1980
2291
1895
2283
2144
2063
2386
1776
2342
2173
2560
2732
2036
2264
1627
2749
2332
2851
2008
175
2767
2767
2737
2263
1647
2109
2658
169
1929
2730
2567
2475
2168
2082
2415
1839
1757
2434
2851
2273
2881
2540
2339
2031
2712
1868
2698
1774
2123
2250
2532
2794
2761
2736
1907
1810
2785
2374
1848
2412
2176
2082
1980
1900
1893
2661
2710
1801
2423
1942
2356
1961
2453
1837
2731
1881
2790
1930
2803
1794
2089
2635
1843
2198
2715
2838
2738
2605
2789
1968
2203
2799
2489
2845
2148
1959
2153
2190
2711
2702
2814
2080
2025
2434
2604
2343
3007
2165
2134
2512
2396
2017
1973
1973
2065
2046
2646
2838
1981
2220
1992
2270
1713
1834
2786
2070
2801
2674
1930
1985
2231
2257
2718
1906
2073
2167
2697
2183
1971
1888
2270
2434
1822
1858
1796
2555
2923
2077
2236
1974
2192
2536
2921
2742
1836
2743
2420
1961
2019
1609
2072
2152
2492
2154
2695
2750
2575
1946
2528
2496
1886
2117
1854
2731
2728
1755
2009
2726
2208
2985
2254
1786
2531
2216
1795
2132
1882
1790
2463
2164
1791
2464
179
1766
1750
2616
2299
1803
2188
2734
2018
1995
1767
2049
2048
1945
1929
2242
2815
2245
2725
2730
2229
2266
2224
2303
2431
2484
216
2284
2664
1855
2332
2728
2183
1861
1742
2071
1633
2051
1819
2748
2484
2665
2642
2728
2536
1850
2321
2279
2572
1984
1936
1822
2804
1903
2893
1999
2735
2534
2403
2700
1934
1974
1636
2802
2068
2201
2338
2290
2613
1972
1698
2584
2125
2243
2534
1715
2046
2612
2227
2718
1974
2446
2194
2722
2705
2317
2111
2461
2077
2835
2740
1817
1860
1955
1902
2737
2776
2495
2785
2472
2165
2484
3226
2225
2664
2792
1928
2416
2809
1756
2045
1936
1888
2588
2604
2143
2832
2249
1976
2511
2759
2156
2426
1807
2242
2776
2752
2390
2644
2810
2113
2024
1988
2764
2049
1990
1891
2770
2375
1766
2019
2485
3322
2488
2276
2612
2421
1840
2615
2359
2762
2711
2836
2846
2328
2138
1943
1998
2299
2619
2830
1941
2304
1559
2688
2340
2532
2177
2592
2214
2410
2444
2740
2865
2126
2009
1842
2674
2677
2020
2271
2169
2200
2089
2469
2307
1891
1874
2875
2140
2902
2322
2767
2072
2721
2394
2692
2526
2050
2438
1831
2080
2211
2000
2826
1872
2310
2584
1895
2799
2722
1887
2718
1971
1949
2013
2599
1946
2286
2684
2165
2447
2531
2321
1989
2296
1982
1771
2452
2691
2558
1714
2647
2681
2027
1968
1795
2710
2745
2820
2627
1887
2619
2350
2336
2909
2248
2246
2762
1760
1838
2639
2298
1941
2293
2373
2663
1695
2200
1872
2435
2639
1930
1987
2601
2620
2782
2607
1901
2567
2902
2759
200
2682
1851
2136
2056
2426
1932
2295
1807
2408
2793
4095
2442
1740
2592
2718
2729
1903
2451
2658
2866
1918
2095
2769
2688
2693
1950
2688
2588
178
1958
1929
2423
2368
1912
1645
2278
1802
2218
2589
2374
2899
2605
2675
2355
2788
2419
1983
2763
1921
1808
2011
2674
2852
2276
2160
2679
2233
2842
2003
1657
2786
2737
2337
2378
3219
2258
2587
1943
1987
1920
2387
2696
2749
1961
1846
2712
1964
2015
1822
2811
2791
1839
2359
1706
2717
2420
2266
2808
2787
2565
1490
2367
2394
1903
1832
2256
2759
2624
1915
2449
2800
1901
2822
1917
2626
1946
1902
2306
2729
1573
2554
167
2926
2083
2068
2782
2643
2132
1938
2389
2687
2381
2658
2862
2809
2199
1840
1904
1943
3425
1721
2553
171
2812
2313
1837
2651
176
2700
2721
2408
2514
2652
2927
1640
2717
1903
2773
2152
1835
2754
1593
1827
2451
2096
1972
2323
2070
1898
1645
2074
1976
2382
2178
2809
2857
2750
1949
2454
1939
2734
2325
2634
2700
2798
2108
2719
1886
2347
1842
2480
2259
2797
2721
2214
2793
1731
2327
1868
2056
2214
1931
1709
2841
2572
2244
2713
2803
1896
2757
1796
1892
2562
2370
1914
3061
1929
2520
2261
2537
2216
2279
2147
1856
1967
1798
2660
2110
1860
2834
1858
2279
2317
2009
1872
2678
2779
1755
1973
2262
2675
1631
2063
2365
2934
2964
1681
1809
2931
2757
2431
2179
1931
176
1978
2378
2812
1972
1936
2106
2120
2458
2033
2817
1999
1964
1955
2512
2641
2261
2399
2500
1622
2668
2714
3120
2683
2685
2084
2304
2489
2326
2143
2833
2753
2363
2661
2751
1559
2408
2278
2214
1955
1887
1965
2709
2768
177
1896
1883
2641
2088
1900
2116
2421
2741
2382
2030
2540
2690
1918
2401
2248
2800
2703
2759
2370
1671
2039
2823
2427
2824
1897
2685
2461
2382
1752
1828
2033
2185
1948
2898
2845
2822
1913
2261
2759
2786
2113
2181
1926
2424
3119
2501
2381
2377
1793
2725
2789
2372
1922
2749
1891
2711
2713
1922
2155
2868
1844
1716
2361
2792
2523
2519
2898
2796
2105
2197
2207
2862
2723
2243
2151
3102
1939
2274
2049
2747
2086
2152
2715
2442
2380
1841
4095
1963
2248
1955
2486
2765
2337
1989
2658
2409
2049
2014
1834
2692
2219
2013
1727
1829
2656
2654
2776
2212
2624
2740
1938
2071
2189
2190
2009
2231
1860
2259
2062
2653
2004
1780
2139
1854
2873
2691
2837
1868
1885
2643
2209
2768
1919
2024
1936
1898
2824
1739
2093
2200
2304
2002
2250
2042
2053
2662
2152
2699
2089
1886
2572
2005
1760
1892
2306
2209
1906
2211
1936
2067
1856
3777
2040
1955
2172
2849
2787
1956
2257
2163
2134
1772
1945
2791
1926
2242
2150
2346
2543
2230
2025
1891
2395
2142
2490
1818
2803
2246
2083
1866
1796
2719
1756
2670
2208
2891
2423
2777
2269
2713
2644
2801
2405
1694
1970
2386
1958
2706
2100
2112
1890
2231
2530
1831
2208
2170
2629
2817
2423
1945
2722
2819
1822
2708
2540
2140
1852
2574
1799
2352
1973
1888
2645
2679
2276
2574
2866
2293
1954
2490
2396
2772
1853
2688
2500
2894
3022
1982
2294
2699
1678
2852
2070
2794
2142
2154
1874
1915
2132
2206
2036
1892
1720
1886
1852
1953
2319
2039
2316
2311
2623
1501
2778
2001
2359
1950
3102
2248
1868
1896
2765
1956
2840
1793
2040
1726
2179
2829
2294
2232
1847
1661
2660
2786
1508
2648
1952
2535
2722
2644
1919
2183
2098
2317
1873
2024
2539
2454
1971
2413
2142
2324
2455
2748
1926
2212
1542
2669
2731
2134
2152
2697
1763
2708
2096
2275
1689
2811
2199
1795
1657
2556
2034
2569
2698
2732
2260
1803
2083
2639
2332
1871
2094
2728
2248
2423
2010
2799
2491
2027
2365
2420
2277
2473
2907
2326
1911
1761
2695
2386
1938
1785
2182
180
1861
2025
2171
1795
1818
2716
2346
1800
1993
2284
2029
2611
1772
2546
1962
1679
2280
1983
1971
1901
1844
2031
1609
1839
1670
2828
2738
2265
2774
2834
2203
2211
3651
2263
2324
2744
2670
2000
2019
1889
2162
2129
1842
1941
2409
2270
2704
172
2264
2914
2741
1791
1819
1970
1829
2666
1980
1810
2127
1860
2082
2416
2768
1904
2729
1916
1771
2660
2284
1921
2145
2078
2348
2003
1626
2009
2159
2155
2106
1865
2163
2304
1891
2244
1635
1916
1974
2733
2765
2017
1780
1783
2166
2133
2122
1802
2454
1746
1763
1974
1798
2765
1978
1807
2621
2696
1766
2726
2415
2391
1963
2366
1893
2387
2551
2116
1833
2514
2745
2490
2587
2532
2044
2337
2764
2193
2305
2176
2089
2331
2047
2183
2227
2049
1840
1866
2563
2800
2632
2346
2091
2455
2775
1825
2187
2751
2845
1929
2021
2315
981
2676
2755
2530
2000
2783
2246
2322
2857
1865
2406
1999
1814
2448
2326
1954
2691
1920
2342
2749
2281
1771
2788
1906
1931
1774
3212
3062
2505
2898
1788
2870
1919
2489
2920
2539
2645
2095
1873
2665
2125
2702
2008
1797
174
2560
2826
2827
2694
2433
3831
2233
164
2251
2223
1887
1863
2339
2368
2314
1865
1909
2792
2659
2169
2746
2712
2812
2265
2059
2060
2135
2173
1640
1999
2746
1970
1806
2341
2682
2644
1981
1843
1826
1960
1993
1751
2026
2045
2641
2912
4095
2690
1887
1994
178
2057
177
1938
1957
2680
2528
2288
2233
2583
1728
2210
2612
2034
2768
2170
1754
2157
172
2438
2308
2743
1979
2836
1911
173
2423
1700
2275
2142
2381
2223
2649
2380
2235
2694
2580
2034
2209
2352
2860
173
264
1987
2085
2857
1982
2178
2332
1976
2056
1848
2231
1798
2149
2814
2626
1762
2335
2584
1866
1938
2937
2496
2208
1818
2460
2713
2124
1910
2711
2461
1846
2926
2090
2369
1636
4095
2125
2063
1910
2767
2324
2168
4095
1670
1910
2637
2328
2837
2327
2601
2798
1827
2591
2410
2542
2736
2861
226
2647
2805
2749
2541
2488
1796
1898
1887
2352
2723
1795
1914
2166
1862
2756
1959
1882
2494
2312
2747
1806
1798
2059
2678
2827
2869
2688
2756
2648
2726
1980
2363
2322
2655
2262
2659
2384
1856
2180
2288
1974
2673
1928
2202
2162
2928
2012
1940
2430
2475
2544
2697
2049
2761
2088
2229
2519
1798
2061
2042
2032
2261
237
1712
1890
2165
170
2336
2200
1817
1959
2360
2223
2539
2722
2537
2744
1725
1890
1843
2789
1894
2074
1931
2462
1846
2695
2858
1938
2227
2271
2727
2156
2594
2226
2792
2490
2260
1797
1939
2718
2862
2787
2275
1962
1799
2680
2088
1779
2780
1998
2134
2256
2701
2389
2051
166
2746
2409
1824
2771
2823
2428
1915
1849
2065
2100
2405
1561
1941
2094
1987
2843
2722
2254
2338
1844
2634
2347
1940
2052
2712
2798
1851
2733
1909
1924
2644
2662
2780
1854
2635
1810
2270
2706
2711
1671
2875
2617
2744
2467
1803
1770
2781
2605
2746
1855
2015
2060
2223
2626
1753
1957
2594
1809
2752
2222
2478
2213
2681
1896
2564
2311
2079
2530
1769
2789
1967
2124
2842
1954
2637
2372
2043
2647
2868
1956
2139
1997
2247
2305
2006
2230
2217
2034
2859
1975
2196
2202
1970
1737
1950
1803
177
2299
2451
1857
2283
1946
1846
2010
4057
178
2338
2225
1889
2489
2874
2399
1776
2716
2783
2676
2728
2168
1929
2720
2494
1970
2286
2791
2834
1922
2636
1763
1991
2638
1764
2837
2113
2502
1995
2118
2428
1713
2713
2083
1922
2620
2318
2801
2458
166
2780
2148
3075
2006
1818
2771
2260
2110
2685
3106
2128
2512
2448
2770
2401
2465
2134
2774
2743
2212
2128
2790
2581
2509
2263
2320
2262
2087
171
2803
2069
2758
2797
2390
1999
2494
1850
2374
2444
2628
2864
2348
2132
2848
1910
2683
1646
2646
2446
1677
1837
2139
2002
2733
2121
2691
2227
1766
2361
2579
1811
2703
2546
2787
2560
2380
1843
2555
2805
2194
2727
2861
1962
2734
2348
2591
1864
2814
1808
1954
1998
2716
2658
2053
2778
1903
1921
1909
2097
1834
2713
1923
2204
2330
2767
2699
2005
1906
1919
2768
1815
2802
2392
2543
2581
2387
1791
2625
2431
2344
2408
2172
2266
2795
1962
2711
2780
2655
2049
2357
1519
2749
2713
1963
1599
2069
2802
2494
1854
2360
2150
2715
2685
1951
1903
2371
2011
1871
177
2263
2103
2018
1777
2306
2213
1956
1913
2737
1912
2361
2009
1922
2432
1967
2832
1824
1808
2501
1814
2737
2056
2844
2125
1740
1866
2789
2606
1894
2488
1854
2235
2175
1790
2145
1812
2048
2017
1657
2251
1883
2897
1964
2304
2254
1934
1911
2420
2720
1736
2883
2099
2144
2421
2615
1791
1874
1997
1697
2112
2757
2659
2138
1849
2595
2222
2075
2042
166
2483
2040
2957
2053
2746
2259
2690
2853
2785
1838
2647
2782
2218
1836
2720
2641
2690
1908
2800
1769
2732
2332
2281
2302
1873
2346
1899
2095
1743
1859
2711
1928
2774
2276
2711
2212
1999
1879
2787
1870
2202
2046
1978
1750
2024
2713
2482
2470
2273
1822
2355
2830
2351
1953
2068
2261
1976
2007
2285
2224
2038
2043
2653
1984
1948
2744
3043
2498
2239
2356
2902
2577
2180
2446
2256
1878
2092
2545
2733
2564
2814
2016
1990
2382
2136
1911
2708
1853
2596
1768
1775
1978
2583
2710
1769
2749
2860
2370
2497
1911
1947
1919
2289
2000
1910
2856
2570
1871
2239
2076
2015
2324
2160
2008
2427
2049
2828
2546
2464
2220
2695
2702
1975
2934
2808
2838
2896
2420
2417
2038
2305
1966
1826
2199
2396
1915
2645
2536
2394
2752
1855
2837
2490
2710
2706
2315
2396
2307
1791
3230
2080
2923
1961
2062
2030
2210
2607
1941
2814
2759
1896
2604
2571
1877
2226
2775
2622
1902
2351
2790
2843
2193
2287
2435
2348
175
2712
2408
1921
2126
1803
1697
1991
2820
2708
1850
2739
2191
2275
2592
2130
2327
1804
2837
1904
1804
2744
2042
2812
1895
2350
2296
1792
1958
2797
2010
1821
2747
2662
1977
1832
2186
2023
2193
1665
2788
2479
2718
1905
2378
2700
1806
3090
1856
2825
2742
2783
2426
2270
1851
2804
176
2654
2718
179
2000
2429
2334
2298
2150
2638
2153
2680
2292
1943
2928
1965
2506
2149
2390
2050
2762
2583
1954
2293
2676
2667
2154
2675
2760
2403
2815
2222
2742
2184
2855
2187
2750
1876
2187
2086
2085
2152
2423
1734
2762
2065
2229
2860
2679
128
2185
2417
1801
2073
2722
2091
1949
1953
1980
2420
2282
2681
2088
2314
2210
2362
1992
1651
1929
2272
2071
2219
2011
2204
2446
1858
1908
2126
2011
1886
2679
1942
2399
1851
2131
2739
2848
1871
2645
2056
2088
2746
1905
2383
1988
1667
1717
2210
2056
1972
2585
2829
2384
2668
1942
2682
2645
2055
2918
2605
1817
2817
2746
1919
1800
1763
2725
2191
1832
2230
2279
2033
2896
1879
3094
1791
2720
1712
2836
2674
1999
2831
2577
2243
2196
2350
1980
2015
2132
2875
2173
2690
2379
2441
2180
1972
2081
2437
2805
2133
2685
1979
3285
2044
1923
1789
2398
1909
2857
1972
2772
167
2206
2629
2387
2823
2492
2687
1832
2272
2661
2812
2638
2569
1918
2895
1812
2643
2752
2731
2046
2709
171
2689
2029
2424
2835
2770
1778
2648
2112
2189
2463
2730
2185
2781
2094
1993
1818
2422
2428
2309
2758
2798
2775
2328
2158
2814
2404
1890
2829
1926
2612
2078
2777
2110
2111
2267
1996
2136
2097
2404
2865
2051
1718
2451
2046
2712
2785
1818
2330
3613
2718
1754
1945
2701
2833
2383
2766
2368
2123
2671
1770
1869
2013
2172
1743
2786
1829
2092
2406
2257
2021
2016
1926
2019
2729
1604
2277
2756
2690
2304
2689
1890
2032
2782
2640
2625
2897
2808
1727
2249
2745
1917
2818
2710
323
2418
2170
2051
2546
2489
2096
2707
2380
2864
2762
1790
1886
2162
1738
1987
1931
2136
2709
2508
2828
2796
4095
2224
2431
1626
2458
2886
2288
168
2807
2673
1931
2437
1860
2562
1726
2736
2499
2193
2348
2896
2850
2680
3873
3967
2757
2031
2657
1581
1786
2777
2006
2093
2010
1979
2809
2388
2672
2636
2832
1778
1944
2425
2332
2104
1722
2744
2400
1726
2182
2878
177
2839
2758
2699
2363
2213
2073
2874
2244
1753
1916
2720
2033
2048
2675
2742
2736
2679
1589
2792
2438
2785
2366
2543
3051
1813
2242
2100
1899
2622
1830
1609
2663
1931
2170
1975
2425
2886
1919
2415
2749
2774
1726
1967
2699
2868
1911
2672
2070
2693
2116
1940
2299
2155
2431
180
1842
1656
2387
2751
1945
2384
2006
1893
1844
2065
2401
2583
2880
2735
1856
2631
2733
2140
1959
2031
2645
2279
2243
1805
2348
2746
2637
2708
175
2583
1999
1851
1911
1595
1868
1988
2036
2199
177
2829
2677
2714
2881
2832
2519
2225
2750
2757
2817
2723
1917
2826
2691
2741
1948
2618
2058
2302
2701
2893
2609
1933
2640
1804
1843
1790
2853
2270
2617
2740
2153
2482
2126
2523
2701
1770
1863
2236
2275
2320
1929
2754
2633
2173
2256
2287
2347
1680
2669
2599
2849
1892
2039
1817
2510
2239
1839
1783
1839
1837
1857
2500
2252
2297
2819
2688
2391
2792
2483
2027
2032
2709
2165
2599
1859
2270
2399
2382
2941
2576
2721
2004
178
2354
2102
1794
2091
1903
2908
1620
2257
2228
179
1852
2225
1964
2785
2653
2706
2732
1954
2220
1731
2806
1757
1673
1867
2680
3223
2749
3066
2176
2113
1814
1964
2659
2137
2225
2616
2709
2304
3063
2244
1794
1908
2008
2029
2064
1824
1936
2252
1695
2781
2227
2802
2040
2746
2814
2341
2608
1839
2170
2617
2719
1910
2339
2477
2656
1944
1871
1852
2332
1901
2194
2863
2317
2715
1989
2221
2739
2586
2742
1638
2213
2156
2018
1829
2706
2641
1950
2420
1947
1804
2850
1953
1947
2176
2698
2332
1870
2351
2684
2211
2696
2009
2376
2170
2935
2722
180
2089
2824
2144
3449
2201
1921
2861
2535
2032
2744
1891
2660
1806
2158
1858
2962
2634
2107
2572
2489
2394
2654
2071
2106
2247
2685
2167
2730
2276
2831
1731
1991
1948
2908
2586
2560
2736
2242
1922
1977
2477
2118
2693
2200
2807
2454
174
2809
1694
2612
2483
2804
2262
2746
1787
2582
166
2673
2560
2349
2228
1824
1909
2227
2408
2051
2515
2758
165
1751
2219
2248
2099
2157
2673
2474
2627
2365
2827
2264
2745
1972
2818
2631
2192
1777
2183
1712
1860
2690
1979
2673
2643
2091
2749
2715
2798
2201
2685
2268
2213
2039
2444
2647
1739
2211
2289
2714
2062
2619
1916
1778
2804
2095
1588
2014
2736
2861
2113
1872
1814
2678
2054
1980
2112
1919
2067
2623
2506
2541
2430
2711
2894
1772
2723
2808
2442
2766
2835
1785
3316
2117
2697
2261
2226
1994
2311
2007
1723
1941
1780
2600
1958
1854
2666
2142
1921
2675
2747
1790
2054
2326
2082
1979
1614
2368
1768
2697
2705
2089
2132
2759
2882
2339
1685
2108
2277
2297
2041
1843
2761
2774
2108
2439
2560
3638
2684
2079
2440
2656
2091
1994
1737
2750
1915
1886
1839
1284
2765
1589
1751
2002
1690
2067
1956
2378
2704
2181
129
2637
2103
2406
2443
1931
2701
2771
2833
2493
2080
2567
2016
2346
2310
1882
2479
2388
2506
2779
2655
2467
1961
2844
2027
2791
1786
2580
2021
1789
1980
1867
2567
2007
1833
2345
2657
1862
1981
2565
2814
1626
2515
2111
2838
1700
2767
1955
2045
2013
1923
1873
2788
1765
1984
2778
1868
1716
2468
2085
2649
2093
1993
2375
2673
2809
2333
2335
2569
2162
2046
1750
1949
2192
2236
2800
1890
1766
2821
2200
2720
1845
166
2326
2843
1921
2296
2218
2264
1851
1791
1752
2645
2282
2037
2208
1935
2214
2698
2774
2694
2675
2431
2051
1982
3189
2158
1892
2717
2633
2608
2889
1931
2624
2200
2011
2151
2313
2269
1835
1867
2671
1890
1685
2718
2067
2901
1837
2329
2697
2535
172
1833
3968
1985
1552
2261
1954
1924
1777
2924
1678
2118
3045
2645
2728
1930
2083
2036
2426
2352
2431
2616
2479
2137
1834
2512
2670
1837
2633
2255
2663
2351
3062
2925
2001
1888
1750
1625
1942
1703
1842
1980
2526
1970
1789
2146
2452
2106
2053
2545
2327
1920
1903
1755
1733
2143
2662
2215
1725
2738
2367
2637
1742
2342
1638
1990
1933
2763
2298
1677
2037
1941
2763
2328
2752
2791
2821
2094
2502
1745
2138
1855
1869
2291
1751
2210
1896
2810
2560
2554
2300
2701
2761
2846
2191
2180
1966
2138
2137
2146
2660
2433
2192
1803
2307
2266
1920
2460
2420
1737
1948
2808
1535
1615
2594
2237
2356
1926
2408
2396
2652
2185
2774
2681
2421
2802
2713
2129
2830
1962
2154
1829
2492
2860
2462
2760
2336
2332
2230
2540
1837
2410
2057
1798
1741
2812
2379
2128
2860
1680
2205
2185
2826
2263
1955
2179
2608
1694
1810
2861
2761
2771
2155
2839
1864
2121
2242
2574
2749
2250
2354
1856
2069
2454
1678
1788
2304
2795
2011
2094
2124
2025
2081
2890
2412
2627
2685
2446
1989
2128
2048
2072
2361
2316
2527
1858
2942
2731
2168
1948
177
2357
2377
2476
1958
1952
1890
2749
1876
2272
1950
1884
1710
1943
1795
1951
2544
2745
2103
1855
2652
2837
2028
2794
2196
2693
2066
2688
2610
1932
2749
2590
2001
2939
2352
2629
2344
1921
2137
2545
172
1797
1768
2325
2019
2742
2514
2708
2678
2684
2717
2321
2779
2629
2674
2661
2608
2941
2338
2712
2796
2697
2865
2192
2787
1672
2240
2231
177
2280
2702
2692
2097
1797
2255
174
2292
2246
1824
2832
2676
1922
2333
2740
2759
2730
2648
2301
2047
179
1880
1924
2095
1900
2259
2614
2081
3583
2735
2424
2704
1742
2184
2894
2636
1960
1765
2723
2071
2275
2527
2158
2266
1761
2552
2138
1978
2432
2284
2164
2076
2319
2770
2122
2012
1857
1760
1911
2637
2950
2682
2114
2418
2673
2501
2183
2747
2778
2782
2661
2184
2743
2791
1683
1793
2016
2421
2837
2591
1967
1874
3577
2173
1942
2709
2436
2765
1918
1783
1851
1769
2179
2833
2141
2930
2294
1687
2228
2033
2701
1875
2213
2738
1986
1896
2802
2045
2065
2661
2466
2408
2028
2231
2397
1868
2645
1901
1831
3702
2236
2197
2765
3027
2814
1717
2075
2385
2655
2353
2240
2427
2793
1899
1849
1832
2779
1946
2688
2080
1942
2264
2279
1967
1945
1739
1902
2212
2812
1922
2716
2503
1850
2517
2770
2418
1968
2092
2100
2757
1845
2792
2128
1918
2571
1997
2632
1836
2498
2705
1823
2813
2231
1859
2238
2557
172
2184
2685
2826
1926
2415
1920
1848
1911
1791
2734
1953
1971
2378
2757
2704
2995
2710
2693
1579
1782
2208
2814
1782
1723
2753
2504
2182
2777
2633
1833
1724
2194
2220
2225
2730
1862
2065
2592
2717
2399
2036
2741
2134
2624
1872
2465
2726
1926
2709
1982
1961
178
2243
2718
2881
2632
2279
1912
2257
2708
2923
2919
2736
2224
2023
1902
2485
2462
2844
2576
1556
2105
2774
2552
1745
2395
1939
2534
2741
2804
2120
2598
2317
2466
2671
2767
1926
2752
2324
2011
2076
2828
2624
2701
2196
2815
2709
2701
2358
2756
2347
1896
1749
2582
2290
1737
2959
2136
1981
2167
2789
1769
2333
2602
2761
1933
2615
1856
1909
2844
2391
2771
2125
2183
2368
2727
2623
2072
2818
4095
1928
2792
1946
2187
2194
2330
2737
1707
2024
2201
2462
2238
2652
2022
2005
2517
1915
2393
1964
2841
1907
2270
2818
2107
2740
2774
2712
2397
1950
2328
2729
2429
1958
2165
2659
2102
2520
2155
2806
1853
2299
2289
2675
2320
2265
2103
1983
2754
2394
2142
2786
2659
2224
2418
2243
2758
1992
2288
1866
2584
2315
1827
2658
2751
1857
1662
1607
2749
2150
2263
2320
2148
2817
2137
1853
2912
2850
2751
2068
2305
2672
2286
2666
2094
2045
1970
1523
2189
2767
2589
1915
2867
1985
1654
1992
2496
2753
1729
2589
2938
2455
1974
2298
1537
2110
1741
2733
2807
2468
2325
2671
2223
2011
2284
2456
2895
2748
2743
2762
2582
2919
2274
2699
1879
2549
2265
2402
1767
1678
2638
2501
1565
2318
2698
1717
1766
2684
1929
2746
1818
1975
2738
1980
1762
175
2679
2013
2222
2137
3085
2657
2405
2801
2248
2833
2125
2144
2830
2666
1776
2361
1797
1976
2089
2493
2092
2387
2677
1995
2708
2936
1856
2093
1839
1768
1908
2792
1995
2054
2846
2344
2701
2655
3588
1955
2212
2229
2025
2817
1881
1858
1935
2641
2130
2881
2068
1964
2038
2813
1685
1666
2322
2101
2369
2345
2843
2793
2723
2237
2964
2058
1767
2355
2348
3018
1963
2537
2632
2033
1859
2076
1986
2533
1970
2780
2712
1850
2113
2663
1814
1911
2105
2765
2675
2475
2853
2669
2744
2036
2674
2177
2853
2137
2617
1708
2468
2546
1769
2704
1838
2056
2183
2796
2382
1889
2073
2772
2628
2772
1988
1900
2702
2372
2423
1639
2310
2654
2450
2760
2124
2772
2832
2731
2211
1804
1943
1906
2343
2686
2844
2542
2769
2346
1763
2682
1811
2556
1737
2544
2385
1814
2709
2685
2685
2156
2660
1725
2391
2262
1891
2342
1789
1784
2419
2608
1928
2006
1824
2014
1980
2276
1951
2804
2684
2004
2036
2173
2058
2392
2581
2555
1561
2313
1972
1850
1816
2273
1932
2636
1783
2497
2815
2381
2264
2840
2331
2340
2144
1957
1898
1838
2031
1905
2017
1979
1804
3707
2795
2712
2895
2647
2412
2750
2790
2710
2680
2836
2582
1766
2252
2209
1896
1947
2073
1688
2300
2704
1732
1983
2536
166
2801
2208
2834
2404
2007
1890
1846
2493
1844
2024
2753
2013
2536
2744
2075
2727
2662
2358
1880
2262
2129
2794
2509
2654
1802
2073
2885
2252
1917
2233
1603
2420
2706
2638
1807
2196
2803
1899
1955
1911
2271
2261
2737
1893
2615
2263
1821
2814
2629
2325
2736
2421
2039
2175
1777
1900
2319
2319
2182
2521
2259
2132
2192
1868
2762
2703
3783
2792
2673
2623
2721
2377
2619
2785
3628
2673
2031
2121
2710
2388
2804
2714
1820
2805
1610
2011
2746
3172
2773
2698
2347
2930
2765
1735
3351
2693
2754
2340
2790
2308
2757
2618
2522
2727
1909
1900
1833
2408
1775
2350
2069
2605
2071
1763
2688
2027
2843
1845
170
2279
2159
1966
2050
2272
1708
1972
2004
2665
2450
1949
1999
175
2410
2198
2625
2242
2639
2543
2066
2731
2109
2654
2793
2562
2032
2398
1842
2819
2276
2822
1816
2751
1935
2828
2739
2027
2761
2760
2209
1829
2737
2602
1929
2362
2708
1913
2827
2762
2677
2687
1961
2414
1730
1828
2108
1974
2715
2732
2965
2766
1690
2713
2082
2798
2138
2466
1754
2332
1810
2645
2664
2064
2875
2898
1881
2129
2600
2126
2160
2508
2413
176
2793
1907
2204
1831
1905
2725
2660
2757
2307
1959
1761
2373
2803
2472
1993
1624
1995
1476
2076
2445
2227
2318
1965
2298
2324
2410
2779
2609
2045
2037
2703
2427
2858
2058
2651
2021
1892
1872
1788
2772
2741
2184
2752
1857
2456
2316
1892
1998
2040
1917
1815
2675
1950
2626
1979
2316
2327
2394
1937
2432
1716
1852
2183
3285
2679
2537
1959
2567
2440
2288
2251
1964
2166
2243
2796
2979
2872
2484
1736
2008
1696
2799
2074
2728
2104
2387
1972
2040
2787
1785
1699
2392
1946
2624
2334
2574
2102
2638
2638
1871
2678
2061
2027
2176
2719
1599
1834
2387
2266
2673
1708
2792
1876
1866
2904
2197
1741
2283
2670
169
2875
2724
1821
2114
2649
2365
2063
2788
2004
2325
2074
2590
2759
2292
2721
2391
2366
2638
1827
2700
1996
2254
2785
2524
1550
2635
2556
2085
2824
1844
1630
1838
2332
1887
2351
1904
1746
2143
2057
2304
1846
2232
1712
2756
2735
2425
2282
2346
2732
2803
2194
2430
1856
1780
2278
2784
2240
2104
2157
2519
3143
2704
2168
2135
2172
1939
2250
1838
2326
2341
1861
2182
2759
2707
2056
2205
1863
2765
2639
2361
2333
2523
2201
2744
2703
2779
2261
1810
2897
2035
2316
2780
179
2752
2330
2186
1478
1897
2264
1940
2769
1869
2785
2850
2772
1804
1957
2104
166
2123
1947
2699
1940
2777
2377
1972
1840
1981
1944
2460
1842
1970
1954
2740
1881
2521
2339
1990
2212
2805
2746
2043
2904
1812
2728
2345
2900
2736
1851
1857
1783
2698
172
1970
2897
2302
1980
2801
2669
2706
2762
1840
1747
1936
2249
1853
2789
1717
2640
2832
2142
2173
2205
3259
1721
1956
2790
2985
2863
2382
1994
2765
3011
2565
2467
1654
2722
2299
2555
2749
2152
2406
2191
2408
2404
2139
2548
2755
2009
2809
2212
2736
2038
2214
1861
2745
2590
2228
1862
1833
2332
1908
2336
2811
2782
2756
1811
2750
1851
2697
2376
2497
1846
1863
2601
2026
2683
1829
2307
2290
2464
1937
2633
2059
1653
1928
1843
1952
1864
2761
2450
2169
1510
1873
2045
2320
1806
1931
2787
1955
2775
1903
2506
2077
2292
2661
2809
2294
2309
1840
2252
2900
1725
2421
1780
1791
1868
2377
2596
2383
2669
1848
2329
2235
1629
1733
2425
2688
2251
2062
2251
1715
1937
2098
1851
2278
2577
1816
2237
2215
2198
1873
2000
2798
2468
2177
1797
1944
2015
1695
2161
2670
2000
2223
1962
2222
1784
2688
2513
2702
2938
1729
2308
1991
2202
2255
2324
1931
1898
2669
1791
1750
2215
1992
2038
2555
1814
2765
1909
2666
1996
2497
2851
2001
2158
2302
2700
2833
1852
2064
2828
2352
1699
2039
1972
1880
2848
2088
2726
1632
3001
2220
2264
1643
2477
2285
2368
2057
2699
2061
2228
2033
2774
2268
1899
2170
2674
2805
2315
2137
2804
2744
2690
2356
1985
1737
1867
2148
175
2203
1887
1887
2040
2728
2051
2701
2263
1958
1983
2804
2849
2441
2634
2723
2283
1804
1893
2757
2072
2531
2622
2084
1880
1734
2732
2346
2668
2554
2284
2730
2736
2085
2721
2759
2024
2650
2766
1890
2699
1742
1864
2647
2784
1884
2308
2324
2454
4095
2347
1969
178
2172
2217
1644
3593
2093
2331
1857
1884
1922
1851
2288
2732
2068
2372
2473
2815
2060
1983
2368
2874
2626
1937
2735
2294
2805
2749
2193
2138
2290
1889
2501
2673
1893
2256
1995
2106
1970
2671
1637
2783
2736
2370
1727
2676
2334
2839
2652
2596
2179
4095
1777
2777
2544
2486
2084
3189
1969
2314
1882
2503
2783
1979
2200
2818
2046
1910
2044
1946
1825
2805
2695
1906
2645
1958
2279
2717
1846
1999
2050
2116
1805
2293
2188
2350
2197
1973
2788
2296
2209
1904
2432
2641
2925
2766
2241
2848
2015
1797
2748
2806
2341
1906
2768
2796
2896
2775
1847
2219
2258
2164
2186
2985
1882
2123
2268
1930
2093
2883
2749
2696
2375
2716
2130
1832
2180
2682
2870
1876
2581
2488
1838
2796
1890
1876
1937
2707
2582
2932
2699
1945
1919
1928
1925
2292
2679
1904
1909
2358
2856
2678
1619
1887
1777
2731
2406
2560
2691
2831
2131
1634
2789
2236
1764
2730
2230
2311
1905
1827
1874
2883
3028
2125
2569
1978
2845
2734
2649
2518
2248
1849
2665
1805
181
2124
2789
2667
2072
1785
2234
2004
1903
2710
2251
2335
2731
1707
2814
1899
2198
2334
1889
2764
2690
2342
2052
2658
1934
1878
324
1978
2907
2253
1875
2265
1669
2063
2032
2426
2864
2760
2196
2137
2763
1994
2789
2827
2728
1983
2862
2608
2220
2701
2235
2868
2525
2210
2358
1973
2692
2196
2733
1967
2775
2019
2097
1876
2637
2660
2704
2459
2593
2060
2127
2689
2752
2367
2280
1918
2462
2701
1922
2071
2184
2246
2705
1940
1929
179
2069
1847
2368
1841
1945
2652
4049
2301
2535
2793
2033
1870
2443
2689
2092
1907
2403
1614
2098
2879
2507
2691
2279
2715
2215
2763
2831
2341
2723
2577
2046
1969
1845
2801
2025
2365
2817
129
2458
2815
1673
2774
2222
2829
2761
2472
1606
2585
2710
1939
2861
2385
1936
2288
2415
1844
2641
2118
1942
2636
2725
2275
2725
2267
2575
2749
1992
1901
2252
2842
1957
1576
2636
2462
2811
2107
2266
2737
1904
2048
2033
1987
2832
1952
2902
2376
1846
1925
2624
2187
1901
2728
2338
2204
2666
2038
2166
2841
2382
2442
1795
2702
2438
2606
2068
2705
1846
2115
1990
2728
2172
2302
2677
2373
2790
2133
2769
2774
2811
1961
2924
2458
1741
1725
1947
2786
1850
2726
2896
2446
2254
2034
2614
2259
2881
2177
2796
2088
2793
1690
1998
2617
1798
2162
2301
2245
1965
2560
2837
2335
2486
2423
2891
1878
2725
2196
2051
1933
2296
2616
2751
2483
2280
2879
1865
2786
2866
2091
2641
2295
2763
2578
2236
1913
1969
2160
2768
2388
2060
1893
2290
2760
1832
1988
2222
1995
2603
2449
2256
2636
1903
2680
2287
2858
1924
2687
2777
1780
1698
2042
2126
2218
2314
2065
2313
2017
2794
0
2183
2555
2850
1814
2380
2354
1813
2778
2500
2563
2168
2778
1652
2221
2077
2546
2771
1950
2684
2515
2756
2182
2727
1879
2241
2314
1785
1883
2407
2648
2212
1799
1745
2652
2670
1875
2412
2279
1927
2711
2028
2177
1933
2700
2669
2265
2030
1890
2720
2653
2199
2016
2819
2864
2420
2846
2073
2216
2073
1844
2206
2289
2040
1572
2659
2232
2755
2664
2080
1767
1890
2168
2675
2658
1847
2281
1950
2819
2753
2815
1797
2383
2832
2923
2478
2175
2355
2315
2118
1994
2114
1738
2701
2372
2712
1841
2880
2767
2522
2468
1930
2431
1728
2663
1990
2801
2570
2743
2226
1902
2179
2656
2824
2092
1933
2081
2238
2036
2319
2752
2688
2761
2200
2553
1999
2107
1786
2938
2683
2409
2777
1903
2371
2342
2051
2644
2861
2068
2905
2768
1898
2170
2539
2811
1887
2351
2841
2112
2664
2738
2264
2030
1925
2347
167
2805
1758
2881
2762
1911
2438
2308
2322
2873
1953
2785
2447
2165
1726
2045
3880
1850
2455
2270
2196
2463
2597
1992
2652
2742
2000
2114
1739
2182
1899
1892
1715
1963
2429
2080
2847
2817
1895
2453
2565
1993
2624
2655
1835
1926
1822
2063
2239
2811
2657
1857
2676
2495
2237
2796
2723
1941
2697
2703
2828
2028
2864
2853
2141
1816
2242
2767
3413
3010
2150
1964
2249
2604
2636
1750
2180
1810
1902
2550
3330
2189
2833
2005
2779
2081
2122
2597
2619
2783
2632
2450
1905
2394
2768
2072
1951
2267
1830
2863
1872
2435
2836
2840
2707
2274
2959
2431
1898
167
2784
2179
1635
1962
2027
2389
2740
2803
2693
1862
2065
2756
2570
2750
4095
2596
2796
1780
1839
2746
2540
1983
1897
2415
2951
1799
2536
1698
2792
2214
2472
1919
1697
1932
1823
2032
2018
2624
2653
2867
2276
2606
2861
2003
1715
2681
1738
1821
1805
2357
2707
2772
2006
1956
2180
1936
2304
2324
2363
2932
2988
2750
1775
2090
2666
2253
2217
2343
2576
2045
2142
1668
1835
1984
2491
1927
2353
2216
2091
2741
2002
2645
1903
2748
2033
2062
2249
2002
2475
2005
2109
2335
2424
2042
2232
2501
1931
1939
2813
2667
2788
2353
2711
2152
2103
1866
2378
1938
1850
2086
2878
3004
2144
2720
1548
2765
2365
2187
2696
2689
2837
2102
2722
2779
2131
1731
2829
2242
2114
2701
2276
2222
2850
1980
2624
2382
2671
1585
1983
2470
2451
2691
1976
1857
2785
1858
1926
1990
1877
177
2476
1791
2132
1821
2055
1939
2734
1910
2019
2218
2690
2590
2730
1661
177
2057
2031
2507
2799
2310
2110
2837
1952
2730
2926
2881
2411
2141
1896
1879
2005
2253
2033
2213
2750
2024
2790
2774
1988
2372
179
2068
2152
2700
1850
3463
2057
2767
2814
2539
2434
2140
2708
2433
2083
2083
2086
2035
2628
1962
2019
1953
1925
2332
2684
1690
2210
2552
2192
1921
2410
1910
2719
1739
2463
2663
2222
2896
2149
1974
1834
2672
2440
2399
2354
1684
2266
2000
2844
2734
2573
2737
1918
2623
2616
2410
1979
1858
1809
2639
2704
2655
2728
2507
2361
2020
2621
2555
2744
2918
2866
2894
1960
2686
1817
1830
1934
2738
2673
2650
2696
2171
176
2325
2145
2096
2236
2441
2468
2495
2267
2737
2052
2825
2521
2035
1760
2587
1971
2641
2146
1989
2277
2599
1901
2033
1842
1711
2769
1904
2308
2688
2277
2731
2081
1950
1925
2418
2512
1570
1887
2172
2864
1945
1824
1903
2621
1996
2362
2353
2028
1862
2877
2717
1816
2689
2426
1837
2554
2756
1999
2595
2292
2115
2764
1791
2063
2241
2785
2384
2640
1961
1836
2083
2750
2772
2386
2853
2713
2286
2317
2775
2546
1900
1872
2668
2024
1958
2653
2070
2209
1997
2030
2326
2232
1941
2029
2763
2846
1923
1873
1706
2005
2146
2411
2814
2888
2498
2104
2087
2794
1961
1914
1844
2174
2175
2882
1822
2765
2421
2214
2523
2661
2107
2167
2359
1786
1861
2154
2032
1742
2682
2015
2825
2729
2816
1661
1953
1944
2772
2066
1805
2491
1874
2352
1876
2018
1994
2517
2209
2631
1939
2729
2730
2841
1751
2271
2707
2095
2466
1649
2407
2858
2261
2192
2284
2045
2341
1901
2115
2716
2346
2030
2338
2135
2850
2653
1691
1992
1580
2442
2601
2164
1966
1886
179
2418
1938
2506
2002
2770
2260
2766
2350
1713
2326
1890
2616
2815
2745
2625
2818
2644
1581
2055
1794
2315
2747
2791
2348
1859
1906
2269
1743
1919
2105
1604
2778
2142
2754
2616
2420
1980
1903
1880
2076
2516
2230
1939
2814
1986
1864
1932
1975
2511
2564
164
2720
2120
2030
1833
2466
1802
2748
1897
2687
3052
1790
2862
2797
2069
2846
2895
1856
2242
2190
2574
1878
2705
2269
2034
2140
2072
1921
2836
2757
2501
1833
1562
2362
2149
2274
2289
2340
2426
2293
1937
2553
2032
2007
2018
2688
2861
2024
2320
2765
2876
1716
1961
1995
1927
2194
1956
175
2212
2284
2736
2009
2380
2149
2317
2034
2016
1659
1846
1936
2630
2628
2826
1890
2665
2727
1967
2223
2699
2202
2024
2637
2765
2649
2703
179
3638
2036
2432
2274
2927
2643
4095
2204
2891
2363
1892
2594
2598
2551
2814
2518
2319
2770
2343
2378
1824
2718
2511
2779
2349
1820
2141
2693
2381
2679
2494
1973
2092
1816
1788
2666
2050
2072
2774
2123
2478
2532
2549
1922
2323
2596
2720
2801
1869
2495
2733
2116
2198
1951
2064
2760
2651
2024
2560
1961
2780
2764
2348
3123
2388
1979
2298
2717
2315
2123
2281
2184
2818
1881
1967
2471
2603
2236
2181
2329
2786
2506
2852
2100
2248
1881
1904
1949
2611
2776
2283
1768
2726
2064
1789
2359
1862
2938
1907
2497
2211
3046
2799
1628
2777
2813
1858
1794
2720
2107
178
2131
2888
2758
1959
2590
2691
2363
2134
2637
1718
1731
2049
2275
2699
2747
1779
2648
2720
2877
1767
1986
2950
4095
1785
2726
2008
2470
2425
1978
1659
1801
2004
2832
1600
2289
1983
2806
2244
2718
2845
2686
2788
2732
2375
1743
2487
2057
2336
2797
1760
2695
1939
1810
2023
2809
1805
2189
2141
2128
2818
1877
3037
2814
1797
2678
1784
2141
2489
2209
2777
2214
1886
2863
4095
2342
2848
1752
2766
1877
2135
2842
2476
1961
2095
2787
2139
170
2235
2733
2001
1891
2760
1908
2470
2758
2016
2429
1818
1882
2885
2002
1609
1994
2257
2903
2779
2721
1887
2720
2812
2019
2650
2047
1858
2104
1861
2786
2831
1651
2117
1932
2060
2438
2565
1986
1909
2587
1801
2658
1860
2022
2675
1909
2346
2123
2601
166
1786
2073
1965
2214
2136
2299
2520
2894
2806
2751
2159
2756
2795
2173
1865
1937
2523
2373
2233
2327
2724
2729
2352
2088
2768
2793
2581
2676
2474
2084
2715
1832
2316
2080
2890
2110
2568
1937
2013
2020
1854
2160
2710
2013
2215
2786
2597
2292
2674
2478
1845
2198
1749
2189
2212
2026
2732
2560
2036
2186
1780
2181
2516
1870
2792
174
2859
1830
2742
2282
1950
2091
2526
1961
2633
2813
2138
2603
2045
2734
2728
2341
2221
2003
1888
1954
2432
2770
2762
3052
1697
1847
1829
2259
2422
1965
2731
2804
2489
1860
2915
2710
2731
2276
2041
2755
2416
4095
2094
2128
2370
2826
1989
2096
2750
2602
2824
1869
2634
2398
2675
1928
2228
2552
2290
1824
2391
2720
2643
1796
2610
1932
2002
2274
3497
2063
1721
2717
2077
2191
2152
2011
2662
2561
2710
2095
4095
2024
1706
2226
2446
2385
172
1939
2690
2088
2352
2482
2839
1882
1660
2720
2737
2413
2378
2812
1659
1978
2136
1861
2729
1674
2807
2338
2661
1927
1937
1837
1925
1861
2345
1910
2281
2095
1857
1973
2084
1886
1878
2390
2089
1900
2664
2835
2257
1599
2676
2021
2765
2007
2651
2256
2221
1838
2331
2771
2044
2004
1960
2336
2623
175
1848
3328
1904
2188
2560
2721
2480
2149
2249
2063
2786
1726
2370
2012
2721
2703
2644
1925
2795
2495
2858
2186
2467
2427
2628
2208
2389
2353
1865
2441
176
2096
2807
2669
1910
2749
1879
2698
2400
2219
2810
1998
2590
2368
2837
2552
3526
2737
2754
1863
1654
1961
2397
2130
1828
2022
1958
2091
2717
2685
2064
1879
2656
2476
2029
1856
2724
2623
2164
2322
1906
2717
2770
2041
2104
1997
1891
2662
2848
3010
175
1957
2354
1917
2830
1845
2030
1949
2807
2368
2771
2148
2481
1935
2708
174
2295
2902
1953
2404
1802
1846
2789
1874
2688
2959
2915
1822
1956
2332
1982
2218
2161
1871
2239
1905
2851
1818
2644
2443
2846
2728
1971
2456
2479
2135
2079
3373
2232
1926
1955
1926
2749
1894
1828
2719
1848
1918
2155
2440
1888
2698
2847
2499
2200
1804
2924
2542
2227
2339
2323
2110
2181
1892
1988
2400
2053
3077
1994
2033
1834
2744
1804
2707
2133
1987
2705
1736
2830
1765
2133
2811
2824
1806
1881
2727
1895
2400
2703
2696
2562
2013
2418
1793
2646
2073
2146
2700
2177
2313
2735
1819
2331
1911
2745
2168
2252
2039
1902
2588
1977
1916
1951
1818
1946
2115
2612
2320
1939
2261
2769
1869
2708
1863
1919
2902
2720
1845
2848
2119
2759
2751
2598
2340
2758
2752
2108
2570
2878
2398
1844
2432
2269
177
2794
2433
2542
2538
2661
1928
2012
1822
2895
2046
2833
2089
2130
1961
2660
2705
2854
2034
1824
1935
1863
1727
2012
2896
2299
2287
2227
2037
2224
2796
2126
1941
2778
2714
2023
2721
2858
2778
1980
1850
1913
2123
2756
1828
2834
2518
2358
1899
1600
2608
2883
1907
1759
1986
2176
2326
3596
2656
2757
2080
2421
2312
1874
2648
1882
1639
2005
2429
2829
2201
2097
1846
2387
2096
1783
2284
1918
2752
2649
1909
2028
2621
2220
2776
1686
2779
1954
1881
1638
2771
2502
2154
2288
1978
2378
2657
1806
2621
2646
2352
1669
2030
2735
2287
2089
1995
2814
1938
2153
2384
2685
2239
2451
2768
2064
1920
2646
1661
1774
1770
2085
2381
1954
1825
2564
2740
2592
2650
2241
2726
2023
1726
2086
2989
2483
2182
2814
2398
1952
2646
2078
1943
1751
2228
2141
178
2398
2349
2712
2229
1794
2528
2587
2007
2285
3011
2778
2376
2321
1554
2612
2355
2232
2796
1927
1825
1925
2345
2690
2459
2471
2683
2591
2100
2262
2060
2005
2425
1975
2202
2690
2834
2246
2718
2793
2413
2617
1517
1737
2050
2342
1962
2673
1902
1807
2806
1951
1815
2687
1789
2765
2319
2015
2790
2654
2750
2731
2493
2084
2191
2708
2724
3251
2657
2766
1803
2531
2229
1940
2302
2175
2461
2023
1768
1962
2068
2090
1945
2685
1766
2727
1866
2685
1927
2784
1976
2202
1972
2798
2780
1994
1802
2745
2595
2004
2593
1955
2014
1931
1845
2806
1807
2696
2026
2360
2846
2481
2196
2661
175
2661
2484
1894
1893
1891
2259
2342
2002
2938
2393
2771
2133
1887
2657
2737
177
2839
2024
2140
1780
2319
2788
2832
2668
1681
2367
2328
2669
2563
2041
2256
2909
1854
1837
2364
2761
1865
1902
1934
2077
2487
1815
2486
2882
2698
2322
2063
1813
2338
2289
2610
2850
2008
2405
2044
2086
2282
2836
2308
2714
2791
523
1870
1995
2417
1918
2216
1675
1987
1988
2061
2736
2660
2670
2768
2362
2737
2668
2632
1960
2018
2308
1682
2035
2254
2481
2189
2005
2673
1909
2010
2401
1906
1895
2033
1926
1873
3071
2327
1726
2002
2761
2780
2244
2286
2280
2561
2856
2670
2719
2786
2779
2695
2199
2400
2393
2685
1834
2333
2685
2781
2772
2372
2222
2096
2771
2738
2778
2195
1877
2724
1755
2088
2310
2272
2297
2659
2721
2312
2073
1843
1816
2019
2653
2129
4095
2560
1504
2249
2686
2399
2841
2406
1823
2812
2571
2786
1789
2699
1886
2336
2151
164
1905
2164
2139
2408
2275
2199
2252
1936
2408
2741
1896
2888
2189
2441
2061
1820
1739
2829
2298
175
1915
2201
2024
2665
4095
2639
1896
2417
1853
2036
2761
2753
2085
2265
2473
2009
2552
2631
1724
2149
2434
2236
2824
1926
2775
1959
2014
2228
2155
2814
2116
2337
2761
1864
2179
2192
2060
2377
2362
2898
2757
1952
2550
2851
2636
1996
2272
2140
2595
2337
1742
2023
2081
2359
2362
2653
1821
2291
2668
1971
2628
2910
2196
2597
2389
2865
2405
2837
2272
2314
1857
1938
2110
1974
2159
2062
2153
2507
2162
2788
2100
1983
2720
1971
2433
2136
2475
1910
2045
2858
2482
2501
1801
1948
1716
2748
2377
1876
2136
2672
1901
2738
1770
2498
2042
2646
1958
2534
2310
1785
2782
2587
2257
1783
2801
2691
1985
1781
1799
2090
2675
2155
1654
2710
2946
1824
2751
2699
2291
2611
2700
1610
2711
2640
2356
2735
1814
2641
1813
1866
1940
1719
2885
2627
2762
2774
1997
2881
1908
644
2049
2275
2830
2856
2899
2560
2712
1815
2587
175
1971
2703
1828
2356
2021
2286
2713
2674
2097
1879
2802
1932
1857
2733
1970
2256
2197
2637
2100
1913
2266
1578
2363
2602
1784
2326
1600
2515
2901
1928
2512
2823
2682
2166
2679
1797
2388
2667
1758
2696
2689
2631
2359
2725
2673
2229
2096
1776
2295
3137
1927
2855
2322
2417
2219
1958
2470
2888
1996
2736
1658
2705
2342
2762
1958
2818
2186
2076
2799
1789
2248
2796
1846
2537
2742
2797
2873
1994
2779
1924
1725
2084
2672
2265
2385
2072
1800
174
2147
2183
1946
2719
1918
2015
2564
2247
1935
1813
2074
1964
2225
2010
1817
2734
2211
2693
2882
2248
2298
1964
2382
2640
2246
1870
2384
2481
2929
2345
2618
2796
2816
2706
1917
2354
2808
2799
2121
2698
2751
2759
1906
2683
2697
2175
3429
2265
2777
2815
2475
2491
2296
3156
2753
2654
2256
2681
2381
2697
2081
1856
2326
2066
2186
2049
1725
2583
1804
2214
2251
1910
2045
1631
2373
2368
2033
2322
2660
3255
1964
1829
2562
2669
2084
2752
2671
2036
2304
1818
2250
2217
1661
2033
2379
2393
2889
2766
2284
2169
2558
1938
1911
1679
3055
2841
2526
2248
2097
2221
2799
2531
2451
2832
2899
1829
2053
1938
2481
2035
2169
2190
2280
2751
177
2782
1785
2797
2269
2138
1920
1941
2855
2754
2718
1948
2859
2252
1731
2135
2033
2754
1897
1926
179
2114
1931
2329
2574
2808
1782
2812
3393
1944
2957
2827
1892
4095
1946
2000
2784
2208
2160
1877
2720
2174
2000
2524
2150
2679
2192
2089
2064
2751
2564
2014
2796
2740
1868
3670
1981
2868
2882
2375
2219
2725
2709
2034
2576
2709
1958
1935
2439
1924
2122
1859
1781
1984
1819
1963
2746
2582
2875
2135
2007
2002
2174
1818
1821
1157
2392
2131
2188
1960
2230
2635
2164
2011
2827
2086
2749
2013
2153
2759
2335
1791
1973
1913
2714
2594
1980
2029
2660
2331
2859
2807
2703
2848
2405
2279
1997
2546
2864
2034
2329
2590
2445
2666
2451
2365
2538
2522
1931
1762
2760
2004
2552
2692
2093
2063
2856
2423
1958
1932
2629
2303
2467
2843
2180
2251
1958
1686
2700
2050
1966
2421
3361
2740
1878
3342
2164
2758
2820
2080
2037
4095
1739
2076
2677
2828
1952
1876
1791
1879
4095
2078
2637
2621
2701
2007
2743
2016
2561
1659
2305
1898
2685
1672
1606
1624
1958
1936
177
2493
2555
2309
2809
1960
2038
2473
1928
1879
2650
2137
2389
2094
1985
2740
2330
2435
2648
2860
2209
2792
2137
2347
2037
2608
2650
2333
2333
1900
1989
2143
2519
2161
1864
2722
2743
2196
2761
1960
1937
2900
2769
2863
1888
1859
2783
2557
2573
1890
2023
2729
2013
2519
2344
2408
2203
2333
1847
1870
1798
2562
2106
1720
2049
2670
1741
2652
2197
2371
2454
1960
2792
2262
2280
2104
1956
2092
2791
1810
2711
1748
2250
1820
1701
1919
2662
1850
2254
2590
2206
2666
2801
1939
2205
1715
2806
1795
1922
2938
2601
2082
1956
2772
2807
2864
2801
2007
2796
2728
3118
2157
1729
2201
2596
2713
2340
2778
2176
2718
1835
2653
2366
2301
2393
2332
2255
1832
2099
2137
1878
2894
2433
1820
2110
2077
2376
2410
2405
2802
2914
4095
1595
2312
1885
1662
1860
2290
1946
1947
2051
2430
2773
2096
2848
3404
2734
2842
1842
2419
2040
2785
2865
2374
2053
2171
1954
2644
2724
2813
1984
1909
2494
1973
1969
1975
2703
2057
2223
1950
2249
2313
1982
2294
1848
1998
2039
2861
2823
1814
2098
2629
2697
2839
1903
2130
2265
2674
2757
165
2587
1951
2432
2076
2052
2877
2375
2261
2810
2788
2306
2674
1972
2806
2287
2779
2501
2363
2682
1845
2328
2489
2069
2587
2327
2781
2781
2206
1981
2657
2443
2532
2038
2879
2478
2279
2741
1909
176
1864
2831
2395
2119
1894
1953
2400
1834
1947
2739
1872
2591
1630
1970
2641
2848
2775
2846
2085
1974
2814
1932
1728
2331
1889
2162
2767
2296
2087
2774
2511
2149
2265
2802
2273
2469
2758
2762
2605
2569
2166
2385
2760
2427
2825
1902
2589
1803
2866
2704
2356
2147
2026
2615
2270
1681
1931
1809
2269
2780
1904
2183
1965
2126
2690
2166
2841
2445
2700
2657
174
2222
2860
2188
1899
2622
1923
2053
2063
1780
2780
2564
2271
2355
1780
2606
2013
2694
2755
2435
2164
1815
1989
2087
2898
1886
2849
1938
2400
1861
1796
2096
1936
2736
2519
2317
2276
1884
2701
1902
2051
2333
1850
1811
2191
2762
2305
2972
2216
2354
3161
2049
2441
2418
2804
2818
2736
2823
2695
2321
1897
1778
1649
2159
181
1871
2019
2433
2103
4020
2680
2100
1954
2659
2063
1827
2693
1951
2502
2432
1879
2770
2229
1802
2755
1834
2800
2515
2428
2720
2397
2110
2831
2011
2838
2336
2215
2395
1979
2766
2062
2139
2143
2836
1809
2709
2038
1813
1808
1770
2321
2613
2327
396
2717
2380
175
2646
167
1968
1868
2006
2445
2608
2676
2855
2274
2828
2010
2057
2270
2782
2669
2623
1910
2031
2719
2593
2112
2382
1982
2640
2849
2373
1831
2761
2681
2310
2835
2532
1824
2771
2253
2614
2732
2731
1774
2724
2256
2101
2062
2513
2491
2364
1912
2664
1960
2590
1971
1828
2634
3167
2530
2701
2408
2028
2676
1840
174
1940
2760
2779
2733
2414
1758
2401
2823
2209
2418
2312
177
2633
2799
2266
2814
1910
2118
2003
2356
2787
2181
1830
1930
1971
2626
1749
2056
1576
1811
2757
2764
1731
2761
2363
1926
2061
2676
2729
2398
2302
2876
1973
2363
2041
2171
2273
1872
2707
1924
2169
2353
2323
2498
1662
1734
2783
2745
1884
1894
2295
2309
2794
2625
2891
2793
2274
2447
1894
1911
2301
1987
1906
2080
1871
2304
2265
2595
1964
2314
1918
2143
1919
2680
1801
2099
2290
1961
1926
1783
2658
1989
2294
2101
1907
2582
2770
1680
2654
1904
2047
1691
2622
2473
2068
1765
1954
2094
2541
2775
2291
1929
2769
2494
1751
2736
2203
2738
2723
2388
2529
2826
1992
2755
2737
2663
2720
2987
2612
2259
2194
2757
2107
1867
2906
1981
2472
2452
1840
2754
2292
1892
1826
2070
2688
2819
2299
172
2595
2147
1838
1799
2420
2083
2296
1750
2500
2034
2674
1700
2492
1954
1688
1691
1817
2289
2704
2814
2739
2200
1859
2064
2385
2298
1949
2448
171
2385
2573
2641
2288
2697
1701
2761
2088
129
1861
2232
2280
2613
1961
2721
2044
1793
1820
2033
2106
2354
2847
2044
2778
2167
2229
1782
2700
2273
2351
3062
2917
1818
2337
1844
2021
2607
2317
2772
1916
2731
2194
179
2859
2304
4095
2329
2422
2741
2806
2409
2386
2840
2321
1868
2159
2789
2624
1903
2059
2281
2268
1866
1940
2029
2814
2683
3287
2132
2682
2967
2345
2079
2499
2028
2305
1989
2609
2344
1911
2287
2785
2296
2123
2818
1889
2077
2491
2012
178
2258
2704
1797
2871
2798
2586
1985
2167
1989
2480
2216
2368
2368
2225
1605
2022
2506
2102
2650
1742
2391
2852
2975
2671
2763
2688
2201
2696
2611
2021
1935
1940
2794
2019
2584
1998
2097
1817
1805
176
178
2742
2566
2526
2380
1947
1802
2022
2768
1894
2851
2407
2033
2684
2151
2453
2148
2614
2715
1819
1944
2768
1967
182
2368
1815
2747
2759
2569
1798
1995
2814
2548
1752
1972
2720
2720
1931
2403
1943
2027
4066
1897
2211
2797
2175
2399
1751
2545
2362
1934
1763
1786
2751
2224
1871
2836
2718
1967
1701
2784
171
2528
2543
2791
2012
2248
1896
2598
2518
2078
2474
2881
2294
1964
2010
2734
2787
2617
2778
1977
2030
1795
2756
1693
2734
1987
2192
2880
2226
2221
2688
2406
2071
178
2679
2313
2293
1945
1965
1739
2741
2300
1786
2795
2024
2822
2020
2689
2248
2811
2582
1687
2655
2800
2863
1713
2073
2627
2782
2377
2829
2778
1888
2274
1626
2365
2630
2001
2412
2104
2335
1921
2437
2546
349
2408
2882
2317
1900
2634
2075
2210
2193
2151
2775
2026
2267
2753
1848
1824
2057
2766
1939
2015
2490
2852
2359
2691
1967
1772
2767
1882
3806
2125
2101
2024
2488
2371
2541
2332
2204
1885
1914
2672
1828
1731
1891
2760
2740
1780
2655
2336
2801
1869
2503
2451
2913
2055
2857
2622
1763
2424
2892
1810
2342
2078
2740
3252
2290
2173
1909
1893
2247
2751
2687
1998
1989
2521
2608
2018
2237
2207
2643
2802
1826
1954
2429
2135
2968
2624
2832
2979
1966
2744
2195
2265
1795
2052
1762
2388
2205
1753
2114
2172
2207
1735
2910
2771
2288
2092
2507
2477
2548
1851
2814
1927
2218
1813
2008
2794
2030
2323
2536
2124
2405
2213
1861
2776
1911
1826
1983
2621
2795
2659
2295
1956
2742
1657
2428
174
1769
2820
1892
2046
1901
2014
2210
1943
2782
1721
2779
2768
2768
2486
1873
2037
1973
1844
2026
1865
2709
2747
1881
2063
2250
2773
2344
2126
2860
2851
1629
2565
2767
2350
2043
2208
2731
2210
2653
1873
2383
2780
2048
3039
2252
2870
1764
2166
2753
1975
2545
2815
2757
2102
2356
2855
2087
1999
1820
1907
1923
1826
2837
2758
2290
1692
1957
2148
2654
2856
2551
2353
1814
1769
2653
1961
2813
2039
2787
2304
2617
2364
2476
2573
2772
2036
2009
2847
1961
2693
2501
2150
2709
2733
2013
2359
2035
2142
2842
2224
2829
2560
1862
1755
2573
1639
2266
2236
2682
2317
2264
1716
2104
2616
1952
1683
2083
2058
2512
2526
2000
1962
1912
2820
2264
2157
2808
2546
2194
2858
2313
1995
2134
2086
2731
2066
2610
1893
2214
2336
2855
2421
1905
2846
2395
2796
1956
2822
2126
2314
2724
2287
1866
2087
2477
2152
2793
2161
1959
2686
2899
1836
1931
1676
2140
2421
2067
2093
2681
2119
1967
2595
1824
2145
2260
1892
2822
2674
2454
2153
1922
1966
2162
2717
2029
2757
2656
2849
2825
1914
2517
2656
2654
1712
2938
2261
1898
1781
2507
2332
2538
1962
1973
2212
1897
2589
1853
2045
2515
2674
2433
2240
189
2805
2196
2080
2745
2782
2169
2710
1960
2698
1744
1748
2632
2455
2904
2500
2787
2634
2108
2734
2452
2784
2725
1914
2725
2005
1967
2164
2791
2756
178
2243
2136
2779
2691
2728
2675
2428
2342
2223
2671
2300
2312
171
2166
175
2813
2037
178
1932
2184
2171
2222
1953
2677
2760
2457
1952
2808
2191
1722
2093
2185
1689
2039
2142
2866
2625
2335
2199
2545
2693
2679
1905
2541
2026
2072
1729
2477
1881
2684
2507
1980
2720
2368
2715
3265
2513
2009
2773
2500
2228
2729
1861
2670
2204
2746
1856
1952
2420
2034
2484
2117
2647
2441
1616
2661
2227
2860
2249
1767
2001
2192
2095
2227
2420
1922
1923
1972
1802
2183
2390
1899
2942
2610
1915
2448
2063
1858
1767
2754
1944
2304
2423
2248
2273
2344
1982
2237
2844
1980
129
2044
2475
2627
2504
2815
2203
2570
1696
2049
1927
2796
2576
2720
2017
180
2122
176
2184
2799
2080
2630
2026
1558
2747
2886
2330
2223
2285
176
176
2451
2155
2749
2279
2764
2773
2708
2861
1805
2123
2125
2643
1930
2667
1791
2805
1907
2288
2095
2849
175
2460
2377
2638
2641
1682
175
1967
2081
1730
2712
2838
2603
2026
1903
1827
2803
1951
2176
2566
2189
1758
2537
1900
1840
1651
1667
2149
1923
2732
1825
2238
2350
2160
2831
2795
1763
2186
163
2072
1727
171
1843
2243
2650
2478
1980
2576
1845
2183
2219
2371
2306
2484
2645
1896
2732
2486
2792
2522
2831
2751
2732
1958
1827
2383
2704
2374
1991
2565
2125
2815
1847
2568
1979
2746
2083
1741
2709
2709
2732
1763
2465
1766
2225
1845
2356
1682
2512
2411
2612
2801
2802
191
2318
2756
2054
2182
2236
1619
1678
2148
2217
2705
2267
1992
2760
2049
2662
1771
2855
2653
1989
2225
1902
1932
2350
2245
1985
2368
2786
1824
2669
1979
2227
1795
2483
2352
2241
1915
1958
1812
2100
2241
1928
1910
2172
2797
1765
2339
1795
2648
2717
2370
1986
2664
2711
2053
1893
2746
1772
2599
2257
2381
1857
1832
2446
2177
2052
1757
2110
2371
2731
2562
2541
2433
2745
2745
2071
2619
2177
2198
2388
2408
2841
2521
2698
2740
2928
1942
2093
1834
1976
2523
2591
2725
2316
2526
2190
1998
2027
1954
2769
2629
2652
2123
1854
2791
2509
1894
2808
2697
1898
2232
2266
2416
2834
2305
2672
1985
2280
2690
2307
2750
2728
1927
2403
1879
2017
1926
1922
2792
2264
1895
2201
2839
2312
2177
3044
2274
2124
178
2321
1766
2166
1899
2499
1882
2094
2082
1920
2137
1836
1732
2245
2588
2600
2208
3015
1989
2220
1990
2554
1925
2581
2869
2368
1832
2024
2326
1528
2676
1767
2721
2375
2167
2652
2786
2573
1752
2090
2714
2567
2013
2672
2718
2319
2781
1790
1949
2433
1707
2235
2508
2114
2265
2009
2437
1847
2324
2727
2077
2368
2722
2220
2072
3325
2435
2753
2731
2656
2580
2761
1839
2799
2741
1863
2764
2817
2780
2783
2871
1910
2413
2173
1739
2698
2754
2023
2131
1860
2339
2656
2657
2501
1892
2455
2668
2181
2110
1834
2690
2071
2912
1788
2099
2714
2409
2661
2075
1783
2285
2086
2149
1904
2163
2010
2359
2782
2004
2406
1895
1839
2646
2829
2776
2759
2766
2112
2757
2446
2682
2834
2640
1792
2176
2188
2803
2402
2064
2789
2783
2230
1919
1928
2102
2407
2636
2103
2413
1803
2736
1798
2417
2063
2098
2832
2621
2713
1697
1661
1767
2726
1991
2053
2716
2647
1485
2520
1902
