1579
2059
2403
2082
2241
177
948
167
2978
2600
2735
2155
2866
2256
2084
1898
2912
1874
2878
1510
2715
1542
2451
2095
1602
1869
2842
3006
1535
1588
2104
3026
937
3687
4095
2020
962
1492
2430
1725
1190
310
2419
174
1470
2584
1199
288
2603
174
1132
2334
1534
522
1841
2139
592
1696
1756
1044
989
2397
966
1116
1366
1555
3020
2094
1377
2625
2062
2449
2787
178
1930
2894
2514
2937
3031
1568
2395
174
2080
213
2810
2150
2225
176
483
3028
2467
172
1784
1223
2996
178
3354
1381
2185
2240
1236
2170
2891
2061
1842
1252
2195
2717
1733
1821
1974
1209
2092
2962
1278
1291
1562
2160
2164
1993
1011
2398
2989
1089
1124
1996
164
2625
1374
2122
1589
2237
1725
1765
2075
2156
2153
2940
2258
1898
2871
2904
176
1356
2406
1048
2165
1428
2542
1320
2161
1590
2276
172
2011
172
1606
1979
1138
1384
919
2004
1132
179
2224
1867
1331
1728
633
181
2827
1359
2401
2298
176
2101
2191
1619
1912
1888
2431
1040
1303
2585
1532
2154
1778
1160
1919
3002
2205
1911
2631
175
2983
1318
1729
2252
2181
1909
2204
2164
2887
1416
2090
998
2295
670
2291
2772
1299
2055
2582
2372
2881
2398
1844
2115
175
2204
1381
1469
2270
1142
984
1895
2268
2411
2970
2287
2228
2089
167
1799
2982
2937
1188
1774
1665
2671
2146
1670
2211
176
1407
176
2078
1617
2983
1750
2178
2527
2511
2331
2142
4095
168
2158
2400
1623
2297
1575
1760
2158
175
1372
180
3240
2813
2933
1733
2982
2059
1830
2503
1363
2235
2968
1303
2310
2611
2856
2156
1752
2070
2918
955
2883
2995
2015
178
1002
2031
2143
1025
373
2832
2189
2124
2136
3031
2101
2160
1196
1460
1835
2085
2214
498
1156
1818
3071
2910
3009
3048
1742
2697
2138
2186
1371
169
2987
2182
175
2641
1427
1785
1336
2591
915
2055
964
2257
2066
173
1203
1546
2284
2893
1030
1634
1631
1483
2125
1660
2339
2212
2903
2114
166
1177
1636
988
170
994
2188
1476
2331
2563
1038
169
1148
552
2141
884
2805
984
1615
173
2403
246
2622
1003
1595
2417
2000
1410
1346
1720
2907
1608
1698
2697
2903
2018
2401
1688
180
1846
2166
1347
2463
1990
3089
1900
1753
2208
2244
1629
2230
2970
2370
2318
2566
175
128
2108
906
1547
1689
1391
2136
1781
1108
1291
1949
1483
1446
1651
2102
1621
1067
2190
1250
2147
1026
2468
954
3034
178
1873
1821
2103
1712
1632
959
2115
1558
179
2971
2142
2116
164
1846
496
1417
2997
976
1768
2168
2240
2072
2164
2527
2093
1469
1834
1344
1457
1456
168
177
2639
378
1370
2614
2331
1709
1556
1888
1628
2235
2431
2060
1096
1285
2118
1251
1437
1448
567
2560
2233
2350
1757
717
2409
2985
2072
166
1630
1712
2525
740
178
1504
1232
2465
2264
1638
1925
2017
1241
2044
2292
173
2120
1393
1517
279
2149
2153
2127
2324
177
1015
1468
1691
2381
1697
2646
1799
2904
2339
1751
173
1546
946
128
178
2907
1174
2039
2968
1305
178
167
1264
2879
2444
1844
1612
2524
924
2143
2921
1550
1053
1514
2149
886
1420
2547
2427
2450
2072
1250
2200
1773
2144
904
2971
174
2150
2165
2974
1932
1652
1241
2071
2425
1466
1600
1149
2878
172
1694
1800
1844
1819
1446
2423
2840
1213
1004
2171
1763
2248
2428
2241
1001
2101
166
1516
2864
3006
1594
2934
1686
1472
179
2342
914
1198
2106
173
1502
1811
1386
2170
1428
2532
1266
973
1801
1427
1127
1466
2632
2134
982
1038
2133
1284
1240
2982
2083
130
173
2093
2152
3046
2404
1643
302
2735
2769
174
2177
2160
2209
179
168
2281
2137
1295
562
1698
2949
2644
2302
1745
2942
2565
2375
1742
1609
2015
2289
1481
165
2297
2577
168
2543
1697
2649
2098
1251
2153
2091
2225
1297
2655
2236
2913
1305
919
173
2108
1242
173
2368
995
173
2058
2186
1217
2074
970
1653
2051
1750
1932
1660
242
1426
1870
1254
1325
432
1852
900
1024
2691
2194
2118
2874
1939
2039
1467
2477
965
1912
2149
2401
1835
174
2121
2027
175
2813
2140
2189
2228
2146
2349
2131
1564
2178
2083
3011
2242
175
2500
2832
2114
815
2050
175
1813
513
2223
2210
178
1832
1781
509
1229
1084
2100
2152
2210
2138
1143
315
2137
2979
1516
191
1911
1850
2534
2535
1493
2130
1767
2161
654
1462
2329
2314
2251
1181
2230
1388
174
178
1220
1385
2135
304
1535
1498
1608
2628
2568
3062
1282
2013
128
3170
1554
170
2157
1084
3014
1735
1143
2729
2754
1271
2067
1691
982
1794
1561
2185
1605
2038
1619
1512
2861
1616
473
921
2126
2722
2312
2476
2247
2152
2086
2271
2907
3318
1584
1299
2244
1859
1879
173
173
1937
2115
1228
1517
1762
175
2109
1434
2128
2065
2195
207
1236
2953
2183
2516
2101
2224
597
163
1670
1005
2180
2090
2015
2716
1648
1700
1566
1730
1605
130
2089
2146
2216
176
2858
2132
2161
174
2254
2214
2138
2222
1605
2159
128
1495
1540
2145
1600
1129
1675
2095
2904
2937
1339
1651
1617
1780
1749
2251
2176
2176
1594
177
2561
2237
2391
1454
173
180
164
2085
2120
2418
1618
176
1883
2949
2974
2459
837
2443
1687
2245
1074
170
1270
990
2254
176
2196
1490
2178
1423
1331
1958
2188
2175
2047
2180
2168
1620
987
2202
1757
130
1168
1378
2596
1027
2154
167
2172
2154
2599
1127
2861
2172
577
1033
2466
174
2210
2135
1722
2114
1250
981
1183
2950
2149
1645
2147
1325
2076
1227
3164
2202
1433
176
1968
2167
1681
1026
2096
128
1441
2980
2247
2874
1157
2049
2727
1006
2033
1810
2445
175
2245
1292
2058
2611
2098
2215
2083
2190
1569
1588
1643
1262
1148
1632
2878
2706
2841
2463
2118
1741
2115
944
175
1355
2951
1042
1575
1390
1376
1408
2963
1446
2191
2190
2158
2172
178
787
2994
1592
1514
171
2051
2882
2271
171
1716
1420
2024
1030
2114
1657
1954
1732
980
2352
1469
1646
1555
1669
1947
1666
2783
2214
1540
2069
1123
2181
2173
2279
2283
661
2414
1315
3017
887
2218
2653
2366
2197
2640
1231
1486
2832
2173
2462
1886
2245
173
3071
1085
1000
2136
1971
2449
1480
1495
2221
1517
2994
1031
2130
694
1571
1335
1534
2398
2584
2164
1898
1730
2068
2166
178
2102
2682
1850
1700
1497
2373
1894
1802
2187
169
2999
1303
2296
2948
178
2147
2201
1911
1206
3092
626
1427
1478
1322
2258
2077
177
130
2333
2039
2010
1162
2128
1797
2400
175
2692
2407
1603
2217
988
929
2262
1305
1624
1398
2168
1674
2267
2114
3002
1385
2843
2845
276
1576
1945
1613
181
2612
2581
2894
2252
2475
2206
1962
2996
1225
2997
1774
3035
1268
2574
2036
2511
2168
178
2226
2393
1872
1712
2973
2107
2050
175
2188
1453
2070
2921
1148
1447
3196
2663
1986
1053
1813
2426
175
2691
1891
515
170
2226
2230
986
994
2205
2263
1732
1274
2391
1207
1901
1366
2137
1508
2274
1425
1154
2495
1556
686
2227
1059
1461
1617
2162
1451
2620
2517
1682
2212
1986
2226
2463
2217
1450
2212
2117
2911
2166
2083
1842
2246
2535
1544
588
2164
2343
1657
1031
1726
1395
2451
221
2008
1715
2119
372
1761
2199
2429
2266
2240
1030
2159
1178
1874
2124
1542
1877
2295
176
2047
2194
1778
1218
1310
1081
2298
1352
1178
956
1711
1424
2133
128
1359
2365
2192
1878
971
2999
2477
1301
1410
1620
943
2135
1504
175
2897
1434
2573
2665
178
1438
2416
2461
1067
2649
1685
173
1812
2147
2195
173
1525
1749
1414
1142
1644
2251
2575
1884
2110
1030
167
1576
2144
590
1058
644
2115
1085
2244
2250
2445
326
2321
1589
1252
1134
2069
1837
2596
2955
175
1644
2110
2031
3010
2166
2429
1363
1400
1411
2228
2179
1326
1483
1352
2534
1220
1737
2516
2961
1546
1044
2965
1600
2578
1688
2944
2508
2561
2832
2210
1645
799
130
2037
1397
2153
178
1672
2072
300
1255
2160
173
947
2079
1046
177
2010
886
129
2236
2918
1577
1452
1798
2052
1441
3085
1261
2905
1696
2266
1868
1090
2250
1284
1332
1624
2164
2060
1573
2987
2496
2241
2236
2839
2032
2232
1518
2341
989
2002
2682
1718
2133
2129
2021
173
175
170
2844
175
256
2540
242
3022
1549
1910
1011
1098
1045
1560
2133
1579
593
1942
1099
1734
2020
1817
1880
2121
2206
2227
1702
1584
3018
2149
2170
2185
380
932
2138
974
2621
1273
907
2904
1592
2794
2233
997
178
1357
175
177
1988
1196
1745
2912
2941
2080
2098
1293
2267
2080
2206
175
2224
2131
176
2937
1957
2200
1323
2092
1492
2972
1571
1044
2475
2103
1620
2373
2056
1686
1308
1464
2829
1593
2974
3007
2232
2178
2341
176
1329
2138
1945
179
164
2208
1319
2178
1927
654
2384
2261
2045
2307
177
1899
2136
2225
1899
214
2193
242
628
1992
2208
1067
2166
2112
2405
177
1607
1613
2263
1170
2587
2598
1904
2011
1306
2198
1595
2891
2182
2284
2044
2116
2234
3731
2980
2991
2128
1712
2613
1597
1301
174
2105
1511
168
2256
1065
2854
1159
2053
2420
1611
2437
2901
2941
2184
2145
1886
2122
178
1476
2576
2108
175
2056
2185
808
1502
2164
2900
2360
2554
2997
1445
179
987
1957
2604
2985
1307
3017
2108
2064
704
1256
178
628
2165
2310
2041
2189
1454
2132
2171
669
1737
442
130
1530
1915
2160
1297
2521
551
1722
2101
938
1665
2186
1831
2505
1598
3076
1187
992
2594
2511
2514
180
2066
2957
1852
1551
2031
1791
595
1542
2223
2742
2101
2959
350
1308
2502
176
1711
2643
2630
1378
1404
2936
1702
993
943
1663
1067
993
1189
887
1994
1367
2185
1775
1011
2485
966
2938
1524
1473
173
176
205
1693
1625
1757
173
2033
1926
1263
2367
130
2178
2546
1729
2071
1044
3071
2156
927
2302
1290
1873
2883
2819
2129
1498
2530
2283
2005
2230
2112
175
2182
1702
2421
1734
1693
257
2107
2966
1464
700
2421
880
2152
2194
1432
2173
2240
174
177
2219
1426
189
244
1212
2466
2951
2081
3160
2679
176
1902
1060
1016
174
2220
176
175
1497
1834
1588
1776
1439
657
3258
1643
2398
172
2977
2194
1441
2264
1276
2264
1050
170
2012
924
2721
2217
2830
2195
2208
1387
1442
2955
2320
2168
2209
2198
1606
1448
2907
2099
1883
176
1275
1842
1859
1700
1371
3155
2547
1431
1623
2241
3370
2399
1064
2891
1928
1521
591
1645
1260
1214
2270
1433
1135
490
954
178
2587
2215
2249
940
1724
2160
173
804
3500
1657
1815
1066
2197
1472
2404
465
179
1142
2104
1057
1570
717
2475
708
174
330
1650
1751
2974
166
130
1703
2226
1171
1896
1419
2139
2338
1287
2270
1271
1450
2967
660
1696
192
1972
1699
2157
991
2174
1244
2239
1447
188
2153
1461
178
2464
2164
1737
2232
2286
2929
168
2116
1488
852
1438
2148
544
1982
2029
2241
963
2106
2214
3029
2134
163
2143
2832
1659
3015
1414
1309
1844
1468
2302
2990
2411
2897
176
2136
2067
1369
1620
204
2064
174
170
2085
1910
1595
1136
2372
2981
2265
2109
2121
963
2150
859
2044
171
1567
2222
704
1169
830
1209
1310
2470
2940
2163
1568
4095
1214
3007
164
2990
1371
2157
175
3015
1947
130
998
1708
1589
175
1552
1363
2465
2190
1324
1301
2204
1318
3713
1735
1156
1950
171
1133
1009
173
968
2233
963
2908
2321
1502
1868
1417
2170
2185
1456
2456
2013
2229
2231
1447
900
2249
1582
2329
3054
2204
2172
2203
2255
2179
173
1798
1788
308
1516
1581
595
3111
1645
1064
2603
168
177
2189
2158
1030
2104
171
1276
2869
3893
2059
175
2281
2164
1753
129
2467
1398
1789
1180
2116
2040
2024
1855
309
1359
1735
2519
2580
2216
2379
180
1294
2492
178
3131
2142
2940
2218
174
849
830
1716
1576
1874
1237
2673
2203
2450
888
168
1456
2763
1742
764
2113
2002
2264
2216
1848
2111
177
1525
2367
1624
2703
1328
171
2181
1497
2135
174
1654
3007
2311
2117
130
2909
1704
164
1450
338
2128
1814
1907
2281
2199
2513
1449
1472
966
165
2648
2847
842
2289
2079
1413
1055
2159
2269
1921
2076
1014
1516
2212
2584
178
173
1880
1705
960
1880
2099
1929
2667
2554
1655
1691
2081
2195
2741
178
2244
942
1265
2400
1745
178
2466
2224
973
2072
175
1308
1338
1271
1219
2024
932
850
2214
1637
2030
2051
2199
2317
2610
2117
1208
2258
2233
1688
3421
2847
507
2224
2120
174
2157
1668
2269
171
723
1134
1437
2140
1788
1312
1592
2190
1822
2187
2222
2203
2199
1278
1450
2804
2176
2276
2552
1765
1812
1392
164
2466
2122
1684
2972
1275
1126
175
178
1891
1690
1641
130
3099
1714
2313
170
1323
176
1658
2002
1112
1126
2247
2414
2077
2248
1759
1525
995
1475
1431
281
177
2957
3328
1226
1777
2609
1548
2238
2440
243
2106
393
165
175
1695
2211
497
1928
1960
1653
1583
2885
2127
2182
2200
2063
1152
274
1309
199
2032
2929
2218
2258
171
1821
175
2387
2959
2534
2162
1213
2327
2859
3690
1345
1637
2029
165
1537
2066
170
2127
2041
2182
1379
1414
1542
2102
2732
177
176
1134
2992
1393
1638
465
1678
2154
2319
1980
2164
2450
170
994
2112
237
1043
340
627
1246
1503
2126
2173
2411
177
2976
2285
191
1113
176
1598
2612
1469
1745
1568
171
2249
1600
1512
1558
907
2449
1698
1204
822
1558
1554
2099
2705
2176
2288
2621
1959
1545
2164
2223
2144
1267
1690
2260
2184
2141
2296
2149
2131
2425
2106
2987
2634
1067
3021
2150
2425
2847
2122
1325
1552
1458
2911
2244
685
184
174
1401
179
2194
1231
1453
1780
2104
2120
2164
2220
909
2008
2205
2944
2572
1790
1625
2189
1581
1024
2103
2784
177
2283
1328
326
1032
3005
1012
2053
2285
1698
2498
1854
2892
169
2220
175
2191
1071
1444
2447
2359
1630
1285
1642
2403
1180
1024
1715
1141
2174
2123
1801
1449
2958
2233
1642
176
174
2870
1234
1364
2960
1510
178
2606
164
3289
952
166
2949
1265
969
1126
2870
165
2136
966
2112
201
2811
2110
2046
1352
1599
611
1682
2215
2484
2215
2233
2677
1719
1035
1017
1552
1532
372
1860
960
2197
637
1322
2410
459
2187
802
1275
1382
1290
167
2971
1925
167
2394
2678
3022
2333
1608
3110
130
1166
2213
2234
2973
4095
2540
177
2171
2905
175
964
2848
2127
2023
1717
2725
2958
179
2964
2143
2151
1642
1240
1673
2716
1942
2186
172
2212
2143
2773
1238
2134
1978
197
182
2117
1800
2422
167
1565
1423
2200
949
507
130
959
2271
398
2526
2041
1806
1687
1505
1377
2592
1972
1850
2839
1645
130
2086
2582
1633
1341
2179
2184
2182
2228
1731
2188
2288
598
2272
980
998
2159
1320
173
1686
2208
1288
1706
2263
2191
2269
1235
1121
2262
1430
1289
182
167
1587
1322
2286
1558
1696
1288
2401
177
1485
2575
1434
1856
2219
1241
1491
2889
1431
2106
175
2710
1710
179
1287
2099
2572
1682
2507
2238
1762
1177
778
2476
1050
1127
2781
172
473
1972
2274
1809
2928
2254
967
168
2190
2445
1008
2252
2090
3053
1750
2093
1181
2676
2150
1730
2896
3044
3013
1783
2134
165
1675
2519
2628
1457
980
2562
2624
2772
2188
2025
2292
1364
1650
2052
2200
2972
2010
2228
1893
1616
653
2162
1753
172
1883
2413
2185
2357
1720
1368
2171
1678
1947
3351
1620
1456
2876
2909
2489
2080
2382
176
179
2497
2165
2305
1990
1093
1574
1337
2124
1696
2362
2434
2073
166
1671
177
2464
2021
2156
2926
2908
2038
2101
2837
1795
3024
2987
1677
2406
910
467
164
1757
1831
1854
585
174
1606
942
1024
2092
980
174
1440
1278
2165
175
2238
2346
175
2612
2250
1500
1877
1936
2603
2319
2290
1494
177
177
2134
2518
1547
1679
1431
2865
3053
1610
2560
2257
404
1483
1597
2194
3038
2166
1530
2191
1640
2261
1431
1461
2236
3028
2026
2328
2187
2897
1853
1577
2116
875
1504
1863
2306
2188
891
2573
1337
2169
2073
1985
176
1617
179
1771
1462
2088
1313
2534
180
175
1998
1453
1501
1633
1769
2669
2511
2829
2563
1833
2937
1509
650
1551
1435
1888
2211
739
3061
2284
2179
2735
2838
509
2603
2385
2153
1702
1192
2492
2012
179
1817
174
2664
3078
854
2042
2236
1179
1059
2180
1764
570
2071
1931
2141
2776
2320
1021
1638
1836
2364
2878
1643
130
2148
1935
1169
2049
1060
2288
479
2124
2214
1602
1723
2167
2702
128
171
1997
1240
2112
1859
183
1784
2281
1615
2118
2081
3119
1447
2175
2582
1088
3020
1219
2160
1469
956
1930
2214
2082
1237
2976
1707
2198
2821
2979
2153
1852
2448
1584
2389
2856
989
2980
2073
2140
1660
1776
178
168
2183
2912
1123
166
1727
1436
2214
2191
2127
1496
2263
2888
1575
1324
1063
2238
1419
2981
1446
2187
2172
2179
173
1315
182
1215
1851
1312
1598
2900
972
1479
976
2101
2319
2190
2467
2455
2109
1027
1190
2133
2127
1709
2212
3016
1630
2148
1612
2059
2051
1037
936
1451
472
1820
1879
2133
2074
2610
177
191
2236
1522
1049
1601
1240
2618
1935
2894
1888
1709
786
1843
2266
1795
1787
2149
994
2233
1501
2009
178
991
2218
174
2038
3262
130
2648
3023
1803
2202
2355
174
1311
1690
2040
1029
1284
1429
3023
2692
1532
1699
2049
1166
2154
2107
2292
2868
2209
1277
2262
1517
1695
1864
234
1425
2175
589
164
2143
1410
2208
174
2121
2373
1730
2213
2128
1756
1177
171
2046
1204
2931
217
528
706
1729
2975
1657
2245
1018
1214
1340
1451
2664
1906
1049
1659
2268
2182
2220
2133
2136
184
1514
1941
2692
1692
2242
1996
2495
1474
180
2099
1298
2887
2966
1724
174
1669
2952
1564
2388
2689
2909
2153
1684
175
2719
1362
1167
2869
2285
1471
2047
1893
2220
2270
1040
1250
1392
1303
178
2210
1390
2055
1243
1659
2041
1625
2240
2935
3061
1942
2127
1367
1365
178
1750
1473
1995
3011
3096
2940
986
1047
2907
2930
1690
2025
1535
1524
793
2526
1081
1516
2405
959
1320
2218
2583
996
2164
2360
2637
1582
1569
1750
1326
2249
180
2204
2492
2035
2310
3071
628
2136
1301
2103
168
2142
1040
349
2483
2185
170
2049
1389
1661
2437
1072
2467
2171
1990
1562
1418
172
1383
884
2239
734
168
1775
1645
1103
2937
1312
1739
2108
2114
2652
2125
2947
1750
1579
1357
1650
1722
939
2106
1400
1977
1696
2351
2224
2616
1086
802
2242
2885
2204
1987
178
1559
2203
2117
1406
2054
1395
164
2174
2176
1354
1642
3887
1072
2909
1551
2086
2131
1378
1247
2162
1581
2248
1858
943
2201
2839
646
1264
447
1733
1810
2027
1586
1664
1794
1037
2070
2801
1307
2468
2209
995
1633
1535
168
176
177
1778
436
2075
1949
1763
1987
1346
2161
1722
1490
410
2004
1687
2193
1767
1018
2235
2975
166
177
177
2030
2723
1795
1763
1370
2889
2247
1198
1267
2196
996
173
2224
2242
2204
1735
1487
2724
1440
1486
1979
2103
2013
2874
2270
2074
1725
1801
2564
1275
2651
2516
1407
177
2476
1455
1088
1054
1054
173
1614
165
1450
176
1661
2179
1607
2073
1618
1523
2180
2203
2037
1796
1716
2880
2052
179
2944
171
1499
174
2207
2209
2632
1194
1956
1563
3854
2078
252
3001
1381
166
130
2179
863
1309
1339
986
130
1308
2248
2353
2143
2986
2157
1733
2378
2443
1559
2806
2161
3015
2443
1805
2892
1812
177
2311
2514
1231
875
2435
2886
1838
1654
2083
174
2545
1016
2112
2006
2921
2256
3071
1846
2610
770
2861
2128
1699
2166
1152
1341
1434
1257
2305
2113
1325
2778
1624
2489
2167
1976
2277
1635
2190
2185
2646
2206
1342
2180
1013
2252
1415
175
3040
1471
2450
1282
937
1785
2632
1446
2916
173
1435
1313
1866
2237
1677
173
1632
2085
2352
2117
2185
2734
1713
2259
2520
2019
1857
1359
1118
2741
2428
2151
2107
1658
2923
1392
2302
2307
1417
2667
2243
1768
2630
2966
1264
1482
2180
1835
1981
1671
2965
1798
1711
166
2255
2087
583
1715
2967
2168
2169
1448
2188
517
2205
2208
1411
2054
2176
2115
1816
3032
1358
2113
1616
1749
682
1619
2282
2167
1425
128
1964
1135
2196
2177
1704
2926
2225
2372
2236
2946
2135
1405
2841
1878
1263
2203
177
1644
176
2147
1503
1570
2896
700
1572
2106
1377
883
3023
1485
2731
1686
2545
1308
2258
1727
431
1885
1528
1503
2976
1470
1320
2592
2066
2115
1675
2223
177
2208
2599
1925
1242
1822
2241
1283
2450
1147
2220
2319
2114
175
2383
2112
169
1091
2080
2161
1156
2402
1856
3035
2000
1995
2691
966
1188
1743
2194
1618
1255
3041
674
1655
1333
1198
170
1353
1371
2489
2142
2088
1034
2881
2955
1803
2771
170
2482
2385
1207
2205
2082
169
2200
1839
2180
1773
1317
166
2965
178
1430
174
2051
1436
1555
2833
2100
2909
1502
1443
1568
176
997
2511
2976
569
2889
2488
994
856
2298
171
2013
2947
2137
2109
2095
172
1409
2446
130
1360
1324
1248
2103
544
2190
2464
2825
1777
2814
2202
2286
953
2003
1807
1628
2950
2402
2131
3824
1915
1634
1448
2140
2210
1976
2236
176
2524
2550
1031
2453
2888
2111
1479
2492
2095
1938
176
1354
1312
178
2069
1383
1689
620
2584
1015
2981
2993
2050
171
2194
1539
2817
2246
2304
767
1833
1726
1390
2064
2549
3060
2864
1380
164
2443
1551
3021
2500
2171
1167
2212
1997
465
2500
2408
2174
2589
2196
1409
2916
3008
169
177
175
1494
1320
2152
2206
973
2523
2154
2256
2109
129
1674
1371
2227
1521
3008
2139
2637
1420
2516
178
488
914
1134
2846
2471
178
1926
2504
1503
2023
1323
2239
1899
2522
1955
2081
1818
1959
1016
2882
2179
164
2220
1379
2939
2184
176
2197
2528
2054
1192
1356
1530
1451
1638
2917
338
2284
1478
1328
2591
575
2089
1789
876
2410
1386
2579
1220
1919
1005
1632
3038
2125
2958
178
2193
1821
938
1748
1397
2739
165
286
1970
2276
2211
1468
2611
1727
1445
2981
1701
1377
2886
2157
2368
1541
1324
1555
169
2072
2826
1483
983
2352
3029
180
1078
2208
935
175
2066
1499
173
2227
2808
2367
1384
2188
1388
1763
382
1341
2246
2868
2205
2083
1271
2599
2103
665
1871
1266
1535
1981
2112
2410
165
3077
1191
1364
1303
2119
1941
2739
2660
2112
2126
174
2175
2424
2135
2167
2456
1133
3014
1828
2230
2109
1049
175
1117
2864
3083
1670
978
2371
2499
2333
2893
175
1905
2168
2194
2485
2520
1654
1689
1477
1133
1514
2261
2899
2255
2129
2214
964
2641
1450
1912
1280
1483
1183
2335
2934
1017
2887
2720
1795
1335
1790
2093
2549
530
2481
1719
1990
2161
2685
1744
1609
2859
1213
2055
957
2186
2106
2131
1128
1884
2160
2339
1605
2312
2333
3548
2502
1555
2822
2984
178
1142
2549
2086
2281
1787
2015
238
1965
2461
2431
992
2136
2180
1675
1593
2345
1268
2133
2080
2409
1515
2227
1686
1283
2532
1350
2203
1005
1490
171
1024
2092
1015
1014
2262
168
3016
2027
2108
2311
1679
1126
1365
1465
1631
130
1924
1913
2172
177
164
2230
2268
2638
1204
2150
1695
992
1374
1392
1350
2164
2271
2110
1280
172
1223
2205
1866
2916
2104
2401
2149
2191
2178
2942
431
174
1504
2248
2420
2962
1126
2107
2255
2250
1619
180
2549
2913
2778
2067
2267
1661
2388
1373
2294
1362
1393
178
1419
2304
1325
1494
1777
2177
1608
1042
2129
1719
229
2864
1738
1435
1621
2139
2227
1178
2411
881
1668
171
993
2516
1870
1019
848
1501
1460
2040
1525
1855
2372
188
2046
2111
2218
2138
2586
3200
1498
2991
800
1630
2839
416
1537
2169
1826
2665
3052
2896
2647
171
1349
1481
1748
1512
184
2281
2156
176
2856
1166
1340
1134
1731
2238
2918
2802
3088
1370
2154
1373
2987
2303
2210
1874
3287
2868
1075
1079
3044
181
3096
2132
175
1604
2283
2477
1012
2112
2158
2401
2167
2179
2202
1490
1836
2173
1445
2978
2774
173
2946
1546
2219
2157
2671
1499
1157
2186
1570
1760
1925
2179
1907
1398
1740
1260
2171
2906
2136
1457
2216
1495
2152
1767
2457
711
2631
1402
2421
1405
173
1115
2096
1389
849
1582
2094
1964
2241
2274
2121
169
1640
175
2163
2009
369
1344
2957
176
2856
2216
1219
1675
1518
881
2213
2117
2802
2242
128
2468
2958
2047
1016
1784
178
1348
1304
983
2420
1705
1848
2441
1334
1531
2791
174
2268
2244
173
1600
2168
850
2403
2776
2298
2050
1574
1049
2149
1298
1878
1765
2227
2002
2294
3011
1871
2068
2734
2167
2076
1214
2299
2171
1271
608
2340
2163
2390
1569
2303
2353
2079
2234
2887
2423
1814
1336
1419
2954
2119
3007
1677
1249
2254
1331
2110
2242
2282
1706
2182
2848
2632
1421
2187
3170
1765
2267
1453
1411
2167
2063
832
991
1535
1045
1667
1457
2216
1710
3426
2114
1585
175
2171
1297
175
169
2889
175
2099
1723
2323
172
1283
2336
1148
932
2535
1024
2859
3088
2868
2155
2119
726
1221
2963
1593
1749
1220
1940
2950
1616
1700
1275
130
2382
2274
2959
1832
1598
2104
3297
2136
3069
2534
130
3395
175
2079
1009
3031
2505
1292
2917
1767
2258
228
1534
2501
1757
2777
990
2098
3039
2098
2922
2431
2346
178
3064
2821
1315
2626
173
1109
130
2189
1163
1371
2272
2136
2237
1635
890
1310
2080
1041
169
174
311
1456
175
2119
613
2821
2151
3136
2059
2157
1613
1373
1703
1320
2508
2130
129
2119
2222
1625
175
2194
1276
2990
2682
2367
2509
1758
1452
1851
1658
1828
1602
2915
173
2375
1876
2327
2032
2976
173
2060
2253
2177
2106
3019
1344
2049
1700
317
874
1764
1085
1889
2163
2981
1824
1062
2252
1262
2181
1423
627
1614
2078
1805
3640
2888
1016
1510
1774
2223
1202
455
3132
1008
1314
2994
1643
2217
1686
175
1766
1671
1812
2453
2209
2919
942
934
964
1230
1073
2013
1758
2997
1639
2121
1894
2207
2817
2865
2109
218
1479
1170
1699
851
1211
1121
2154
2686
2800
1673
2130
2172
1444
665
2685
1711
1209
1923
174
2134
2562
175
1596
168
175
178
2985
1159
1350
1290
1629
2859
166
1413
2013
1813
1729
2315
1493
1492
381
2709
1743
1720
2144
2160
2200
1468
1922
2089
847
2840
3041
1781
2519
2178
1255
2028
2479
1837
2188
1333
2160
180
2330
1106
2163
1183
1301
3058
2321
1543
2002
755
2242
1566
2109
1147
1722
2271
2153
2133
931
2076
1400
1943
2224
176
1379
2154
2124
2177
4095
2891
2590
2137
2875
2172
2266
591
2369
2273
1335
1396
1729
2222
2080
2080
172
175
922
1356
1286
2888
167
2039
2911
1847
2186
1582
3341
1226
2030
2212
174
1006
623
1224
1283
1454
1813
2145
2677
1783
2152
2971
2649
2277
1646
1975
984
2412
2180
913
1427
1627
1252
1782
977
2393
3123
2943
1204
2776
2111
170
2148
512
1797
1420
2159
1689
2982
1576
923
945
2452
1178
1313
2251
2259
2326
2464
1531
1388
1292
917
176
1825
839
2811
1606
2549
1323
1488
2185
2529
2249
2124
2560
1558
172
1080
175
1729
130
1865
2568
1487
1815
2283
2942
175
3025
1883
1344
2220
1859
2523
1672
1852
2496
175
2134
1584
1294
178
2998
2312
1387
2133
1566
2638
2163
175
168
1563
1238
1994
2168
177
1056
3068
2205
1843
1309
2266
2022
176
1093
291
178
1168
1375
2628
1315
1510
1317
1160
1493
2499
2477
1051
1496
1662
174
2031
2121
1399
178
1449
2328
1586
177
1638
1626
1902
2314
1308
1743
373
1600
1384
2618
1522
1483
2171
1677
2375
970
2871
2960
4095
2286
272
2176
168
2243
2089
1532
1049
179
1718
2882
1871
1300
1514
2259
2410
1467
1256
2075
178
2099
3127
1683
2080
2683
2332
2489
2975
2108
1827
2277
1205
1759
2173
1629
2045
1025
2141
2982
1781
1727
333
1811
2251
682
1434
1818
1184
514
1095
2148
3168
1464
1907
2026
1994
2112
1130
2917
2126
2230
1917
2114
1115
2759
1019
2147
2192
2784
2681
1919
1518
2700
2341
337
1137
1362
2860
1323
1843
1141
2143
2209
1375
2222
174
2483
2399
1384
1767
1230
2492
1571
999
1925
2239
168
177
175
2363
2015
2128
2027
2182
2472
3032
1409
1586
2170
1048
2190
173
2417
1367
172
2242
1357
2923
1535
1725
1039
178
1336
2201
988
165
1812
2496
1516
2304
2379
1620
1258
178
1494
926
385
2222
2173
2141
2006
1851
1604
1307
3071
2174
2139
1547
439
2142
178
2544
1987
2339
2245
2130
2424
2436
2167
3071
3162
173
2744
1418
602
1643
1150
3031
1759
1339
1210
1849
2091
174
1296
1363
1012
2968
2246
1133
2517
1038
2125
2273
2593
1375
1231
166
981
2278
2003
1475
1708
2253
298
2202
2203
2151
2149
883
128
1433
2609
2835
172
2275
2861
2217
2181
1012
3044
2674
2232
2178
3108
1600
2122
1190
2361
3028
2245
2047
2196
175
2729
2168
2305
2717
2018
2693
176
2469
1737
2150
2170
2474
199
171
3014
963
2801
1680
174
2172
178
1462
1278
1610
2194
1908
2218
2527
2166
1361
1520
2534
2186
1348
1355
2108
2153
1579
2222
1043
1451
2170
2394
1152
1698
1534
1094
1750
538
2464
998
226
1565
1048
2479
2305
2484
2630
1026
185
2147
1354
2313
2180
178
1889
2285
810
892
180
1514
1020
2473
2603
2982
1308
2311
1869
971
1566
2442
1296
178
1507
2239
178
1417
1215
311
1780
2281
1637
2981
2747
2302
2136
2392
2628
1305
2127
2129
2114
175
1476
2027
2090
2890
2422
2957
2236
172
1353
1540
1568
2128
2991
2169
2109
2273
2012
2085
2298
2161
923
2226
173
2093
169
1710
1187
1354
1301
1246
2398
1747
179
2302
1940
427
3056
2334
1901
3126
689
3024
1912
2278
1340
166
1743
2309
2325
2159
1834
1408
2637
1843
1218
2090
2691
1234
2245
1811
1029
1698
324
166
1883
2174
1763
2990
3071
1517
2476
2299
175
2430
168
2208
2187
176
1141
2579
3054
987
1734
977
2108
1119
1106
954
2100
2236
1891
2591
2120
1938
2578
130
1628
1393
2427
1367
2954
1014
2041
959
907
2118
1693
2177
1379
374
175
2492
2802
953
1481
2959
1868
2068
3018
175
176
1286
178
2408
623
2995
2445
1664
1412
1569
2246
2193
2132
2020
2401
1210
3099
181
1207
1005
2078
130
1521
2392
1668
1273
2139
3009
2147
2914
167
1372
1041
2147
2291
1353
4042
1517
178
2935
1371
3011
1685
1841
2157
1729
2957
1212
788
3011
2097
1706
2051
1322
2928
1692
2155
130
1407
2047
2127
2178
164
2516
2325
2494
2841
2103
2484
2089
2100
1326
1122
2105
2159
2116
174
169
2176
1006
3075
2966
995
3085
1392
1829
1973
1840
2321
2734
1730
1977
1371
2366
612
2074
1509
1384
2155
174
175
3116
2210
2233
2625
176
1809
2408
177
2582
1900
1624
130
2468
613
3018
2642
1094
1403
170
2293
2094
1716
1514
2921
1856
1549
1307
174
167
1325
2079
3051
2629
2981
1414
3138
1475
2818
1551
2222
178
1800
1586
996
1786
3062
553
2248
2513
1015
1658
535
2497
2761
130
1582
128
1620
1315
1581
3039
585
1590
2215
2128
3150
1638
959
2125
1599
1190
2627
2217
1218
1673
1477
901
964
2178
2261
1390
1373
3069
2246
2492
2238
1514
2517
173
1094
2242
904
2203
2500
178
1636
2198
2724
2966
1341
1578
1838
1969
2248
1753
2052
1515
2148
2633
2598
2244
3117
2141
3331
3102
2402
996
3007
2446
2135
2594
2175
2207
2933
2954
2257
1625
1838
1264
2112
2702
2973
277
2311
2210
2926
1282
1420
2398
2251
2064
1943
2151
178
1060
2176
1324
2951
2138
1308
2214
2217
1627
1930
2139
1991
2431
2102
2193
1765
2274
3011
2322
2025
901
1744
2130
1118
1822
2772
2223
1107
2422
2291
241
1204
2135
1393
2093
2588
682
2929
2552
1158
2155
1151
919
2702
2417
2103
2446
165
2234
2188
2964
1314
2065
168
2913
2451
1769
2376
1651
1537
178
2135
1802
1551
1411
1628
178
2963
1185
1480
645
2330
834
2212
1708
2073
571
2193
2428
2272
1729
1936
1560
2134
1598
1805
1618
178
1582
1575
2067
1823
3016
3503
1852
2073
2514
2157
2243
1841
2193
512
3024
1730
1489
1846
388
2089
1813
486
1446
173
2166
2910
2430
1694
2021
2202
173
179
2428
2206
1458
2141
1172
2469
3159
3116
935
128
1542
2831
495
1356
1549
2560
1353
1543
1020
2984
2296
2641
2291
1238
1029
2597
2007
1155
2091
176
2063
2632
1963
173
2976
1863
2024
178
1683
2588
1986
1934
1047
2025
2990
2184
2386
1342
2270
2244
1445
1186
2099
165
1453
2897
2553
176
1225
2230
2187
1300
1998
1008
1198
2227
2196
1315
1485
1365
2664
1957
175
2486
2216
2632
2909
1793
2623
2564
1835
2938
2124
2181
2501
959
2219
4055
2230
1975
2563
1950
1531
1275
1133
2049
130
3725
1731
2150
2108
2493
2198
2459
2304
1280
163
173
2439
1518
2302
3670
275
2953
2880
1524
2953
1970
167
1406
1418
1017
2172
1319
1351
2240
637
1609
1293
2740
2654
2811
2117
1419
1223
1078
2393
2995
1575
1333
963
1053
2222
3080
1991
174
2538
2627
2078
2172
2001
1489
2132
164
2184
2115
165
2155
1115
1346
174
1294
1510
1302
2218
2258
2100
2560
1916
2677
2147
952
2179
1421
1660
1625
2226
2218
1720
2319
1544
1694
1179
2333
2174
1451
1415
1128
1575
1152
178
2218
175
1749
2456
1289
1642
3053
2094
2130
950
1516
179
2421
2071
2222
2533
2164
1684
969
2113
2486
1670
2128
1287
1936
1554
2296
2032
1635
2103
1396
1766
2096
2281
2223
1209
2208
176
949
172
2978
1722
3037
1275
2554
1398
2336
1160
174
1208
1705
2239
2308
1716
3187
2110
1251
175
2901
165
1045
2068
2106
2202
129
2144
1346
966
190
174
1751
1127
2129
2540
2210
2647
518
2219
2149
1304
1362
2204
1546
694
2148
1422
1730
178
1928
211
1643
1213
2248
1367
3043
1821
2915
1358
2149
1438
3689
1778
1997
128
175
1630
2252
2201
1419
1412
2483
2151
1723
1889
1385
2175
1753
1007
1535
411
2173
2454
1942
1281
1729
1892
1588
168
1319
2043
2043
2808
1563
171
2359
2182
1126
1352
4095
2568
1691
2026
370
1868
1933
2217
2372
2188
2692
2120
2350
1030
1154
2199
601
1941
164
2568
1618
165
2586
177
919
2933
2184
2912
1438
2943
1324
1258
1517
2497
2066
458
1000
2160
1873
2158
1967
1566
1518
1687
2953
1570
2188
1847
2931
178
2334
2346
177
2688
1923
977
1544
1858
178
2394
2029
1355
2194
1347
179
1253
2171
1937
2478
1655
2060
1086
2201
2272
180
2105
167
1339
1249
1352
3005
2228
1211
1472
2227
1811
1440
307
2896
2431
2335
929
2864
1655
1475
2248
177
2323
1674
1672
2107
2142
2592
2456
1303
1644
2128
1664
164
128
1403
2400
2344
2147
176
2123
2998
2151
2508
2120
1235
1631
2157
2227
179
1605
1946
2114
520
1627
314
2133
1635
979
1617
2113
171
2175
2173
2182
1838
219
2154
1526
170
2098
1806
2771
567
1354
1724
1260
3004
1615
1953
2318
1787
1393
1684
1528
1027
1005
3900
1433
1702
2560
2201
1395
1287
1270
1842
2279
1282
1194
2130
2184
3040
1740
2152
2966
2747
1487
1353
1321
1226
1475
2482
1566
1695
1492
2148
1183
1118
2851
1815
2231
912
2304
2296
1607
3071
1149
2185
2304
2203
2198
1911
1784
1475
2365
2280
2366
2728
809
1204
2244
1480
2797
165
174
2113
2363
2146
175
1407
1379
2179
1509
2126
2190
2134
1892
3013
2157
2534
3712
2696
663
2481
1359
1381
3103
380
2171
2084
2718
1370
1729
1449
2206
2201
1416
2048
2249
1765
948
2325
1933
1535
1717
2219
1098
1243
2635
176
1764
989
3247
1721
2398
2146
2018
2205
2855
1259
642
462
171
2411
1214
2177
2112
2188
1782
323
1197
2466
2041
1511
1704
1853
2226
2630
935
2889
1287
2068
1814
174
2428
407
1661
4095
3454
1505
2163
2920
2666
1264
1609
2723
1864
878
2135
2025
2075
130
1424
2109
1261
2915
2143
2339
1539
1006
2231
2403
2897
1172
2217
1002
167
1597
2584
966
2968
1993
3059
2540
1858
2002
2187
3096
1922
2536
2106
2301
1922
2224
2516
1322
2240
929
1099
2579
2097
1807
2292
2526
2434
2201
2136
2569
1576
2138
1546
1310
1074
2581
641
922
531
1221
2850
3020
1957
2965
1037
890
2592
1362
2609
1447
166
2224
2287
1574
1804
972
2354
1521
1648
1791
661
1760
2631
2671
174
3029
2042
1726
3067
1629
3383
1335
2411
2275
2199
2441
173
1785
177
2624
2313
2512
2179
1551
1305
2256
2128
2853
1878
2263
2072
2161
1123
2127
2414
2199
1013
830
1792
2115
1780
175
2865
1694
1406
2156
1609
2634
176
2984
517
1373
2389
2089
3036
1459
178
2191
1548
483
1345
1852
1646
966
1059
926
1444
1801
179
1050
2979
2076
2441
1068
1340
2249
1667
2612
1715
1921
1658
2120
1903
2133
2238
1001
2916
164
2106
1479
2237
1579
2906
1251
1369
2860
2024
1775
1970
2236
1874
175
2520
3186
2210
3006
1442
1502
1156
1533
625
1849
179
975
2208
1565
2993
2736
1391
2455
3047
1081
1647
1123
1265
1614
1789
1351
1215
174
2105
164
2127
1587
164
1004
1406
2121
3028
2190
1173
1050
2189
166
177
1534
2469
175
2259
171
1739
1930
1767
1218
2412
2186
1708
1527
2985
1255
2199
2250
1441
704
1314
1678
1744
1768
2307
2601
174
1626
2145
3031
2231
2183
1838
2130
2209
1827
2036
1395
174
2063
1454
2245
470
167
1146
2361
2086
1192
2194
165
993
2912
2140
1937
2677
1655
1489
2027
1143
130
1293
1393
2080
2102
559
266
949
170
1121
3012
1229
2695
2963
1598
2016
2089
2214
1236
1447
2033
2075
2929
1678
1926
169
3080
2096
1483
174
2112
1296
2932
2135
2930
2212
2017
1518
1048
1993
2991
2164
1413
2020
1481
942
1657
2359
2228
3025
1209
1284
3041
188
1325
1211
2408
1711
2137
1651
1436
1467
1099
174
3005
2136
1339
1281
2346
2997
2201
1018
2135
1588
2342
1643
175
1754
2168
2706
1986
2216
2118
3883
3000
1565
1481
1589
3041
1653
253
1731
1725
1323
176
1428
2392
2180
1905
1381
1437
128
1267
2960
1730
2728
2935
986
1186
2832
180
1743
1012
179
2706
2908
174
2097
1496
1323
2558
1114
2544
2602
2195
2178
2165
1389
2604
1573
2257
2497
1580
2443
833
177
2190
176
2483
2255
2366
2870
1044
168
3013
1088
1399
1931
1498
1676
2591
1182
556
1480
2250
2412
1906
2203
170
928
2332
166
1317
2177
2805
2094
2412
1702
2181
1823
1955
1323
1990
876
2172
2140
2211
2176
2710
1192
2970
1225
177
2196
1065
3056
1093
2121
203
2077
275
2925
2938
1481
947
1114
2170
1294
1662
2731
2122
1631
2137
2765
1503
1369
2199
2024
1407
174
2128
2182
168
3113
178
1131
991
1457
2202
2178
2646
1116
1451
1538
1692
1694
3149
182
1805
980
2331
252
2278
1516
1252
1433
1297
980
2224
2161
1961
2363
1890
2240
1556
2211
2477
2489
705
2110
2932
477
1441
916
2855
1138
2281
2118
3003
2952
2581
1908
2185
1502
2179
2932
2121
1691
2069
2904
2831
1864
2593
1999
1556
1682
2109
179
969
2250
2086
1758
774
1202
2093
1144
181
1708
2285
2605
2312
1289
1639
2127
1391
178
889
1734
2022
1940
1510
2209
1068
1577
246
2306
2298
537
2351
1266
2446
2190
1997
2681
1535
2118
2226
1904
1751
2181
1442
2261
1965
2588
2072
974
2954
2095
2146
2334
932
994
174
2147
2541
2939
1753
168
1718
1855
2195
1390
1818
167
3008
1002
2099
1909
2918
2176
2852
1304
1176
2301
2035
1187
973
2496
2216
1737
2379
1256
2248
2978
2254
3033
1555
1760
1801
1699
1698
3023
2941
1681
2502
1382
2374
2172
1866
1106
1378
2250
2757
1472
2742
2627
2391
395
2248
2456
1086
1534
2116
1745
985
178
2141
956
177
1601
2179
1677
1721
2475
2490
2342
2305
2883
1627
1585
1133
2170
2118
174
2429
1517
2072
1717
1443
128
825
1829
1240
1292
2500
2346
1432
2435
2148
1053
2135
2942
2098
2894
3030
2467
2263
128
1040
1175
2218
2209
1618
2996
2348
1532
1266
1611
350
1660
1542
1753
2330
1429
3021
1496
2157
2439
2986
2974
1326
171
177
2664
2190
1662
2583
1227
398
2351
1064
1038
2175
175
1963
1443
2165
1736
2176
1984
1429
1226
1731
2269
1988
2980
2079
2733
1919
1932
164
1340
2152
1027
2084
1683
902
2461
1737
2198
2424
2111
2335
3013
2352
2279
1847
2613
1355
2496
2393
2137
2098
2412
2072
2646
2237
2169
178
2430
2107
3070
2205
2136
2904
945
3069
1710
1286
2137
2077
2258
783
128
1856
1074
2050
2166
1841
1615
1760
173
489
1921
2132
2427
1497
3020
2903
1734
1382
1712
2004
2212
2867
1751
1240
2432
1684
2395
1149
2300
990
1735
3037
2117
1288
1383
178
128
1499
986
1027
1721
1284
1353
2565
1562
913
1672
2775
1920
1329
129
2204
1629
2192
1011
1564
2046
324
3049
671
1335
2224
1630
1981
3071
1743
2253
2531
2925
1939
3003
1978
1218
2944
2590
1025
1031
2254
2981
2426
177
3339
2221
1435
3026
2465
1783
2037
2050
2143
1402
1963
1592
2228
2430
1155
2151
2140
571
2906
1748
2101
2560
1683
1970
1392
179
257
1775
1233
2160
170
173
2940
2221
1797
800
168
173
2109
498
2021
1445
2223
1652
1730
1753
1820
2177
1481
1163
2142
3314
1425
940
2141
1829
1370
1518
1557
175
167
1990
177
1800
176
178
2413
175
1061
1714
1109
1527
2186
2417
2876
2254
1480
2127
2560
1679
1141
3053
178
2197
959
1193
2147
1500
2987
1511
2230
980
1791
3133
178
928
1282
1218
166
1013
1484
2225
2256
2516
1224
2054
1267
619
2061
1642
1415
200
1587
1198
1976
325
2101
1494
2235
3079
2136
1877
385
1304
2974
1196
999
1648
672
979
1973
1155
177
2702
2676
1556
130
364
2217
1647
1809
2502
338
2267
837
2074
1576
2091
2080
1702
1636
1424
1630
3126
180
2981
1677
2053
174
1634
2157
1648
3054
2225
2206
1919
2193
1399
1593
991
676
1817
177
1473
668
2325
1197
1031
174
2860
3088
2256
2536
1050
2116
2270
2922
169
1788
2122
1244
1276
931
178
1409
1014
2561
2939
1650
1082
178
1784
1656
2100
2069
1637
1043
1227
3056
2935
2136
1858
1005
1788
2251
2131
2373
2531
2213
1966
2701
176
2085
165
1132
3611
2227
169
2325
2197
1336
1252
2131
972
1741
1386
2168
2214
2823
2555
2513
166
1564
178
2156
173
1617
2253
3012
2252
1600
164
1561
1981
2958
3064
1468
2300
1850
2124
166
2273
2023
1270
2155
2029
2878
1968
1464
2289
1310
1293
998
997
2117
2084
2936
1010
472
2665
1755
1040
2274
1827
2144
2162
1020
1784
1996
1248
176
1128
2203
2208
1442
1964
2185
2852
2520
2014
2862
2542
988
2162
989
2919
814
2169
1325
2065
1056
175
1568
169
478
1769
2337
1303
1478
3034
2156
2350
2213
1790
2317
1651
178
2214
3037
2167
2852
1408
1854
167
2520
1946
2929
2928
178
2253
1244
1166
2045
129
2115
1881
1166
2492
1302
2138
1642
1332
1472
1559
3165
1267
178
2920
2426
1857
1439
2192
174
615
1549
1183
2262
2094
1234
796
1625
1004
1268
2083
1613
963
1979
2449
1104
2272
986
3071
2848
2180
2143
2885
1280
175
2222
2299
1903
179
1794
2110
2048
1179
2148
423
1535
2343
1612
1168
413
2917
928
1898
1360
2147
2119
1727
1457
1686
2075
851
1607
1268
1000
2250
2914
2273
2912
2596
1265
2288
2193
1708
1412
2703
2693
1897
2179
2220
178
1011
2174
981
2062
1309
2692
164
3356
990
2217
937
1622
938
2213
2236
175
130
1068
174
2167
1362
1507
1018
2500
2533
2192
1265
1574
2520
2982
2946
2040
2080
2687
1733
1762
2850
1666
1379
2458
1281
2515
2172
2471
1199
2097
1172
1560
957
3087
2399
2086
1456
1323
2565
1623
1419
2098
903
3104
1281
2249
1178
1824
2279
1711
1031
403
844
2136
1982
2379
1209
2343
763
2240
1747
1732
1594
2592
1813
2883
971
2135
2319
1854
1860
792
2142
2262
2907
1769
899
1669
1508
1084
2289
954
2805
174
1007
2940
1240
1654
2381
2286
172
177
962
1688
1315
2267
2766
2334
2245
174
253
1772
1607
1162
2286
175
2239
2238
2210
2023
2954
2207
311
1561
2665
2947
164
1048
1609
2520
128
1675
225
1045
711
346
176
2399
1943
1810
1406
2447
2156
2205
2291
1212
2311
3152
1711
2225
1070
932
1694
2158
2163
1199
3036
178
1592
1640
1406
2745
2246
3443
2181
1457
2350
755
1200
2054
2213
1707
177
1985
663
965
1095
1718
2180
1201
1580
176
2006
2574
1580
3029
1698
2879
1873
2542
735
2184
1675
1602
1560
1097
1762
1326
2103
2212
1291
1262
1333
996
3030
2161
1776
1362
2481
2827
1665
1614
1915
179
1024
2955
1046
961
1273
2062
2248
2986
832
163
1797
1552
3018
2570
1612
1774
1116
175
1923
175
1599
1723
1398
1707
2244
2202
2177
172
2346
2175
3076
1568
1742
1494
2231
1762
2059
2027
1078
2273
1316
2133
2183
1436
2322
2505
2081
839
1471
2103
1549
2457
1253
164
175
1908
2154
1652
2484
2167
2226
1291
2253
1410
2114
2228
2103
2888
2057
2978
2952
168
2138
2174
2818
1526
2213
2167
2959
2212
2198
2910
2763
2779
1360
3053
541
2167
2087
1033
1156
2476
2271
1440
168
2237
130
3088
2549
179
2123
745
2439
2694
1894
1254
165
2260
2098
2180
2535
2445
2915
175
1357
2169
1083
2250
2611
1598
1882
2345
1043
1397
1024
3011
1175
1271
2408
2780
2128
1384
2173
534
2154
2657
2384
936
1955
2183
2953
2181
2543
168
2328
1034
2166
2197
382
1401
3052
2230
2084
2206
1328
1261
175
2158
1554
1646
2153
2221
1515
1317
2006
1869
2613
1633
2210
2973
1194
1097
3011
248
3358
2286
2124
2656
1306
1288
2681
2481
2252
2657
180
1577
2708
2147
2075
1169
2726
1066
1835
969
794
1629
2488
2415
921
176
2380
2334
2061
2108
1378
547
175
2173
2230
2214
175
1959
1484
1519
1553
2782
2929
2946
2940
604
1264
972
2238
1826
2929
3346
2126
184
1879
2236
2241
2045
2186
2695
2002
1531
1097
1098
2612
2225
1746
3021
1439
2795
2233
175
1929
1299
1267
484
1432
2263
2883
3119
1374
1949
1361
2329
189
2890
1696
282
1381
176
2430
3025
2177
2132
2081
3014
2111
2649
1726
1165
1543
2935
599
1462
1982
979
1585
2132
1531
1048
1558
1926
1698
1275
1094
1710
2857
1824
1840
1001
2106
2222
1342
2151
1220
2219
1184
2988
1767
1242
177
1228
2057
176
2337
1852
1681
2912
3011
2872
2199
169
797
1537
2131
2324
174
1599
1694
1312
3483
178
2560
2209
1152
2124
2066
182
3010
3071
977
1973
2267
2462
2108
2277
1100
1104
3020
177
1640
1332
1486
1498
175
2242
1283
700
2659
2944
2725
2948
1268
1507
2203
2292
2130
2437
2552
2071
2179
1030
1993
1832
173
2112
175
952
1371
998
2204
2181
2173
173
2094
2213
1264
1454
2158
956
996
2179
1874
2881
2220
2064
1983
2084
2369
178
1032
2971
2181
165
2667
2435
3044
1827
2867
1409
1060
1927
2914
1035
2223
2291
175
731
1770
2348
176
2605
128
1458
1577
1769
2203
1295
2022
177
2235
1467
1752
1783
1806
172
2210
1338
2978
2150
2129
2260
175
1550
2185
175
2121
2009
2476
820
1772
1289
2196
164
2177
2212
2200
2920
2061
1999
2116
2087
1745
1490
925
2252
1602
1723
866
2302
1976
2714
351
1092
1378
2250
1242
2701
2308
3026
949
1737
176
1777
2031
1183
1723
1402
587
1576
2129
130
1582
1498
2430
2302
2922
1309
1562
2117
1634
3042
1710
1404
2152
1939
2284
963
1735
2627
177
1459
2319
1188
2462
1381
2731
1530
2094
1018
176
1624
1908
2933
2171
2943
934
854
580
130
444
177
3014
1847
1690
689
1062
1814
170
2577
1729
2349
1831
178
1224
3550
1238
1012
1755
2259
165
1446
2022
2233
456
1699
2151
2130
3714
1134
1877
176
2174
2485
2917
166
2393
1700
1465
1488
2562
1552
2103
174
1471
919
2029
2326
2132
1340
1656
1986
1664
1737
1493
130
1523
2175
1298
2378
544
1032
2646
2541
1590
1930
1152
1143
3019
1084
2313
1440
2028
1354
1193
177
2271
3017
1381
2227
1509
1063
2463
1086
1584
3079
1533
2228
2654
2164
2175
1394
1935
1865
1723
1052
1850
173
2256
978
2969
1277
3828
2251
2099
2533
3190
2068
2233
2069
2080
1143
2975
178
1402
2673
1407
2898
2223
2992
166
2948
554
1250
589
1378
2989
3231
2294
2138
130
443
2530
176
2304
2181
175
2950
3050
1558
2173
1538
1392
2367
2903
2066
3109
1665
1740
706
2365
2933
1843
2169
2445
171
2178
2263
2971
2392
2206
1344
3003
1796
1009
1637
3202
2146
2218
1270
1754
1215
1182
2129
1324
1934
2101
173
179
1945
2312
2004
1057
1278
1273
2754
584
2347
1861
1356
2315
2139
2582
1261
1452
1762
1981
2204
2966
2113
2456
2126
176
2722
2430
2092
938
2359
375
166
1658
175
2959
1817
1331
1051
177
2594
1869
1064
1887
1900
1106
1238
1487
1686
1347
3402
2024
2150
1856
2161
175
2010
2488
1897
2824
2222
2072
2239
1354
1583
1393
1763
3031
1791
1650
1718
130
1578
471
1372
2198
2288
2138
1531
1493
2265
2215
3130
2107
2922
2337
2130
2919
1897
2182
2226
2206
992
1717
1587
1286
2090
1246
168
2234
2591
2301
2290
2001
1863
2182
1471
177
1533
2456
2407
2971
2199
1323
2498
2793
1976
2315
1570
1801
2114
958
2170
1682
1603
1579
2269
1686
330
2052
1652
2941
1731
1123
1697
1696
2904
2333
2291
1050
1983
2076
2238
1540
2910
2154
1648
2798
1822
2743
3078
1749
2044
2207
2146
981
1038
2997
1144
1683
1450
2496
999
3033
2339
178
942
2230
1756
2626
2145
1003
1867
2329
1568
130
2066
1634
2010
541
177
2043
2168
1471
1787
1495
2890
1117
1563
2219
2632
1405
2966
2228
2669
322
1762
1806
1727
1957
2667
129
2942
1538
2075
1749
2888
1893
1224
2383
2110
1080
2967
2412
1303
1535
954
2997
898
2154
128
2120
2499
2169
1053
921
1816
1324
880
1313
1619
1391
2140
1189
2076
1618
2228
975
1714
2261
2128
2245
2212
1994
3031
1285
2128
1283
2498
2283
2147
3095
1467
1633
1229
2595
167
974
2117
2213
2304
2197
2226
2387
2552
1870
2134
1838
2281
2220
1725
1014
2141
983
2030
179
976
1483
790
2968
1070
2028
1130
1487
2349
2233
2301
2438
2218
1592
1669
1704
841
1585
273
1024
2932
2242
174
1722
1420
2049
2384
1817
2151
2088
2155
2220
2184
1555
304
591
3017
2160
357
1549
1785
2469
1829
1403
2188
1009
2887
2067
1949
2088
2536
1240
2857
2501
2173
1399
1116
2699
2168
2262
185
1968
165
1382
3007
164
895
178
165
2468
393
2544
2587
1003
1146
1219
2126
2214
414
2150
1209
1212
2147
168
1406
1596
925
2890
2117
2259
2488
1176
2586
1102
1391
172
2982
173
2142
2182
2144
2239
178
170
1508
1721
1322
2630
2321
2094
2245
1242
869
1810
1621
2503
2920
1608
2222
731
2361
3036
2537
1406
2999
524
1614
587
175
2512
2548
2493
176
3127
2315
2128
168
2923
213
1301
1408
174
1492
2160
902
1202
2846
1739
1651
1215
2231
342
1242
3026
1270
1392
2300
2192
178
1524
173
2017
2299
175
1580
1193
2424
2055
2234
2226
1107
2114
2272
2694
1113
2138
889
1040
2348
2000
2205
2326
2238
167
3016
2076
2110
2233
2101
2971
2318
1211
2700
175
2394
2059
2585
175
1033
2421
2297
1880
1611
762
2192
1458
1383
1641
1043
2500
175
2942
1125
2980
2474
1386
2256
2568
1005
732
1862
2167
1226
1486
759
692
2919
165
992
1373
1675
2202
1309
2268
1559
2199
1645
1741
2154
4095
1181
2209
1277
1542
1526
1791
176
2911
1600
1388
2444
1719
2260
2952
1512
1041
1188
1589
130
1153
2200
1054
1920
173
2296
170
2272
502
1754
1548
1146
2086
2392
2121
2582
1135
2616
2220
2184
512
1433
2242
1798
2614
2712
177
1482
1055
2102
1017
1361
1443
1592
2246
1011
2226
128
2523
1619
3002
1047
2436
1275
1669
2235
561
174
3034
2579
1635
2167
1645
297
2212
2316
1490
2752
969
1419
1719
1835
167
1872
3011
1332
174
1797
1392
1354
2030
2451
2169
2085
163
1056
2190
1661
175
1333
2947
2539
1232
1164
1832
1654
3151
1707
2147
1758
2056
2209
2327
1475
1956
1779
2342
1321
2936
180
2945
1833
1451
2987
2672
2218
1240
2268
1961
1486
2255
180
2283
2289
1563
946
2326
179
2146
2146
2208
991
2139
180
1056
1516
2835
2145
1139
2140
379
2066
1375
2116
1590
1813
166
176
1313
1367
176
1002
2968
2428
1001
1497
2490
1182
1078
2216
1247
3071
1172
1129
1165
2827
1198
173
2027
1413
2233
1271
176
2229
307
2109
2464
2174
2306
2667
1358
1555
2118
2191
1726
555
1419
1847
2236
2065
253
1035
2619
1596
168
2088
2091
2147
2082
2306
2480
1569
953
1636
2353
165
1692
1220
1001
1330
2232
2124
2975
2241
1700
175
1123
2209
1563
1649
587
2205
2998
169
1387
2163
1621
1095
2925
2222
1499
1324
1007
175
651
2177
1021
2084
1137
2056
2169
969
174
1736
172
2800
1200
2333
3025
3047
1047
2107
2115
2365
130
167
1698
570
2121
1963
2142
1678
2617
1519
2094
2166
3031
3009
1606
1647
1100
1890
177
3014
2077
2186
2656
1439
2902
1212
2982
3017
1514
2181
1971
1842
2204
169
2220
1243
2954
1163
2944
2993
1673
2102
1922
550
1206
2676
2494
2423
1620
1016
2193
1211
1534
2108
985
2116
1674
2139
2278
2248
933
2526
176
1339
1040
967
1507
2474
1904
2677
176
1540
2937
2145
3596
2001
2177
1621
2265
2711
2279
1753
2156
1507
661
178
2229
1756
1227
2907
2807
2129
1485
1679
1450
1761
2218
1961
1299
1719
3068
1209
2130
179
178
2363
2985
2927
2205
2887
1626
2653
1791
1645
763
1503
177
1862
2173
1896
1663
2200
1325
902
1873
2170
3045
2270
1333
3028
2353
177
2294
2590
3033
1846
1703
2125
2203
2772
2047
2184
2465
2154
1591
177
1269
2172
2855
1773
634
178
2210
169
2975
1132
2174
2126
2047
130
1644
331
449
2307
1328
1835
2461
1738
1508
2256
2235
2421
2859
1844
790
1471
1549
2176
1171
1304
174
1753
2296
175
2311
1217
2028
2146
2145
2233
2981
2087
867
1084
1619
527
1426
1603
177
176
2122
1429
175
2997
932
2188
2264
2143
2121
2226
3927
176
1045
1136
2952
2544
2168
3056
2507
4095
2042
2262
2151
3005
3089
1592
1631
1396
2240
166
258
1468
1838
174
1581
3021
267
1177
1586
2895
177
325
1416
1229
1388
2166
1499
593
1348
2171
1636
2334
175
2357
1307
1358
2121
2972
1061
171
1694
2083
2161
1696
1958
245
2358
1015
2445
2160
1212
2429
1737
1738
1607
179
168
1897
1940
276
1624
1883
397
1834
2872
1377
3057
2914
1741
803
2193
2123
2722
1493
3036
1461
2051
1661
1943
1289
1322
2108
1253
2157
3056
179
827
1706
2636
940
1608
1050
2684
1539
1705
1008
1538
1900
1793
2162
1609
1395
1537
1264
1766
2154
1952
1016
1124
169
1740
2912
2169
2621
2044
1983
1249
2060
1027
1865
2184
1876
175
1003
2455
2195
2441
1000
2302
2806
1506
2537
1430
906
1105
1507
1734
2218
2864
1676
1214
793
166
2114
2094
2180
945
1696
167
2219
744
166
177
1364
1617
1703
1482
673
1856
1007
1476
179
3527
171
974
175
1499
179
1717
1040
919
862
2258
2021
2299
1424
469
2554
2238
1382
2521
1000
2079
2316
129
1532
2104
2191
1341
1990
2070
2898
2182
1965
1442
1893
1640
2093
2330
174
2133
699
1301
175
2249
1240
2893
2988
3354
1407
3188
1473
2120
1576
1505
2924
1597
1326
1520
3053
1842
1485
2037
1406
1430
2219
2124
1722
2005
2149
3016
1512
178
2204
176
2120
1500
1878
2966
1719
2392
177
2254
978
1024
2119
862
2498
2224
3080
1802
1764
1418
1407
2284
2106
1562
1642
175
2374
1854
2020
2642
2226
2620
3044
2702
1884
175
3005
1911
411
1844
2102
3030
2294
2722
1676
1916
2144
2220
2059
178
1896
3056
2867
2290
2141
2023
2086
2327
1153
1946
2228
1006
1676
1550
1589
1803
1174
2336
1968
2395
204
1600
2250
2271
2848
2174
2070
1560
2262
2762
165
1388
1963
1829
2519
2499
1198
1470
2443
169
2642
2240
1037
178
2374
4095
1950
1353
2111
2228
2130
1359
1234
1593
2865
2584
3001
2127
2216
1323
174
2985
2173
2984
1921
2632
2174
2713
178
1555
2500
2513
1601
2252
1733
681
1291
1980
2197
2162
2300
2719
2206
1556
166
3019
1632
926
2911
1206
997
2925
2272
1623
2650
2586
1454
2227
2758
3070
1071
2766
2721
130
1042
2894
879
2878
2152
1007
1004
1228
3026
1982
1752
2170
1891
3152
2164
1921
2074
2999
1687
2106
170
2210
2174
2147
3114
1379
1734
2247
1615
177
2224
1642
1733
2132
166
1225
1611
2570
1191
2402
1670
2945
2068
903
2938
933
1024
1992
1351
2211
1652
2610
2128
2169
1897
2186
174
2518
1696
1296
300
1414
2455
2304
2916
2947
2348
2278
