2702
2747
1733
1975
2024
192
1532
1712
2784
1528
181
191
1900
1554
1538
2225
920
2773
2223
2005
460
2024
1917
1844
173
1627
1949
173
1876
1916
1955
1942
917
2692
2712
186
1226
2550
2293
2791
1981
1556
181
2041
185
286
2822
1099
626
1552
1876
1908
194
1267
1428
1975
1500
550
1593
1120
184
1128
916
2795
1654
174
2266
4057
2001
2360
1001
173
2140
2791
174
1862
1185
1239
578
1950
2718
2069
1400
176
2717
185
2186
467
306
1551
2129
186
1947
1623
1488
2021
1917
194
1142
2215
1617
1275
1082
1691
1884
1993
1391
2384
869
191
1146
2144
2435
172
2066
1641
2017
2041
1498
2114
1618
1932
2052
1844
1349
177
1218
2298
1265
881
2158
2841
1999
2311
2448
1993
2004
928
1965
880
1962
1471
1607
1111
1735
183
133
468
2099
1986
191
1773
1650
682
2012
948
1390
180
1979
2852
1612
872
1964
2449
1711
1592
2021
2768
1089
496
1106
191
2351
1733
1949
2008
1892
189
1929
2009
190
1461
1178
1079
1973
529
895
1958
2805
2207
2817
1353
185
1167
2206
1839
1643
2597
2896
362
1201
1290
2723
191
1985
2018
1341
178
1576
2683
2766
181
1993
1985
183
2255
875
1586
960
1289
2149
1327
1331
2196
1861
173
524
1859
1971
188
200
2253
1534
1439
1693
2356
1722
174
1934
2000
1971
1929
1558
1940
1034
1518
998
1711
968
907
1900
2343
1469
1887
1646
2350
1435
176
1444
1328
2063
1388
1935
1983
2042
1868
1237
2070
1178
1879
1206
1232
174
1823
928
177
2067
2428
2045
2421
2953
1386
674
2056
173
1625
190
179
2662
2711
1056
1421
1912
1364
189
1291
2031
2374
186
2020
2615
2358
2342
910
2750
1453
2731
1968
1438
1850
1893
180
2161
1511
1360
2688
2697
895
1434
178
2258
1877
1985
1977
2424
962
1726
2474
1297
2883
1836
1939
2406
2263
250
2387
2068
2171
1601
1922
2149
1434
2255
2321
2282
1569
2375
1306
184
180
1687
184
740
1207
1591
216
133
194
1996
1755
357
1938
930
2005
2041
588
924
2848
2258
1801
623
1480
1615
961
193
1482
1809
1762
1306
470
2085
2019
187
2286
1182
1537
1957
1577
1855
1221
1994
188
1931
2787
1457
1894
1238
192
1906
175
1486
2189
1988
2038
2152
1294
195
1945
1282
1219
1238
1961
2710
2313
180
311
1315
2548
192
2017
1740
334
2187
1963
2047
1971
2744
1461
173
1681
1177
179
970
189
174
2780
1936
2096
1509
2284
299
188
1949
176
1287
1642
1720
2687
2763
936
190
2034
1988
1469
1827
177
190
2681
1986
1418
190
174
1927
196
1131
183
194
2030
1379
2009
1365
2750
1580
1987
1934
1790
2806
1509
907
176
1465
2375
193
2789
1951
2781
182
908
2006
194
2514
2692
2023
2105
1906
181
2010
1958
1034
2149
2642
176
2797
194
1971
1774
2021
909
1017
2058
1416
189
2789
2121
1500
1584
239
2687
1343
176
1489
193
185
1198
1330
811
1965
2758
1696
1643
175
2077
1028
2056
2726
2830
2286
1116
1602
193
1476
1588
2016
1185
2066
2015
2026
1426
2356
331
1968
1508
179
1485
2667
2291
2009
2782
1365
1906
466
913
2342
1222
2220
1947
133
188
2006
1603
1280
2012
655
1433
2376
1027
2034
314
1597
189
174
1359
192
1011
1713
3292
1562
1017
1328
1147
2011
901
2158
1417
996
184
1965
1274
189
2125
1176
2296
1961
1245
218
1489
1943
1297
1127
1983
1499
181
2356
2108
2028
192
2431
181
1827
1961
864
2702
2011
186
2026
173
2711
1287
173
2318
1136
1224
1733
1995
2064
1178
929
2049
1741
2058
1711
933
186
1945
1951
1105
320
1862
1760
1429
1547
1589
177
1949
1528
207
2398
2265
2065
1694
2834
2313
1526
832
1857
191
177
182
1589
1915
2466
2713
174
184
1551
2101
1490
3395
2762
859
1911
2266
2800
1217
897
2840
1476
1609
1003
1942
2063
314
1755
2260
1074
1680
1494
1893
2140
1793
1954
184
1216
2039
2197
2263
2121
901
1399
1860
1225
1422
193
2210
1469
2502
2324
2230
297
2169
1370
193
1342
2383
191
1989
1387
874
4095
900
1673
1889
1412
1498
1940
1261
2288
1915
1377
188
1579
2091
1448
2197
1593
1757
177
198
1280
176
2732
1968
180
1877
2223
947
2026
2297
1795
2005
2788
1949
197
2608
1785
1944
1243
2254
1977
2768
1561
197
1800
1908
1987
1960
1894
1167
626
410
1969
172
2676
1412
808
1397
1461
1119
1175
1727
965
872
1754
1367
1599
2327
2093
581
1987
2631
2678
1264
1204
2607
1890
2413
192
2124
2717
192
2577
1708
1366
2125
1975
2082
1924
2714
1527
2490
971
1987
2890
1682
1943
1896
1218
3432
2029
1888
1326
1301
2013
1998
1655
1900
1647
2351
1959
492
1970
410
2000
1880
132
343
2060
1312
1947
2501
192
187
1997
194
1511
2367
1921
195
2007
1337
184
898
556
1767
1721
2019
1968
693
193
2810
2814
1836
814
1156
1345
1259
1942
1309
2180
1286
192
1951
2053
2264
968
185
2012
853
2337
1830
2340
2002
2669
1011
1448
1956
1959
1351
2429
1501
187
1957
1363
1638
1160
179
967
784
1959
1415
355
179
1612
1187
2710
1402
1233
1528
822
2001
1363
2336
2160
1987
488
1927
1868
2044
1407
1986
2099
1506
1346
489
1917
1972
2412
2188
1961
2091
1467
2822
1354
1871
2036
771
1025
958
1854
382
2852
2335
1951
2054
2089
1901
1602
873
1099
2395
2121
324
1375
2050
1765
1628
1631
178
1989
2799
181
1985
1931
2136
2067
1154
1942
1435
2377
179
2081
2764
2037
979
1961
185
1807
971
1977
1909
1760
2078
1967
1512
1931
1950
1515
1549
132
2007
1600
2073
1154
1448
839
1919
2298
2285
2590
1362
191
2018
1989
1962
1999
1490
190
1299
1101
2000
1932
1951
1542
1350
2070
1993
1982
1919
2440
1604
1114
1920
2033
192
2810
183
1325
1304
1597
1904
2107
1332
1581
1411
2128
2306
1379
2875
1847
1998
1633
1765
1941
191
1237
1770
1363
1521
233
1917
1488
1965
1441
587
924
401
2171
1897
1378
2708
177
1898
1391
2164
202
2400
1760
2369
2585
1800
1209
179
1895
1995
175
456
1163
443
181
192
1612
2292
2791
1739
1755
1714
173
379
1963
174
183
1986
1480
2706
191
2703
1949
1682
1476
2817
191
1955
1480
2530
2362
2315
2742
1212
1877
174
2078
2053
1979
1369
2146
2010
1219
2109
611
182
1959
188
2103
1920
1947
2775
2667
1996
186
1456
1215
181
2482
2523
1892
1214
1971
177
2035
2885
2270
172
186
192
1872
2489
193
2254
1480
1056
191
189
1649
1850
2038
2012
568
2074
2525
1979
2059
1930
1492
2048
1912
189
1972
923
191
1280
2725
2880
1721
601
1376
203
1931
175
188
1590
1748
1809
443
2380
1645
1581
192
179
2164
1544
189
1814
2275
1184
884
1908
188
2304
176
2381
193
196
1962
1944
2047
1898
2335
2078
2352
176
2712
942
179
1465
190
1186
1965
1637
1557
1910
2001
2108
992
1905
877
175
2060
1575
1237
1255
2341
2325
2029
2114
2004
2005
1972
1294
190
1249
179
1782
1419
841
2245
182
2100
2851
1886
546
1689
1208
2028
132
2035
185
1306
1946
181
1980
2823
1920
246
1895
183
2778
1224
1373
1304
1983
1776
193
173
184
1406
2533
187
2257
1228
932
1278
2138
2064
1321
1291
1134
2059
175
1862
189
1876
2244
1944
1649
2311
185
2233
191
1770
1369
2111
2192
1695
1693
2092
180
2522
849
833
2156
311
2305
2404
1466
1570
1441
2015
183
451
1999
1713
2749
1477
339
192
2668
1970
1620
1294
1951
1161
1981
1813
195
1594
2785
2374
2065
1148
639
1998
183
191
1214
1550
1512
1851
2768
1614
2210
2727
1402
1810
555
1720
175
1869
2797
1436
1801
1967
2771
1223
1992
500
2460
1996
1358
1376
1362
1210
1129
946
1992
1546
2675
1209
1552
2734
2725
1420
1850
2048
881
1857
2035
1945
1102
2013
2812
1954
1974
1907
1552
183
1647
1091
2136
1946
1706
2081
965
2010
2667
1327
1940
911
2283
930
1334
1461
176
1547
2369
945
1401
2006
2466
1402
2450
1558
193
184
1876
1994
889
2802
2469
1527
1333
1504
1776
2474
2197
1326
2743
191
178
1925
1954
1530
930
1664
1377
1368
1965
1945
186
1415
2332
1941
1346
1902
1658
1899
1364
1001
189
1429
446
189
1985
1952
2000
1907
484
2031
1657
1912
2248
1895
190
187
1796
192
2029
2349
2864
1476
1306
525
2001
1539
2118
2011
1830
1930
176
2803
1008
2396
1269
1976
176
2903
192
175
2291
190
1860
1947
1972
2420
184
1206
2565
874
2249
178
2027
2054
2548
190
1304
2009
1921
2731
2304
188
2320
909
1172
305
178
2272
183
1794
191
289
1385
195
345
178
2304
1287
2095
2065
1373
1553
2130
2026
181
1550
1965
180
2817
1975
1403
1392
1270
2939
2104
1711
2792
191
174
1072
1312
1488
1491
1904
1980
1670
190
519
1916
1053
520
2000
188
1382
1449
291
1553
192
2816
2028
1474
1238
2243
1181
1357
1967
2027
1832
1988
916
1984
2243
1667
178
1443
1637
2237
946
1305
2045
1969
2412
1595
1469
1998
2027
1915
1072
2336
2057
195
1360
1591
1282
2428
573
2470
174
2435
2135
1961
1095
2063
2797
2851
1939
1978
1864
187
2734
1144
187
1480
191
3430
1204
191
892
1413
2016
2000
1614
2055
1496
1483
1777
2014
180
1609
1683
1579
2830
2041
1402
1324
1970
180
1939
2800
2010
424
1519
1479
198
2663
2755
219
1492
1559
1267
171
2831
500
767
452
1954
173
205
2855
1918
2236
1496
1953
2015
1945
2008
1801
2324
1639
1483
1222
1178
1140
2290
455
1962
2472
178
2081
1961
1650
193
133
932
132
1981
573
1995
2766
1226
1531
179
1893
2754
300
1488
482
2587
2093
1076
2825
1563
630
2175
2278
2493
1087
806
1772
1479
2078
1952
397
2001
187
1436
1529
1911
1431
1303
1332
2706
2039
318
2750
1970
2463
1990
131
2706
2006
1982
1305
2433
189
1067
2629
2745
2286
174
734
2759
175
877
1353
186
1052
184
2046
1805
1965
2292
1278
2410
1268
2193
336
1962
1303
2772
515
2795
197
1964
2080
1069
2021
2766
1626
2005
2119
2056
1634
1356
1955
1859
184
2245
2587
1902
1242
2726
1773
1541
2293
1747
1587
2191
619
1913
2028
1138
1253
174
1727
1850
177
1961
2261
1703
1538
1682
279
1777
2876
2700
2828
1937
916
1083
1974
1526
1410
1916
273
2172
1583
1328
178
1625
191
622
2430
200
1420
2434
1625
2868
1930
1915
2104
1370
1938
2028
2371
1838
2012
1976
2192
178
1535
363
1943
2836
2734
2169
1968
1633
172
1138
2060
1311
2126
1481
1745
133
1975
1980
186
1603
1942
655
2464
545
193
1688
1775
1580
1979
176
189
1978
177
2063
185
179
2817
1461
1934
1971
2060
1620
1281
1145
2655
1473
391
180
1560
2475
2796
1514
1984
1400
1552
1631
2207
2369
2054
2076
934
1495
1531
2711
1413
185
2024
2794
1877
1495
1235
1895
1981
1323
1845
1987
173
1882
1443
1479
2724
1941
1135
2419
187
1103
193
2004
2375
965
2089
1311
1455
2206
2183
1982
182
2772
2424
180
1894
2750
2115
180
198
178
183
799
177
181
2054
2308
1497
2035
173
2385
2039
1317
1569
1207
133
964
842
2302
1555
374
177
1730
1252
1334
2025
472
1983
1725
1403
2369
929
1406
692
2057
1449
1392
787
1937
177
4095
1975
2249
1845
854
2492
194
796
920
192
562
885
1867
2037
1576
1346
2611
1985
2366
1902
2422
1904
1946
915
1784
1354
2075
1259
1150
2007
2741
1841
905
132
1963
1955
1737
596
1449
1586
1170
191
1381
521
193
1573
1743
1519
1231
2309
1968
2015
1181
1493
450
1479
2651
1955
179
1612
2067
2160
254
1291
941
1951
179
179
1986
1876
1707
2669
175
182
472
2856
2456
519
173
1914
1049
1471
2325
2268
1519
2334
2845
1270
1661
2019
1973
880
2853
1431
1538
1415
1608
1797
1134
175
188
960
179
2088
2396
2012
1580
1291
1992
2325
1970
963
2377
2810
180
2003
184
308
974
640
943
915
1062
2050
192
1408
1152
2432
1522
2057
192
1987
1417
2388
1614
132
1329
221
2064
1928
1968
2504
2337
2311
1981
1772
1187
1809
1987
1097
2817
1832
2813
615
1265
2921
936
1031
910
1463
1317
1427
1428
2145
1107
1595
1690
1927
1557
455
1030
1941
2487
2959
2439
1393
282
2818
1591
2040
836
1294
1282
2056
175
873
982
2329
1940
2023
2056
186
1851
1851
184
1957
175
2410
1991
1937
2133
866
1305
1797
1878
911
191
1656
1170
1160
1905
2815
427
1084
779
191
193
1250
1598
2091
2854
2122
2525
535
193
1452
2083
2002
186
1155
191
2013
1693
1636
1019
1116
1943
2261
2032
1906
1765
1303
2710
2046
1969
1269
2130
1175
191
186
1958
369
2865
2408
1103
2438
180
2663
1970
183
1974
369
1950
1519
175
2521
1948
2777
1763
2555
1129
2059
1300
1158
2007
1376
1244
2449
625
2156
1938
2036
1960
1994
1998
2098
2057
1207
640
516
1900
177
211
2555
1471
1999
2823
2299
1975
2299
1703
1513
2258
1274
2286
2780
1414
2163
1968
2663
2708
917
2063
1958
961
3379
1916
1789
1007
2888
175
2058
2003
575
1641
192
544
1432
2552
2269
3010
587
2171
2073
1188
1367
1553
431
173
1873
2287
1337
1541
2020
1818
1278
1914
1953
2285
1917
1950
194
2911
2491
2181
1893
177
1979
2508
2743
1999
2457
2136
212
517
1526
191
2775
1256
1423
184
2356
2328
1258
2164
2023
184
1932
2021
2014
175
2498
1965
1693
1882
2273
189
1507
956
192
1728
1619
1423
1842
1978
1851
675
188
1762
2055
1778
2379
176
2844
1675
2720
1056
1511
188
1458
2706
193
2006
2070
2764
390
2785
1482
1903
1760
1826
2070
1961
1963
2799
1650
1986
2871
1267
2079
2013
181
2810
2460
175
1451
1955
246
178
2792
2683
704
184
2184
2091
2077
2056
192
1532
1300
2029
1535
2136
1933
2656
1874
1892
192
2811
558
1803
193
2071
1701
2055
2022
1573
2026
1036
921
1914
1796
222
1911
1544
193
183
2296
1902
1459
1090
823
1514
1031
174
610
895
2687
3154
2766
1472
1049
1954
1950
2461
181
1335
180
2384
2793
173
1777
1605
2291
1796
2045
1415
2019
1417
2058
2703
2629
883
1788
1909
2142
1961
909
2452
1508
890
1946
1902
1405
567
1531
4095
1926
1959
2417
913
2007
2027
1944
1393
2348
185
1889
1958
177
2011
1971
1950
942
185
367
1978
1503
1954
2058
1040
1328
1407
1570
179
1381
180
132
1956
1443
2291
191
2040
911
1524
2253
2045
192
175
2730
1375
1491
1883
1660
1173
1717
2731
2821
2354
1345
2839
662
132
1491
1485
132
2387
187
2055
1629
2839
2889
2862
850
1967
1943
1970
2422
1948
579
466
178
193
2086
912
1507
2020
2216
193
181
2439
1861
1295
1941
1815
1675
2749
2558
2027
908
2368
388
1901
591
1252
2167
1048
1963
1770
1326
1884
1254
2079
176
1516
1701
1585
1981
877
1363
258
2016
274
957
1247
1737
1973
2230
2624
2089
1275
2638
2352
210
177
1991
1916
179
941
1623
1282
2569
2281
1938
1905
2052
179
1325
2703
2778
1454
1788
1961
1923
1907
1756
2022
2802
173
179
203
1245
318
892
1843
1955
1790
1956
4095
2759
2012
2347
2769
1511
1668
876
1616
1805
2252
976
1803
453
2036
2729
2038
2199
2077
1885
2737
2017
2075
2836
2770
2196
195
1168
1346
1609
1982
179
1885
179
1909
1365
181
1203
193
2063
180
1400
1495
1902
1549
539
182
2503
1412
2380
2720
927
2891
1978
1518
920
1619
1606
2779
1442
2502
186
2800
1688
1988
1556
887
1368
1940
1926
959
188
1282
190
2802
1896
1923
256
1553
1949
2026
910
1950
188
2794
2062
288
1111
1342
2191
1502
1643
191
2803
2244
2267
2066
194
1646
173
387
189
1353
1684
1458
2014
1307
1953
1110
2025
187
174
192
1476
200
191
1877
800
1925
185
1684
1555
1935
1480
860
181
1997
1969
1980
1089
1195
179
1820
2357
1449
903
1469
176
2359
2037
2007
2793
330
1525
181
2383
174
2031
2112
2783
1987
193
1869
185
1914
1905
2776
1155
233
1604
942
2015
1396
519
228
2419
1909
2459
192
1971
1270
1527
966
2005
1804
1632
960
892
2007
741
1916
2903
2000
191
1383
913
1505
1498
1909
2727
1901
1956
1535
187
175
1198
884
1567
2007
2699
2026
1689
2245
2237
1084
1609
2026
1150
2800
1979
662
1907
2249
1896
1953
1876
2199
346
2045
2740
1954
1010
2561
181
1970
2388
895
1477
194
179
1325
2270
1939
182
1266
1402
1861
673
2017
2422
1676
2313
272
1675
837
1924
1952
907
1525
1310
1464
1308
231
194
2813
2011
2026
175
1554
1620
1005
2605
1405
422
2142
2045
2006
596
2044
1984
1370
2276
2236
2571
2008
2011
1379
1820
1532
473
188
1942
134
2029
2796
1786
1403
1399
189
1873
603
1526
1532
2010
2701
185
1382
2099
184
953
2691
1164
1639
2657
1983
1032
1102
1202
1965
2740
189
1980
1867
1780
2481
1965
2048
271
2739
489
1354
1250
2811
1513
1254
188
1317
172
2878
2228
2720
2101
1890
227
894
1835
1951
1987
2078
2805
2050
1970
1960
1954
475
172
1139
2349
2025
1717
1721
2898
2469
1540
191
1948
1552
185
1687
181
2584
2056
1840
175
1950
2037
2038
907
1281
1457
2354
2430
1940
1629
1334
191
786
1877
1541
196
133
173
541
2212
1994
970
1362
2521
464
1146
1930
2108
2149
1035
1978
1517
1087
193
868
2061
188
383
1432
2006
2324
2278
2391
2640
193
1947
2164
190
2893
1981
184
1375
181
1418
2143
2010
173
179
507
1409
213
1175
1949
4095
179
1480
2690
2007
1984
2683
2128
1176
2652
2062
1629
1516
1982
3182
1803
2034
1374
1962
1999
186
1587
2821
185
1438
1063
1939
178
1911
1059
1656
2346
2900
1606
2442
676
2745
2006
2405
2050
1213
951
2163
2051
1502
1816
1950
2015
1513
1997
933
185
1514
1906
2004
514
2036
2152
1614
1310
2447
2075
1412
2125
1645
2276
271
2147
1981
2833
188
2567
2863
914
1240
190
2315
1962
878
1562
1374
2040
1217
1518
1946
1356
180
196
1097
179
613
940
945
1435
2680
466
1983
2041
1873
192
978
1925
1990
2338
1986
1945
1215
1373
193
1055
1196
2021
172
188
189
173
2041
2099
1618
1980
266
3097
1907
2052
1564
1286
1347
1938
1471
1888
579
1854
1410
782
244
1535
2982
1548
1994
1923
1823
2118
1544
192
183
1454
191
1392
1728
2597
2793
487
253
176
2872
1947
3112
913
1974
1994
184
685
1920
1435
189
1759
2083
2779
1618
1939
2059
2787
1842
1932
2779
3098
2073
1790
1507
2004
2493
2088
2523
192
1447
1676
178
189
2036
2714
2776
1878
177
1987
1919
1682
1753
497
1119
2049
1613
723
1534
1960
2397
1642
2298
1732
1945
1874
1890
1992
217
2021
1998
2707
1983
190
1945
1774
1892
1276
1969
1870
880
2345
408
174
186
950
1924
1257
188
2802
186
2018
2073
1251
189
1957
190
870
178
932
532
2145
1207
186
1738
193
1755
179
2427
1224
178
1985
183
1541
2744
1434
132
196
1470
340
586
1951
181
2215
175
1362
1201
1247
1978
190
1473
1335
1969
1791
1597
2806
904
751
1315
535
936
2019
1979
1905
1964
1153
2517
1963
1866
964
1997
2035
1893
1451
1666
2714
1924
2105
1841
2624
1102
1934
1801
2092
2838
1371
1935
1572
2020
178
1951
530
2172
1296
2043
182
2282
1325
2223
1236
1994
1312
1161
2026
2096
191
1958
3252
1220
1844
133
1904
1473
1163
227
2045
184
1363
1984
1062
833
175
1548
2222
175
2849
2006
1348
2448
2218
2083
639
187
179
1917
1844
2176
1659
2808
1963
1046
664
1602
2761
2807
1898
2255
2750
1675
924
1933
1504
2025
1335
1142
1688
1310
1870
1357
1948
2649
1897
1952
346
194
942
1503
1981
2766
1042
2756
2067
1354
2148
1875
2963
1299
1449
929
189
1497
1471
1384
2804
1412
1401
1121
950
966
2237
1702
1887
2322
1991
1409
1963
235
2033
1416
1590
182
179
192
2204
179
2007
2486
1104
192
952
1918
192
1498
1288
1446
1153
1425
1948
1482
2001
2554
2097
372
195
173
1923
2661
1963
1174
2043
1502
186
1769
1979
1871
193
759
2057
2713
1963
1938
194
1941
2028
190
1239
1194
1142
2531
934
190
1491
1905
1946
173
1902
1437
1979
189
188
2012
1864
186
1505
2013
1131
178
753
2258
2827
194
1267
4095
191
1624
2871
2000
1506
2340
2555
1771
179
779
1372
1895
1983
1856
2430
191
1977
2016
1921
1226
1973
1503
2013
2763
191
172
1969
896
2795
2046
972
173
1479
540
1922
356
190
1402
1216
190
2732
2078
2761
1904
180
1843
189
1777
1411
920
2018
1388
1584
201
2835
180
1242
2007
1967
1553
2759
2592
1057
193
190
1927
2774
1416
1352
943
1179
2482
2320
1906
1218
598
1227
967
1923
1281
1437
1917
190
174
926
2734
925
1073
1245
2001
175
1102
1990
1535
1830
1958
1918
1206
2006
1535
1841
1448
1106
191
1464
1951
1589
186
399
2015
2027
178
1082
2233
2703
173
2537
1133
2011
1245
2064
3656
2068
181
1578
185
2038
1897
2686
2179
1166
2012
2651
1936
1311
1352
1486
1262
1613
188
171
2376
1931
399
1319
1472
1919
1611
1166
1227
448
174
1463
1165
1964
912
1758
186
2071
2146
2764
2061
1337
1883
1384
1575
1234
595
1532
1884
181
1149
1368
1297
930
2327
1978
1325
177
908
348
1641
1884
2809
1964
1997
1955
2785
1921
2006
1078
2379
1661
1939
552
197
1481
186
189
1883
1459
200
1163
1508
1484
1619
187
2211
2033
1108
1492
1845
1343
2698
627
1902
560
2038
1535
713
2654
982
2756
1728
192
181
2029
192
207
1793
1990
1848
2283
1443
176
1974
2005
1609
1987
1989
1683
2008
2247
629
2691
1651
1967
431
1325
173
2687
191
1826
189
229
2712
187
188
1631
2137
187
2174
1746
1942
2047
1857
1886
175
194
439
1263
1590
1547
2388
2093
1902
1967
192
2294
2199
2089
1219
2017
191
2815
2296
1126
2784
1170
982
2018
2787
193
2222
1205
953
1423
1637
2025
1815
1544
1377
287
1812
2009
1579
2104
1884
1472
1824
1930
175
188
2757
2258
1608
1956
1994
2094
190
1784
1931
1968
2284
270
1282
190
1453
1949
2115
1049
1999
1293
1469
1901
2011
192
1556
1193
2153
2781
1548
191
2008
2782
191
1902
1906
194
177
1721
1955
133
1296
191
2250
1313
1667
1966
1690
193
1954
684
132
1377
2653
2813
2720
188
1820
174
191
2153
1288
2088
1265
1901
2073
1697
922
190
932
1298
2710
1461
929
1880
2031
1391
1464
1999
982
2053
620
2278
193
1168
1999
1549
1261
180
192
1592
171
1950
1609
2609
1416
1808
1964
811
2061
1866
1963
2585
1342
2668
1978
2778
2029
187
1178
244
2351
1983
193
2033
179
2269
578
1942
1448
1280
1418
2146
2306
1214
2808
1904
2034
192
954
545
2658
935
1383
1493
2875
1737
926
1528
1438
1587
1913
1339
191
1937
2020
3212
1820
1982
1835
2693
1860
1987
173
1879
434
1987
1710
1996
177
190
196
2039
1357
2680
1635
2803
897
1116
890
1376
829
1946
889
2028
1098
1223
2202
2288
181
1268
1386
176
2247
628
1951
1956
2046
930
1865
1301
2468
2026
951
1253
1889
1884
2101
1204
192
2136
1502
1568
2138
187
1465
274
186
1979
172
1866
920
1809
1571
1732
624
1406
2037
1442
2843
595
2009
2801
1912
2011
2086
1572
2378
132
2054
2483
1887
2523
2183
2095
1973
1442
1440
2874
1781
2128
2667
1328
387
1153
2159
2331
2086
192
1431
299
2032
1281
1944
1944
1984
952
189
1813
2016
966
2378
2215
1351
1916
1930
1302
2029
174
191
956
1179
2034
2397
1485
1965
1511
1664
1774
2217
684
1972
442
180
948
1383
926
1318
1904
434
2047
1161
2188
1593
2382
2892
1502
1456
1460
2762
1239
2009
194
1944
2847
1165
1650
1358
2015
1651
184
2711
175
187
1180
1491
2737
2636
939
1938
1524
1453
190
1486
2018
2070
972
2041
1584
427
921
2761
1910
955
1229
2030
263
197
1622
1998
1174
2507
178
1945
1702
514
132
1468
1796
2389
176
1990
192
1991
2036
1460
1891
2785
2011
1960
1743
1568
173
1379
2012
2106
186
1727
176
2006
1221
2246
177
1196
1844
1176
1737
2053
2148
173
931
2086
1781
180
1115
1235
1953
2001
887
178
1905
1569
190
2680
1755
1985
1940
1983
1244
2475
176
1934
2024
2350
1771
2101
2763
2555
1982
979
2134
172
2053
192
2364
2051
2015
2117
2216
1296
2763
1273
1772
1291
1552
500
1569
1819
1085
1571
640
1721
2109
282
1978
990
132
1914
194
908
361
2317
2312
2263
1974
2230
2726
1055
258
2791
1524
1042
192
1902
1168
1753
1882
1276
1449
1199
1889
1444
183
1625
1260
2012
539
1436
1208
1929
2052
2737
2057
185
2184
2272
1863
1645
1997
1267
874
1051
2807
1910
2370
1270
2299
2233
2252
1952
2043
1978
1179
928
1684
1644
2307
1561
1878
1166
1604
1216
2227
2044
180
193
2706
1932
1916
649
184
2162
177
1666
2395
2543
1596
2000
920
486
1688
2628
182
1825
926
2397
2293
1323
188
189
2399
186
191
1841
1843
1275
2017
2048
211
2659
1471
1413
952
1814
1519
1075
2762
2306
1013
1288
191
177
1020
1957
1919
324
1037
1005
2121
191
1459
1204
2069
173
2075
193
855
1071
2471
1958
188
1706
3456
1883
934
998
1187
1934
1238
589
2283
1175
1261
1885
342
1366
925
963
2685
2026
176
195
2284
1435
1906
1480
912
2818
1958
1574
1862
180
1594
1222
1307
1302
192
1875
2347
2868
940
2001
192
1415
1362
2020
1061
2538
2735
2017
988
924
2763
2932
1980
2252
305
1302
1251
2895
1097
2013
914
1114
1523
1583
1755
1924
2390
2532
2493
1004
2669
2762
2474
939
1459
1306
184
179
133
1859
1981
1924
2855
2382
2270
177
1903
1881
2123
1976
2243
885
1225
2311
2538
1550
2683
1615
1178
192
881
476
1982
1690
2414
2364
1732
1643
1468
1787
187
2036
402
1477
1888
1976
1922
1297
1037
1944
186
2743
1176
1890
1443
1935
2738
1982
1990
345
1779
1988
1899
180
195
1938
2765
2221
2300
939
1609
1497
1880
1223
178
2313
2339
1331
1644
2043
2031
413
1185
1951
1976
2016
191
2006
2799
1181
186
267
1934
876
703
1516
1915
1464
2335
949
1928
178
1946
187
1236
190
2812
888
2005
1118
1528
1057
886
1535
1983
1754
2349
132
1175
2841
2751
1477
180
2161
1761
2047
325
936
1974
1192
178
1974
687
877
1981
1595
1151
1061
1297
175
1304
1269
2035
1342
1928
946
2117
947
426
1899
2014
2842
1768
994
177
189
970
1964
2291
1303
1436
233
572
176
1910
473
1443
286
1383
2438
192
1411
2031
1161
1898
1646
1885
2012
1137
1834
2348
1489
2376
2132
2018
1075
1957
183
1595
1968
1346
1906
1397
2744
1990
2828
2563
2473
1881
187
1352
905
187
1848
173
1913
1929
2230
290
1865
1616
190
1898
177
1081
1973
884
1180
628
2386
607
2221
181
1309
1251
1074
913
2557
2708
2021
1126
2850
2722
2622
2181
1919
1098
1887
190
1510
1005
2753
2743
3079
2348
1694
1600
1959
2871
1945
1985
172
1933
1396
1680
1790
2707
1122
2803
1995
2863
1952
1509
2315
2686
1579
1595
1941
2090
2083
1602
1125
2059
1884
187
176
1950
917
1072
2364
2237
1514
1991
2028
809
2629
937
2505
796
2012
1891
2004
1892
2026
2636
1542
1962
2094
2018
2774
1982
1181
1658
1153
2719
183
191
2116
1503
1555
2777
1957
2423
2022
1830
2709
1949
1457
1605
298
957
189
2674
189
2777
611
713
1167
2107
1715
1592
177
1630
1994
2005
2778
2163
2015
2187
2160
2271
2736
1470
1939
191
2580
283
1419
1938
178
2749
187
2014
1732
2433
2009
1674
1453
950
1490
1321
2124
192
2046
1718
2711
184
911
1605
982
1649
1912
2378
182
1228
960
1986
1042
2720
2001
184
1301
937
190
1508
179
191
1525
173
2031
193
1448
2336
2681
190
2074
2199
2031
1125
2803
1551
1990
173
182
875
2745
1588
2525
1949
176
1495
1375
1961
628
468
2028
1937
2328
189
1090
2060
2277
2560
2069
1940
976
190
1966
1215
2044
2615
1381
1391
926
1967
959
2389
2360
2072
562
2137
2752
2236
189
2352
523
2046
192
1995
1340
1925
1414
1979
2816
1550
2686
180
2036
1249
1297
2010
1542
188
1873
1447
2044
2808
867
1468
1216
1307
423
1293
1638
1916
2177
1947
1694
2103
1975
1606
1991
2381
914
2085
1697
191
2713
2668
190
1471
2005
1924
1224
891
1827
2431
550
1993
2667
2102
2713
1114
206
2059
1903
1128
188
176
2730
2291
2093
1196
631
1980
1010
184
1785
1994
2513
179
1364
1892
2262
193
1958
181
1890
987
1987
1784
182
1894
2817
2051
1628
2359
2132
804
2778
1475
623
577
2292
184
1226
1981
2045
1997
2042
1503
193
2441
2831
188
960
2002
1805
1982
2194
470
1933
1743
186
2560
718
1342
174
2268
2791
1965
1551
1119
179
1574
1959
1951
1615
910
2066
945
1407
179
897
1482
1984
1731
1494
2025
1016
180
2654
2186
1290
2117
1448
175
1910
193
1518
2079
920
475
1874
1216
665
946
191
2023
1883
1195
178
2820
191
2811
1770
2732
1328
1900
2779
298
1922
239
984
1661
1422
2042
1180
183
1246
2072
1892
2413
199
1186
1923
192
1874
2023
1886
890
2007
1942
960
2352
2552
1943
1909
1380
2851
1992
190
1085
1389
189
1186
2002
1584
1916
2475
1036
2074
1966
1910
2754
2356
1312
2240
1915
2641
1420
191
1352
865
2785
1795
1202
1939
2801
1260
1710
1578
2095
910
1961
1673
1745
2810
1134
2873
1952
2752
193
1569
1271
194
299
2008
598
173
183
1864
2655
585
189
1814
912
2110
1577
471
1951
173
881
2396
2011
1895
1307
175
1359
1983
2018
1855
2027
2128
2192
187
177
1264
1497
1669
190
1911
850
1937
1969
178
132
1568
178
1962
1889
180
1932
4095
1967
1212
179
2232
2269
1089
1031
2096
4095
2165
345
1412
1926
2124
1996
1174
904
947
2777
1631
965
1939
2743
1510
1608
889
2762
1249
1821
2115
1753
1983
1488
189
187
176
850
2614
1791
1874
1201
179
695
1403
1207
1451
1748
1448
1352
190
1402
2794
512
1974
292
188
180
1917
406
2058
191
2095
1790
2343
347
179
1286
1699
178
1951
855
2769
2023
2730
1967
1980
2000
2055
2073
1441
2841
933
456
1104
2099
1740
1523
2364
173
2377
2060
708
185
208
1289
1987
189
1998
2073
2732
173
1338
133
176
2003
1949
1087
2292
186
1302
1460
184
1549
195
182
1982
1454
1912
2801
1915
1711
2224
1008
2065
1385
1939
1535
2774
1961
2183
988
326
1531
2138
2679
1639
2039
2018
1215
185
2340
2211
1302
2063
1200
1950
1908
1856
1963
1468
173
1011
2061
2343
2306
1887
1917
1289
1891
1531
1565
915
1305
1315
2687
2023
2458
1426
952
2630
1877
2197
1745
1583
1929
953
2766
1557
422
2721
1435
1917
2113
181
1995
2704
1638
988
1659
182
1876
1204
1359
2160
957
1035
2560
1904
1234
956
1993
2043
1096
2015
1919
2218
2875
1909
1514
1280
2349
185
132
1660
1973
2049
2041
186
1128
1980
2238
1674
1262
181
1497
192
1599
1684
1300
929
763
2037
176
2122
1589
1176
1958
2023
2865
1199
440
2790
1461
2765
2176
2223
2703
933
1953
2765
2023
2028
1322
1080
1408
1546
1844
2045
1794
2027
2418
192
2063
132
191
1398
179
2182
187
637
984
199
177
1219
1470
1913
1795
1505
1466
1466
2596
1325
1013
176
2060
1423
1052
2875
1681
2205
176
2522
2142
2259
1220
1105
193
1379
176
1939
188
1460
183
2138
1348
2582
188
225
1938
1975
192
1986
2121
2831
715
2794
898
1574
1346
1539
1964
925
1273
1628
1875
1231
173
1689
812
1588
2646
2024
2740
2815
181
1961
1931
2024
218
1301
577
179
2404
1386
132
1670
193
1361
3534
906
974
1264
217
1467
2343
1819
2612
3232
1609
1927
191
186
2903
1530
1971
1321
1882
2164
1396
2291
1876
2159
180
1879
1333
2351
1544
1496
1946
1981
1900
2345
2668
2294
192
1398
1936
1527
2276
1946
1079
559
926
1827
1608
1845
1478
1898
2649
1933
1433
185
1925
1125
1566
2021
2081
1903
189
174
1948
195
181
1239
2461
918
192
464
1642
2039
1884
1320
1365
2174
2022
2000
909
1051
1987
2341
2080
1354
1890
1431
1913
598
182
2108
2426
673
2171
2032
1131
2830
2436
1660
1969
172
2038
1711
1157
2795
2012
1913
187
1776
1355
2856
939
447
1926
2020
177
1534
1258
177
2326
2385
175
1956
1969
2042
1634
2069
2755
884
1867
2174
2408
185
181
1625
2174
2015
2870
1511
1685
2035
178
2086
1512
1984
889
1658
1880
2262
1446
2318
1498
2842
1952
1959
1009
1248
1901
1477
1484
1161
2746
949
1422
195
1296
1600
3500
179
2052
1448
1356
1621
1909
2014
1137
1046
2291
183
190
1533
2021
191
969
1908
1215
2021
937
1628
1912
1339
1981
1923
2091
1127
581
188
2106
1951
1891
456
2019
1021
186
2012
2168
1045
1491
191
1584
191
509
1032
1983
1181
2022
1311
2411
1284
1959
1423
178
1017
2184
176
2129
1617
1981
2771
1849
1991
2075
2710
1647
1374
2775
174
2759
1130
2063
2068
2014
935
495
3026
1975
977
1997
2001
190
188
1985
133
748
2306
388
1979
1568
1984
183
2005
190
1040
1418
1978
181
977
1250
179
1885
1219
2504
1596
2735
1376
1555
191
176
1243
1991
579
1293
1861
173
2830
1925
3081
709
2036
1973
289
1987
969
1868
2773
172
1446
925
2766
1551
188
2781
1609
1869
1405
2067
188
1549
1969
2757
176
2214
1535
2489
1312
1971
2321
192
2001
2438
2058
1343
1992
2805
2024
182
938
1967
1939
2749
1902
2418
194
934
2005
2026
2321
412
1560
1482
1975
189
2002
1349
1448
1096
186
188
1346
1530
2102
1958
1361
188
1955
189
1313
1950
2023
1425
176
192
2750
1004
190
1395
1492
1600
854
2768
2220
2041
185
2476
229
1369
194
1968
1185
2330
2183
1127
1762
2805
1885
267
1934
2078
1424
176
1530
190
1686
2097
359
2011
1997
189
1549
1495
1424
2389
2499
1660
2018
198
2075
2460
191
1940
1948
1988
1934
1953
2195
1587
1949
1864
2034
1533
1990
456
1971
1483
1179
2375
2193
1560
180
1973
176
1312
1716
177
1262
1469
2308
2314
3061
2662
1324
1920
1402
2831
1548
1458
185
2061
2100
2042
1347
1984
1548
187
1255
1850
2312
2706
192
1976
232
2809
2003
1927
1929
1973
176
2862
182
179
2664
2326
1920
192
900
1982
1535
991
2348
1910
1784
1410
193
1464
1984
2874
175
2251
1956
1522
2116
2708
1393
1298
608
1248
184
316
1311
1277
1256
1530
2075
2260
2136
272
187
1468
514
2785
1911
1406
962
1002
1606
1513
177
1411
183
2914
2080
2027
177
2685
1600
2003
1943
1036
913
345
1775
1249
2748
2160
2756
1946
2128
1977
1197
1016
1880
251
1615
1493
2596
548
1658
191
1611
643
1366
630
1249
2842
1523
2706
413
2386
1041
192
1178
1215
201
191
988
1760
1909
1635
2002
1534
2018
1686
1538
189
1950
2004
1583
1943
1915
1295
1263
1952
2185
1383
2061
1614
132
1823
564
1992
1332
510
1107
174
2872
1364
1939
2058
1425
194
181
2410
1377
1168
1880
1979
861
1872
173
1580
1320
635
1760
2309
1331
1888
2817
195
1838
2032
1697
1295
177
1845
937
1171
1465
2150
1450
3195
1951
2056
1032
176
1996
2022
1452
1709
1736
1930
1531
1559
1375
1935
943
961
1715
229
2386
2793
1373
2681
2046
1543
173
2778
1861
722
426
188
2676
132
2335
2658
2142
177
181
198
2026
2064
190
193
2047
1985
2259
2553
1913
1540
1392
1357
2782
2016
1611
191
176
440
1935
2048
1493
1329
2021
2823
1786
1628
1699
181
1961
2276
2039
2194
1764
1925
2041
2313
1967
2010
1976
2133
612
1983
1896
186
192
1233
1438
494
1835
1499
191
2091
1978
1246
173
190
1141
2889
1357
1861
2101
193
1216
1195
189
1959
2013
1985
1202
1355
1352
2013
533
2422
1579
2098
1173
1476
179
192
2772
2482
2102
1261
1979
1119
261
1555
191
1504
185
2039
176
184
767
2337
1941
1378
173
1731
1198
533
1966
2770
2839
2763
2279
1307
1958
2720
2350
188
1150
175
188
186
1383
1209
1506
1622
549
185
2506
2613
1959
1070
1003
1913
177
193
1684
178
2054
2084
1050
2005
182
1241
2679
1576
535
2020
2163
181
1664
1989
2207
2037
1320
1251
191
2044
196
1970
1347
1854
977
2346
184
1403
2452
2753
1620
2170
2727
1900
1994
186
2431
174
1835
972
1885
1462
492
1331
189
2717
177
1954
1421
2584
523
1438
2501
1538
1982
178
2405
2037
178
1183
1315
2515
2191
1964
1733
2417
183
2410
1798
1943
1900
1872
185
1916
2361
1199
1960
2029
2316
1086
398
182
179
2022
1451
1875
1347
2004
1367
193
1176
2015
1399
1403
2720
654
176
2833
2690
939
2039
1379
1085
186
2015
1909
186
191
1548
185
191
1080
1972
2027
2302
188
2818
1713
1949
2187
2726
1980
2495
2000
189
912
175
1354
186
840
1988
999
2725
1369
188
1314
1995
1605
1966
2032
1476
1445
2039
500
1948
350
1926
182
1911
176
964
1935
921
1946
1924
173
1515
2026
2030
2770
1965
1959
1136
193
2410
1940
1988
1757
1589
1911
2036
931
2032
492
2727
1012
2100
191
1691
2052
2764
1876
2736
2818
1246
936
2014
2802
1690
1170
2039
1978
2707
1821
1814
1019
1897
182
1578
2359
1248
3186
176
910
2722
174
1437
191
226
2176
1528
1032
2056
1364
174
185
190
1502
930
2187
675
186
2290
2045
240
2725
2153
2582
2051
1565
2771
1399
2305
1350
186
176
1112
2067
2189
1976
1939
1984
193
2392
2002
2217
1914
2800
1520
132
680
192
1338
2552
2019
2005
2042
1750
1199
2555
943
2828
524
1612
1468
1926
2174
173
1394
1446
2297
1879
943
2866
189
189
2704
1586
188
2013
2025
3093
2105
1263
1962
2052
1883
183
178
2090
1235
1930
2035
1948
1734
2054
184
1938
1961
1966
1332
984
177
2180
1233
1228
1154
1470
905
1988
1456
1893
2427
935
1924
1528
1929
172
1360
191
1174
1670
1377
1669
540
190
1059
2165
2066
2291
190
2751
2469
2044
2218
2078
1810
1302
1187
449
1981
1451
938
1829
2763
1569
2798
1396
1969
2572
1897
192
825
2005
1943
177
180
1879
176
2012
2011
1312
2211
478
1534
2228
2313
2777
1768
225
1424
132
1419
1357
2622
1282
2203
1987
1290
1667
405
1950
2724
196
1971
919
1562
939
1689
1996
1511
506
1606
187
2407
1365
1113
1931
951
1478
975
1994
1559
1395
1703
2416
1665
1682
273
1248
2029
1941
2425
1950
2534
175
2785
1656
1313
976
2626
603
2895
1208
2411
646
178
132
1495
1988
1888
1103
2104
1556
2102
1809
1928
2878
2726
1978
1001
2032
1896
2056
1538
2084
189
2591
185
1988
1946
180
1213
2277
955
2773
1998
185
2431
187
1763
1875
2006
743
1620
1960
2002
889
2697
1861
191
888
2768
1677
942
1616
2814
1314
1606
174
2896
1836
1047
1323
275
432
1546
549
2008
1987
2086
183
1505
1918
951
1544
2019
1912
1691
1962
2365
174
935
2544
1572
1533
2301
681
1978
1596
193
178
3842
2832
1884
2009
2343
1513
181
1436
1234
186
1932
1978
2778
1258
1981
1548
1641
1162
2950
2323
901
1880
2003
409
1694
1516
2798
1822
1490
2629
1427
1229
1649
2015
2003
859
2287
1887
920
1988
1995
317
638
1878
1622
600
1868
634
2197
1441
451
1494
422
2023
1158
1964
2043
1021
1924
1812
1164
1255
1232
2815
182
844
1323
1628
180
2023
1226
1761
2724
2152
181
1616
1146
182
191
1985
1970
1894
2074
1748
1319
2723
2421
2495
2192
185
193
1511
1649
1526
1671
1182
1630
1962
1599
1686
1633
2284
905
2459
2782
2295
1109
1463
184
1961
2489
182
2780
2784
1939
1968
194
1629
1129
1573
1485
548
2038
1533
1074
192
1822
180
2159
1543
1959
1284
177
183
1582
173
1760
2807
1965
397
1964
173
184
947
1973
2222
1286
1669
2063
1973
1808
2021
194
1727
2836
2025
2074
1983
1369
771
2014
2153
1780
192
1925
2733
1863
2290
1651
2147
1294
2064
1952
1941
1929
1416
2294
2123
1072
1794
2756
2534
187
178
522
258
1165
1799
1643
2147
1592
2962
176
2058
499
1524
2337
2336
1266
2220
2026
1189
2014
1815
2037
1981
364
180
1611
2777
1981
2028
317
1522
1527
1524
474
1342
2200
477
2159
174
1522
2014
174
2409
2827
2882
1004
962
1959
1206
3489
1224
915
1636
948
3190
1614
2508
2098
1598
939
3145
1910
2857
636
183
2811
3302
2833
1474
3206
2051
181
2304
958
183
1376
1922
1993
2140
313
1403
1986
175
2107
193
1575
184
1812
990
226
2007
1322
1941
1954
2443
2301
2763
2086
455
1966
1949
2427
1349
1980
2365
1606
2337
192
1303
2149
1997
2739
1452
190
184
1948
192
1388
1911
1967
2024
2839
2895
1969
2723
1686
179
2696
2029
2221
1439
2149
2034
183
1254
1468
1942
2289
2720
1704
1433
175
1998
2473
2457
1214
2746
939
1358
1384
2354
1916
1017
728
1820
188
180
191
2061
132
1945
1691
176
191
3428
2040
1507
227
2218
1902
2107
1574
2795
1377
965
1590
1650
2052
2775
2413
1963
2789
2406
1821
1903
1307
2030
1989
1445
2067
133
2017
3291
2325
1099
2033
1459
1946
2107
1588
2266
1381
2432
1661
1694
2723
2001
1338
1463
1141
1710
187
176
1056
1803
2253
2491
1931
1123
1976
2464
1980
192
1335
1906
2983
1906
1374
2232
178
2829
1272
470
933
193
1354
1198
952
1956
1284
1279
1385
1142
1893
2341
2139
1480
381
1552
1588
2685
2041
2011
897
231
1963
175
1916
1867
2294
190
187
926
2188
1926
2026
1347
903
269
1747
2068
1298
196
911
2039
193
1264
466
866
1762
179
1200
890
1339
192
177
332
460
1295
1208
1271
1393
183
411
1789
609
191
1098
1508
1367
1330
1949
2076
174
2213
1964
1988
199
1632
2370
2786
187
1717
1979
1585
2041
1214
1462
132
2779
1896
918
1944
1998
1546
2201
1848
2679
1989
2164
2787
1929
997
1899
193
1987
1904
1728
1828
1442
1933
2011
456
188
1541
222
2651
935
188
173
1598
3640
176
1384
1504
1416
2014
1728
1422
1568
879
2134
1287
1936
2818
1990
184
1712
1210
1505
1855
1016
1128
2007
2304
2941
2808
2622
2777
1065
654
2370
817
2118
1656
178
2068
1711
1760
189
1866
1620
2573
187
2673
2225
184
2018
675
1901
1944
946
685
1790
1725
1076
1851
2828
893
1290
1215
2120
2420
1423
1401
2333
1564
338
1440
190
1322
1609
2835
2032
175
1674
1609
2716
179
2761
2282
1965
2032
1518
1902
178
2761
2346
2345
2063
1186
2099
2083
1898
997
847
1490
192
542
1550
1945
1826
1578
1978
224
1883
2087
892
1378
380
1925
1919
1972
2834
2111
2018
1949
1890
1276
1545
1936
2126
2081
1995
1843
2327
1516
447
2764
1069
943
1943
972
1986
1311
1602
1851
2385
2030
1644
192
1611
499
1848
2706
185
1602
1957
2016
395
172
2415
1425
1637
2033
1977
1960
1539
191
1857
1603
197
176
1938
1971
1555
1725
1843
179
1802
2005
1914
937
1609
2659
1705
1965
1915
1370
642
2285
763
2545
1999
192
490
2548
2075
1566
2587
948
2039
182
1938
1952
2038
424
1925
1663
1864
172
1677
2031
1437
1944
189
1406
187
1940
2005
1589
2134
1928
2043
188
1556
1568
937
2059
1922
2040
174
2171
190
1577
2271
1298
132
1426
1949
1240
2381
1556
858
1973
2411
1233
189
193
2753
1696
1008
1138
191
1268
2087
2099
456
1920
2231
1957
2510
2975
1457
2779
2065
2569
1787
2005
1440
1550
194
1276
1986
2270
175
1514
1485
1867
1138
133
1526
2418
190
2188
2046
2518
1660
1943
2079
1700
1757
1953
1991
1529
1416
174
190
1980
2735
2079
2010
1544
1587
1589
1322
2380
1942
2788
2727
1996
902
1569
132
2058
1927
273
2229
1197
2042
2789
191
1499
459
192
1940
1506
1970
1383
2425
2864
178
2054
2719
1930
1233
2333
176
2030
2109
174
3175
889
175
1772
1819
550
1957
2256
1636
1133
1957
1269
1458
190
132
1899
277
2811
1924
2751
1233
1715
1946
1489
2500
2793
176
1456
895
2304
2787
841
177
929
2006
1960
2642
939
438
1655
1990
1451
193
1106
1433
2724
1453
2772
1178
1991
240
2340
2518
3121
2614
2005
2074
1359
1258
2551
189
1742
1636
1811
1398
2088
1306
2347
1897
839
2400
2689
1212
1962
2484
2480
2429
2321
133
179
2123
2582
2900
191
1960
1587
1578
190
1911
133
1897
1168
1946
183
340
1873
1299
372
2064
1428
1768
2698
2017
2737
1992
1468
177
2053
179
2703
2441
179
185
488
1528
2743
2325
188
1290
1280
567
2015
1329
1556
2731
1583
307
2091
186
2620
1616
2771
3159
1283
1968
1529
178
1931
1981
2460
1816
192
641
907
1990
2155
2759
1233
2828
1070
1246
2043
1900
2046
2118
1378
2245
2721
966
453
1422
2753
2695
2042
190
1543
1900
1446
194
2735
1118
1397
1553
1267
2184
1459
2801
1113
1194
2142
1988
1905
1966
1368
2075
1884
1088
1852
2737
2205
946
2882
183
1974
2295
1747
1987
3491
186
2005
1719
187
1435
1402
980
1847
2396
189
187
175
1535
1994
408
775
1983
1562
933
1203
179
1443
183
1327
1364
1101
1943
2013
1764
177
939
2171
1780
2090
1953
2076
1996
1552
1957
191
1348
192
989
986
1890
1263
2202
2748
1570
1959
2008
2242
1949
1444
1201
2788
2000
2496
449
908
2474
1992
1421
911
2778
2857
1440
2072
2470
1967
1577
1318
1961
185
2895
188
1425
1324
1968
1319
2706
1100
484
1545
186
1495
2171
189
1384
1650
1525
2740
746
184
1348
2003
184
1913
1913
1267
1954
1240
2829
2311
2074
2098
191
2002
247
1566
1419
1559
2322
1999
2325
2035
189
1921
207
1847
1382
2014
2285
1514
492
2037
1863
1930
501
1843
220
2813
1385
1516
1961
1964
2015
1943
622
133
2076
966
1617
183
2726
484
669
178
191
1535
1421
1979
1977
1780
1153
2860
1649
1342
2867
1955
1424
1904
2306
1400
1154
2325
2763
1436
1189
181
1888
182
1946
2805
615
2351
1997
2083
186
1133
1481
1973
1234
1147
453
1985
1972
2487
2026
609
608
2760
1985
1581
2066
1942
184
177
1024
2436
1909
180
635
1627
1133
2029
2883
929
1533
1549
132
1983
1906
191
2298
1256
2178
176
1186
2416
980
459
2472
2155
184
1425
2282
2831
1677
1066
1164
2738
1658
1919
997
1809
186
219
1261
1553
2739
1976
1427
2799
2012
2042
2322
1992
945
1400
177
1967
2741
179
1583
2768
2762
1994
1643
1032
1852
1954
179
486
1251
955
2638
2021
2405
1478
1622
2336
2131
2060
1908
1326
863
185
1262
2734
2774
2775
2721
2919
2551
1120
1954
871
1104
2021
1568
1858
3315
2305
1671
1952
1509
1947
1245
1130
2010
1102
1458
2273
194
2261
1690
2062
1017
1842
928
1256
2461
2306
1971
180
1148
176
1654
1918
1700
2445
191
2073
183
2642
2996
1437
1900
1522
2453
1988
1701
2814
1754
173
1661
1311
2725
2052
513
2321
2502
644
2885
1534
1815
2159
585
908
2016
309
1239
2759
2024
1564
1678
1138
633
1974
1954
1112
515
2379
2554
1389
2822
1915
1959
1957
175
1298
2351
2659
1960
1379
2718
186
2247
2823
184
1454
1584
186
909
1921
189
2761
174
1374
188
172
2045
1312
1773
1905
1496
1859
1982
2723
2463
1613
1930
2737
1103
1727
177
2316
3481
1334
2698
186
1588
2808
1957
978
1098
180
1377
1439
1247
179
2086
1958
1995
1972
1945
1962
2852
1652
698
314
1411
894
190
174
191
2157
2725
2378
1332
1398
185
192
175
2054
192
1803
2117
654
389
1299
2134
2743
2669
188
1937
1232
2757
1195
2842
2090
2566
2025
186
1167
2332
2286
2681
1413
1964
1705
1897
1142
1952
1709
177
1517
193
2365
2059
1891
2104
2571
2022
2698
884
193
173
506
231
569
1921
1856
942
1630
2001
173
2049
1677
473
185
1444
3909
2763
1897
1385
2039
1257
539
1668
2751
179
190
2765
1877
1842
1393
1471
994
184
958
1118
1125
1630
970
1508
180
899
1735
309
1407
1106
2014
949
1162
182
2675
1051
1459
1351
1134
1226
2093
1982
1340
1309
1915
1764
570
922
1408
1116
175
1914
189
1351
2232
1954
962
1152
1479
1214
2822
185
1507
191
2027
1160
1294
1308
1907
2626
393
1498
1936
1948
2485
2306
2829
1775
2940
2020
2034
193
978
2720
191
281
184
212
1070
1947
190
1032
964
2050
175
1946
951
1191
1540
1692
1419
2848
1131
2526
189
1896
1998
1904
1410
1790
1930
2017
1519
1341
2025
1992
2803
184
1487
1452
1921
1918
2777
997
2165
2032
1566
180
1903
1105
2322
2550
1636
916
2012
2753
1447
2848
2026
1930
1842
426
670
1676
1320
1194
1215
1558
1425
1819
1375
1979
1967
2765
2040
2746
177
2168
3275
2137
189
1596
1205
1691
1221
2766
2424
923
177
1193
1898
925
1694
2160
1441
1484
1535
1547
1682
1911
938
2027
1966
183
2667
2850
2592
1517
416
2389
190
520
629
1359
3552
2226
2444
173
1508
1944
2028
1667
971
2022
2070
2781
1514
1337
187
2402
1412
1355
2104
2234
2586
2830
190
2013
3404
1559
963
1812
1905
2234
2137
2235
1543
3479
1205
876
1957
2279
1971
2009
2610
1304
1164
611
952
2737
174
3695
193
1939
2720
1771
1488
2158
2909
2621
2874
1460
1968
1362
2260
1640
1403
1898
1227
989
2656
178
1296
1501
1098
1929
1754
2845
1577
132
1963
188
1062
182
2019
1954
202
1960
1585
1594
1876
1843
2195
215
1981
1135
348
2031
1816
494
1998
183
2016
2275
1980
678
2416
175
2020
1630
2713
2550
1987
1944
176
2025
1267
189
1918
186
917
2038
957
439
1834
2883
2870
1607
3562
1909
1204
1890
1947
1284
879
1967
901
1623
1454
2297
1868
2007
1894
1028
187
2004
1933
1294
2821
2477
2183
1938
194
2045
1606
2014
192
2722
523
965
1377
1987
1929
918
193
2840
2926
2762
1282
1938
1283
1075
1927
1689
1184
1974
2135
903
1545
347
1895
133
2802
192
173
553
425
1981
2025
1326
173
1963
189
1685
1476
1455
1751
389
1825
1724
1898
933
2038
2031
2013
2047
1928
431
1176
1795
195
1863
2344
1842
1450
2229
2016
1726
870
1883
1614
1531
2296
2220
2086
179
2643
1952
2340
1943
2028
1786
2055
2563
1587
1155
190
1260
186
2936
886
2140
1620
866
1487
2780
1905
2419
1073
1492
186
1395
174
2145
1387
1508
1210
1962
2125
190
884
1318
2854
2921
1157
2024
2051
1591
1387
1468
1931
1852
1885
1942
1373
132
2038
192
1499
181
973
1901
1945
900
2608
1740
1469
173
180
1997
2209
182
192
237
1964
193
1705
2347
188
2063
1937
1995
2114
991
1973
545
179
1428
2938
2006
2044
1304
1292
193
968
1886
2056
453
179
1510
498
280
620
1416
1237
1911
2015
1421
192
1690
232
1033
879
2032
2745
2006
345
1922
580
1962
2016
1534
186
1919
172
1428
190
175
1300
189
1993
2110
1982
176
2748
2168
2778
2007
1974
2333
705
2667
1842
2197
1883
2024
2707
1577
1980
2829
2120
216
191
2730
1892
1981
179
453
1495
1828
1443
2328
1293
2398
1953
2167
1807
2127
1446
2022
1541
2770
1979
1986
172
2087
1169
965
535
1262
173
2097
2051
534
1886
1152
1964
1841
212
2763
196
607
1360
916
184
2478
917
1941
2339
1932
1180
2119
972
1676
178
2450
1347
905
1585
1812
2353
210
177
1119
2403
2027
2035
192
1304
1982
1945
898
2158
1671
1411
1324
2054
3411
1270
191
2354
2023
1143
1973
2809
2190
1514
878
1988
2731
2007
881
2744
870
1671
2031
1326
2744
2005
2019
1621
1984
2306
1860
1837
1862
184
1987
193
2466
1592
1961
2013
182
2541
1265
183
1985
1403
1663
2729
1941
184
656
132
2375
178
2118
1978
1463
2755
2015
958
2016
177
1444
1887
1283
1960
2049
1632
1306
2045
173
908
190
927
1935
189
2407
2399
1274
175
1526
1312
1761
307
188
1597
189
1850
2099
1319
2041
1885
1409
900
1398
2250
184
1310
1669
1481
1965
1927
2473
891
1447
1649
2081
2396
1083
2141
2253
176
2499
1509
538
181
1641
2644
1479
2817
175
1036
1917
1917
647
1955
1097
2061
1845
948
186
1858
1560
840
1652
386
189
617
174
1971
1594
177
1908
3170
178
1213
1805
2355
315
1994
1543
2018
1902
943
1818
2802
2175
2682
1936
1373
191
2289
262
1364
185
2530
1459
2015
179
192
1894
181
191
185
1429
591
220
1764
2861
2770
1980
2083
185
1043
1492
1746
1618
1397
1908
1074
1449
1873
1471
724
1690
2011
187
396
2850
395
2722
187
176
1969
923
1984
1053
183
2211
329
2066
2730
1779
3178
1628
2356
2024
2957
191
1407
1284
1894
2006
990
1309
1533
1871
1932
1597
2449
882
2171
2004
1614
174
1966
1897
930
2780
2899
2127
1484
1496
2048
1526
793
914
183
1164
186
270
2072
1990
2716
592
2548
2058
1884
1903
934
1193
1897
2030
1858
2881
1569
178
2070
1468
426
1263
1853
185
1672
1217
2134
1432
2040
1280
2725
1902
2856
2112
1578
1506
1329
1294
2797
2798
1712
1432
1812
2757
2066
183
2049
195
2822
952
1485
1443
2284
179
1945
1317
629
1979
915
2801
2261
2847
1427
173
1499
1064
180
913
1469
1647
2553
182
2924
1462
1163
1953
1885
1202
2000
192
1096
1080
2072
193
2761
3161
190
443
1389
2031
132
1885
177
2015
189
133
2036
2832
1531
2754
186
2598
1361
1952
1310
194
1919
2180
1929
1062
364
531
1936
191
186
1928
1395
2181
1676
470
185
1141
2804
3061
178
192
2020
2051
2232
2730
2094
1576
1902
1933
192
334
2274
2845
175
1989
1215
587
1997
1881
2364
693
1110
1278
184
190
1081
1600
190
173
1065
1470
1953
1345
1635
1978
1432
2481
175
1999
2015
1200
1523
968
177
1984
185
178
1943
2317
862
1626
1914
2004
1572
1624
1831
191
1482
182
1428
2001
180
2017
174
2347
1938
1752
183
640
176
1949
2216
172
1336
1491
2728
187
2010
2231
1971
1926
1982
1968
2278
2060
2975
2004
1989
191
1919
1967
1286
2016
1884
190
183
2796
2364
1560
179
2136
182
179
2188
180
2849
1195
994
180
1618
2421
2031
201
1393
183
949
1562
184
1876
181
2751
2001
2620
1570
1254
1180
1174
1612
3518
2092
1525
1941
190
1948
1147
1432
1858
1168
192
2106
1966
2802
1954
2769
1924
1449
1957
2006
174
2713
2023
2805
1974
1194
2021
185
1218
172
190
1119
607
1932
1349
2034
2849
188
2212
1158
2351
1962
1978
1134
882
190
1975
177
190
1762
1842
1557
1064
1305
2345
2338
1747
2234
1141
2549
1275
176
182
433
899
941
1952
1927
1948
2828
1906
2853
2089
172
1671
1984
2723
957
1319
1474
908
1918
1943
1214
1200
1433
1616
1816
177
1980
185
910
1546
2771
2956
2232
2118
405
283
2007
2827
627
2291
1617
1264
1561
1261
1399
2003
1226
1570
2039
2006
1946
2563
2195
1085
2402
2705
1645
1445
1562
1389
1985
2038
2800
1926
2011
1161
2490
1868
2093
2085
1269
720
2001
4095
1239
2780
2013
2277
1969
2800
189
1307
2414
1078
1838
1400
2462
2107
368
1907
1377
2040
2360
2052
1757
191
2265
2025
2100
2359
2117
2129
1941
1909
187
1875
2263
2039
2399
1505
1892
479
1034
2001
192
1900
1421
1946
1660
1981
1406
2091
2290
2769
192
2031
1268
1467
1933
184
2008
1891
2036
2798
2827
1037
2746
2103
1416
1963
2734
1491
2674
193
1024
182
1957
1888
991
910
643
982
2045
2795
2070
2393
1186
881
1157
958
1748
841
2725
945
1486
2410
2125
2164
1906
2072
1943
1997
2009
2015
2103
881
2748
2299
1977
2587
1936
2430
2704
1980
2120
2032
1862
1966
2388
1382
2042
2713
1530
1940
1141
2797
484
1403
1608
1334
195
1075
463
954
2571
1966
1197
180
1642
1892
1667
192
1398
2310
194
1574
184
1265
1962
2019
1616
2180
2160
2208
2760
2597
1726
2080
1147
1551
2264
174
2018
2809
1941
1977
1124
1457
1949
2418
2300
1973
185
1620
2005
947
1492
350
927
1917
191
1414
1467
711
2779
2302
