1284
1225
1482
1981
1206
1248
2276
1400
1769
1325
1498
2121
2423
2231
1737
1487
1444
1915
1945
1500
1908
1020
2093
1739
1559
1095
1992
1938
1204
1378
1772
1010
1354
1480
1776
1271
1202
1043
1796
1512
1964
2302
2107
1474
1164
1367
1666
969
1897
2033
3353
1384
2053
1477
1653
1763
1177
1796
1513
1107
1481
2060
1287
2063
1752
1235
2089
2044
1161
1304
1514
1212
1657
1809
1571
1935
1949
1685
1376
1390
1801
1902
2058
1226
133
1400
2355
1291
1497
1525
1304
2085
1724
1586
1312
2351
2806
2393
1515
2209
1322
2111
1672
2374
1761
1126
2156
2420
1431
1287
1180
1425
1441
1458
1768
2108
1512
1367
1491
1174
1197
1212
1421
1414
1629
1539
1223
868
2058
1731
3252
1727
1565
1646
1644
1350
1987
1237
1190
1819
1500
1907
1304
1844
2292
1172
1956
1641
2013
2204
2173
1659
1179
2382
1417
1474
2025
1795
1562
1265
1475
133
1443
133
2042
2000
1650
1294
1370
1513
2113
1416
2336
1474
2311
2258
2049
1220
2183
2165
1208
1277
2186
1290
1076
2217
2359
133
1188
1955
1435
1425
1967
1678
1660
1535
2754
1814
1184
2087
1056
2165
1305
1597
1547
1516
1171
2903
2068
963
2153
2177
1854
2422
1478
2010
1099
1061
1624
1400
2245
1866
2803
1835
1268
2040
889
1607
1410
1657
3597
1648
1994
2041
1224
1868
1668
1095
2059
1296
1544
1921
1229
1396
1471
1500
1550
1594
1607
2156
1816
1092
1580
1172
1471
2368
1358
1829
1169
1160
1411
1440
1660
2273
1192
1335
1877
1238
1925
1658
1725
1803
2260
1720
1491
133
1502
1630
1039
2065
1879
2328
1466
1315
1805
133
2028
1328
2288
1857
133
1135
2189
2003
1428
1779
1733
1767
1935
2054
1684
2114
1160
1215
2089
1110
1680
1347
1735
2298
1328
1498
957
1333
2178
2172
1990
2020
1241
1239
1601
1951
1856
1370
1074
1312
1193
1763
1665
2216
2187
2043
1812
1521
1114
1670
1822
1365
1192
1123
1826
1551
1319
1559
1537
1241
1915
1584
846
1968
1525
1930
2172
1645
2932
1207
1062
1180
1475
1328
1351
1029
132
1466
2459
1138
1125
1230
1984
1451
1590
1625
1415
1314
1578
1896
1196
1689
2193
1488
1628
1481
1510
1402
1586
1082
1050
2046
1694
1880
1623
1124
2095
1973
1705
1774
1420
1644
1228
1292
133
2096
1063
1502
132
1516
1690
1834
1564
1428
2416
1329
1138
1165
2498
2438
1624
1577
1301
1182
1377
1539
1402
1723
1777
1578
133
2499
1904
960
1493
1943
1703
1461
1779
2177
1386
1366
2358
1095
2180
2123
1362
1089
1724
1440
1339
1277
2507
1127
1619
1675
1528
1633
1420
1288
1280
1919
904
1256
1362
1495
1290
1184
2387
1441
1801
1657
1083
1356
1600
1833
1990
1765
1403
1575
1870
1196
1716
1499
1648
1768
2151
1879
1750
1643
1627
1199
1192
2526
1176
1681
1517
1648
1494
1326
1445
2233
1360
2280
1759
2473
1208
1535
1038
2418
2315
2543
1742
2001
1705
1766
1890
2072
2219
1312
1187
1254
1965
1942
1832
1291
1329
2045
1847
1427
1945
2256
1454
1756
1453
1082
1637
1542
1226
1306
1358
1275
2093
1379
1866
1124
1145
1652
1136
1932
2082
2378
1981
1838
1819
2109
1641
1914
2220
1200
1095
1566
2122
1721
1812
1051
1718
1674
1304
2215
2266
1188
1403
1828
1606
1726
2243
1152
1379
1807
1098
1140
1633
2002
1657
1939
2590
1533
1199
1646
1266
1535
1574
1852
2295
1081
1452
1334
2266
1324
1029
1244
2056
1473
2423
1534
1795
981
1656
2039
1926
1975
1395
2109
2053
2356
1604
1674
1370
1703
1471
1958
1861
1345
1367
977
1223
1426
1512
1798
1368
1420
1725
1200
1145
1463
1712
1667
2227
1722
1454
1382
1276
1428
2291
1454
1886
1642
1639
1855
1859
2079
1774
1705
1884
1332
1712
1770
2332
2634
1355
1578
1686
1496
1179
1256
1865
1837
1965
1424
1004
1586
1201
1876
2105
3106
1210
1776
1181
1537
1523
1205
2191
1769
1754
1527
1120
1125
1332
1467
1459
1690
2279
1807
2199
132
2051
1398
1229
1959
1793
1131
2992
2586
1515
1570
969
1291
1685
1013
995
1805
133
1105
1967
1392
1462
1449
1252
2489
1326
2070
1804
1621
1901
1585
1815
2232
1752
1606
1783
1810
2228
1435
1730
1717
1606
1246
1811
1317
1680
1986
1443
1877
1141
1458
1305
1424
1859
1777
133
999
2444
2003
1218
1205
1971
1511
1136
1922
1628
912
1548
1199
1168
2162
1846
2326
1728
1595
1998
1243
1303
1000
1001
2105
1637
1434
2001
1344
1317
2254
1899
1982
1303
2266
1409
2143
1363
1879
1478
1999
2285
2197
1236
1252
1338
1867
1053
2000
2346
1579
1666
1476
1907
1937
1349
1445
1971
1670
2027
2335
2022
1808
1814
1164
2045
1779
968
1289
1150
1234
1101
1816
1777
1673
1342
1898
1226
1759
1609
1592
1200
1476
1887
1420
1802
1477
2050
1421
1068
1239
2640
2118
2077
2227
133
1198
1147
2082
2439
1422
987
1918
2079
1694
1497
1300
133
1408
1971
1967
1540
1433
1799
1630
2912
1748
1423
1373
1910
1664
2273
1565
1296
1509
1268
2079
1561
1818
1100
1875
1704
1586
1334
1787
2493
2217
1278
1618
1864
1909
2188
2222
1717
990
1639
1568
1953
1106
1644
1775
2048
1860
1926
1410
1910
1631
1874
1704
2433
1736
1978
1693
2401
1358
1391
1130
1514
1565
1632
1235
1946
1476
1360
1129
1988
1708
1209
2341
1077
1395
899
1354
1030
1462
1852
2457
2918
1137
2064
1373
2169
1242
1576
2090
1482
1235
1092
2433
1377
2050
1320
1421
1349
1188
2269
2058
1727
1287
1215
1741
1719
1366
1443
1292
2161
2464
2154
1290
1847
2102
1421
1278
1486
1451
2388
1146
1725
1515
1265
1929
1637
1357
1645
1893
132
1556
1238
1502
1804
2244
1252
1174
1656
2053
2335
1229
1588
1177
1675
1315
1070
2153
1242
1146
1745
1445
2928
1391
1437
1503
2023
1867
2818
1254
1421
1733
1473
1735
1409
1322
2153
1138
1264
1607
1373
1105
1482
1514
2083
1719
2060
1313
2017
1640
2137
2479
2336
1719
1482
1462
1455
1889
1276
1218
1696
2157
1738
1369
1850
1313
1496
1408
1885
133
1091
1123
1686
1576
1652
1791
1553
1283
1965
1859
1569
1609
1966
1565
1043
2911
1877
1586
1983
1204
1805
1858
2336
1337
2685
1190
1982
1407
1875
1556
1219
1693
1355
1431
1754
1316
1881
2350
1689
1768
1755
1501
133
1145
1329
2346
1704
2165
2364
1440
1940
1943
1077
1938
1680
1253
1050
1819
1370
1168
1239
989
2056
1907
1739
1687
1724
987
1769
2246
994
2535
1176
1991
1162
1005
1326
1886
1266
1825
1376
1690
1338
2400
1218
1704
133
1296
2363
2688
2506
1436
1984
1975
2006
1123
1887
2220
1912
1428
1453
2110
1493
1995
1202
1161
2384
1146
2439
1040
1946
1866
1765
1564
1240
1419
1283
1559
1121
2669
2324
2238
1372
1390
1144
1314
1497
1479
1397
1707
1850
1601
2251
1255
2186
1667
1975
1286
1693
1421
1660
1698
1374
1511
1549
1616
1580
2011
2129
2448
1420
1334
1062
1477
1158
2045
1407
1518
1238
1081
1476
1883
1762
1673
1738
1700
1575
1345
1344
1599
181
1834
2059
1307
1366
1369
1646
2401
1234
1267
1705
2067
2105
1062
2015
1466
1742
2893
1345
1272
2120
1470
1527
2393
1946
1603
1499
2172
1780
1480
930
1500
984
1579
1841
1542
1509
1377
1579
1457
1722
1582
2161
2381
1702
989
1564
1629
132
954
1583
2045
2069
1376
133
1586
1125
1219
133
1529
1312
1748
1142
1905
1455
1331
1672
1481
1681
1264
132
1790
1533
2393
1987
2011
1495
1974
1839
1526
2112
1138
1440
1352
1426
1122
133
1611
1348
1290
1796
1808
1529
1827
2086
1360
1788
1546
2104
1283
1524
987
1436
1626
1876
1463
1547
1686
1783
1164
1207
1316
1000
1140
1995
2105
1759
1601
2970
1233
1044
1702
1594
2309
1240
1560
1426
1118
2315
1452
1228
1614
1316
132
1382
1479
2520
1339
1142
991
1106
1503
1407
1318
755
2389
1448
1297
1380
2248
2478
1407
2086
1314
1312
2003
1231
133
2287
1535
2116
1497
1518
2165
1995
1982
2237
1114
2281
1320
2045
1860
1791
1763
1745
1652
1227
1034
1830
1500
1801
2269
1881
1431
1640
2404
1224
1269
133
1944
1249
2379
2102
1576
1440
1391
1813
1723
1805
1304
1383
1209
2711
1507
1144
1159
1635
1374
1349
3368
1998
1961
1535
2311
1570
1448
1213
1855
1577
2309
2171
1714
1866
2190
1456
1313
1654
1356
1397
1658
1163
1578
1357
1083
1280
1392
2646
1135
1299
2025
1187
1638
2132
1234
1123
2141
1540
2087
1220
1166
1695
1192
1618
1427
1671
1583
1056
1107
1556
1530
1755
1426
1546
1331
1785
1834
1198
1329
1515
1944
1497
1840
1700
1895
1520
2275
2353
1186
2105
2456
1522
1051
1798
1455
1169
2001
2555
1865
1280
1247
1680
1407
1069
1622
1540
2313
1471
1190
1352
2007
1694
1561
2346
1280
1530
2220
1236
2509
2046
2139
1530
1884
1677
1590
1532
1377
1864
1595
1188
1810
1094
1373
1882
1659
2310
1132
1090
1600
1412
2210
1996
1403
2127
1086
1152
1629
1594
1434
1387
1941
1858
1875
2135
1100
1687
1337
1615
1899
1640
1326
1248
1472
1514
1635
1667
1526
1657
1435
2400
1565
132
1686
2270
2360
1404
2738
1198
2124
2056
1157
1332
1754
1629
2009
2349
1559
1410
2079
2074
1301
1921
1202
1179
1361
1335
1333
1867
1102
1012
2592
1360
1623
1289
1209
1875
1927
1802
2201
1835
1193
1524
2044
1257
1997
1985
1367
2506
1718
2023
2248
2765
2130
1698
1470
1561
1455
1617
2208
1970
1478
2319
2053
132
1077
1978
1948
1476
1409
1364
1652
1169
1232
1248
1707
2432
1661
1650
1578
2104
1878
2769
1744
1652
2445
2128
1639
1942
1665
2282
1188
2137
1852
1620
1496
1922
1443
1626
1634
1987
3735
1750
1820
1619
1377
1645
1215
1377
1627
1267
1476
2068
1840
1513
1078
1164
2456
1272
1803
1789
1684
1895
2289
1624
2006
1399
1406
1818
1851
1682
1507
1821
1293
1476
1734
1935
3407
1254
1598
1244
1308
1386
1442
1340
1951
1198
1442
1795
1466
2075
1684
1486
1389
1885
1313
1766
1400
2060
1188
1266
1585
1292
2309
1747
1339
1568
1315
1827
1670
1657
1518
2131
1443
1249
1165
2105
1418
1790
1692
1840
1457
1973
2078
1758
2320
1804
2033
1967
1357
2185
4095
1448
1639
1347
1284
1711
1610
1909
132
1672
2064
1552
1831
1436
1221
1998
1220
1510
1952
1761
968
931
1381
1735
1685
1686
1293
2305
1672
1844
1557
2294
1806
1090
940
1459
1696
1632
1327
1349
1798
1124
1291
1686
2032
2526
3263
1377
1373
2639
1482
132
1598
2004
1290
2187
1095
2012
1570
1214
1656
2424
1195
1096
1405
2150
1624
1466
1572
1646
2233
2130
1608
1532
1121
1514
1551
1979
1740
1865
1532
2358
2161
1161
1669
1070
1210
2264
2487
3163
1081
1034
1629
1887
1159
1344
1795
2364
2259
1844
1004
1813
2282
1553
1105
1876
1744
2307
1774
2131
1639
1354
1155
2089
1188
1735
1870
1630
2071
1191
1982
2300
1571
1627
1821
1942
2244
2031
1342
1584
1850
1405
1186
1751
2220
2686
1575
1828
1528
1253
2036
2473
1380
1499
1333
1243
1904
1394
1708
942
1078
1453
1608
1822
1550
1432
998
1635
1790
919
1690
1168
1613
1567
1732
1378
1798
1557
1448
1524
1786
1747
1960
1868
1684
1643
1225
1810
1928
1054
1017
1542
1605
1552
1216
1074
1300
2027
1027
1551
1656
2066
1373
1318
1593
1604
1911
1873
1983
1425
1565
1589
1718
2078
1179
1498
1642
1994
1249
1567
1561
1019
2356
1356
133
1241
1369
1589
1845
2080
2024
2236
1293
2249
1553
1309
133
133
2349
1337
1453
1587
1490
1013
1417
1613
1470
2488
1562
1424
1274
1881
2057
1471
2158
1290
1313
1624
1683
1433
133
1518
1725
1823
1561
2707
1839
1391
1411
1277
1535
2200
1670
1713
1367
1607
1264
1584
1531
1697
1591
1989
2249
1708
1784
2013
2030
1921
1990
1457
1631
1844
1312
2926
2194
2418
1444
1941
1660
1071
1668
1313
1648
740
1472
1759
1838
1818
1608
3228
1975
2461
1250
1789
1298
1629
1597
1306
1324
2021
2404
1867
2267
1883
1613
2103
1274
1724
866
1406
1325
1300
1696
1337
1537
1420
2273
2249
1935
1661
1897
2169
1406
1711
2275
1745
1963
1506
1924
2080
1007
1066
1875
1048
2422
1600
1067
1212
2069
1143
1772
1816
1152
2498
1148
1286
1810
1192
1296
1994
1283
2249
1467
1486
2176
1423
1691
2445
2411
2064
1746
1578
1126
1688
1959
2155
2815
1608
1511
1846
1937
1183
2157
1523
1825
1600
1657
1228
1795
1561
1356
1391
1636
1313
848
1711
1198
1667
1067
1118
1490
1619
1830
1810
1509
1791
2440
1024
1271
2149
1763
1228
1248
1413
3380
1118
1758
1661
1660
1793
2034
2126
2691
1715
2246
1171
2230
1664
1415
2127
1483
1526
1901
1425
2569
1415
1168
1695
1030
2418
1035
2223
1156
1854
1295
1508
1487
2131
1243
1360
2618
1192
1095
2095
1266
1746
2259
1886
1615
2035
1507
1392
3169
1878
1655
944
1248
1351
1779
133
1488
1220
1464
2008
2068
1836
1119
1247
2537
1164
2102
1606
2284
1603
944
1844
1457
2114
2472
1040
1224
1521
1529
133
2004
1866
2783
1773
1784
1497
2470
1278
1363
1503
1464
1299
2194
1653
2197
1488
1799
1388
1817
1306
1479
2127
2138
2181
2015
1698
1175
1702
2090
1645
1303
1295
1855
2150
1613
1864
1838
1623
1849
1426
2098
1133
1909
1321
1336
1775
1532
1166
1482
1332
1040
1370
1176
1198
2360
1275
1396
2166
1645
996
1851
133
1468
1500
1810
1462
2266
1300
1287
1357
1646
1321
4066
1481
1911
2009
2356
1479
1139
2322
1567
1899
1578
1401
1140
1231
133
1332
2045
1124
982
1704
1893
2530
985
1597
1365
1757
1877
1675
1507
1752
1454
1152
2225
1251
1963
1823
1496
1080
917
1112
2696
2477
1405
1885
1562
1764
1954
1931
1709
2101
1689
1915
2160
1386
2288
1806
1462
2398
1994
1822
1564
1519
1400
1847
1259
1506
1515
2136
2325
1922
1206
1916
1828
1609
1192
1928
1864
1810
2090
1972
2168
2230
1634
2025
1368
1808
1186
1631
1995
2012
1925
1856
2792
1897
1989
1601
1589
1124
1802
2458
1332
1400
1616
1239
1734
1696
1289
1874
997
1584
2127
1483
2113
1212
1650
2077
1425
2094
1281
1025
1265
2289
1738
1588
2227
1603
1108
1946
1351
1706
1487
1115
2250
2014
1642
1713
1586
1532
1024
2019
2135
1858
1201
1489
2412
1745
1446
1032
2091
1267
1447
1873
1813
2176
1723
1095
1577
1607
1600
1680
1831
1769
1549
1826
1357
1166
2089
1814
2163
1689
2059
1238
1978
2076
1418
2102
1920
1481
1192
1555
2490
1294
1030
1583
1383
957
1366
1592
1769
2282
1939
1903
2452
1599
1664
1854
1456
2248
1516
1272
1371
1786
2251
2466
1725
2305
1601
1764
1549
1920
1400
133
1449
1756
1652
1552
1969
1590
1814
1539
1901
1594
1246
2176
1341
1215
1705
2479
1495
889
1738
1282
1310
1672
1426
1505
1130
1942
2055
1244
1156
1839
1188
1624
1999
1306
1560
1468
2201
1500
1895
1579
1009
2297
2204
2326
1787
1441
1470
1423
1680
1321
2272
1652
1450
1809
1644
1475
1639
1766
1528
1135
1576
987
1847
1409
2167
1688
1572
1532
1441
1169
1317
1615
1259
1021
1270
2011
1422
2058
1987
1465
1467
1722
1518
1216
1614
133
2184
2098
2385
1302
1619
1393
1976
1438
1382
1995
1490
1396
1971
2504
1949
1053
1956
2403
1100
1479
972
1825
1236
1555
2082
1494
1729
1380
1370
1067
1427
1490
2033
1686
1007
2562
1905
1549
1018
1459
2121
2124
1276
1237
1491
1332
1772
1901
1033
1526
1113
1276
1402
1977
1237
1766
1835
1497
1003
1231
1789
2340
1545
1852
1356
133
1815
1686
1312
1541
1194
1054
2345
2080
1360
1471
1226
1101
1887
3391
1832
1477
1693
961
1338
1597
2112
2179
2005
1773
1674
1273
1602
1027
2254
1502
1961
1333
2262
2277
1230
1725
1327
1724
1385
1703
1243
1968
1591
1384
1750
1760
1380
1541
1486
1307
1284
1295
1655
1918
2069
1959
2137
1998
1186
2152
1263
1317
1186
1983
1695
2321
2099
2084
1957
1470
2010
2019
2134
2082
1453
1825
1612
1712
2505
2101
1636
1995
1420
1067
1174
1510
1229
1844
1952
1578
1483
2056
1977
2064
1509
1116
1569
1511
1891
1612
2604
1598
1551
1558
1250
1581
3201
2170
1334
980
1209
1146
2172
1420
1354
1950
1546
1356
1801
132
2140
1500
1516
1185
2298
1487
1758
1166
1236
1721
1552
1124
1896
1061
1948
1364
1934
2012
1480
1735
1850
1879
1448
1859
1528
1515
1313
1486
2256
1920
1099
1334
1507
1954
1205
2039
1931
1615
1444
1618
1436
1254
1603
1705
1733
1168
1507
1760
1153
1359
1550
1898
2056
1068
1359
1642
1422
1239
1434
1588
1529
2197
1464
1920
1476
1352
1684
1844
978
1702
2192
1633
1119
2077
1489
1799
1415
2022
1233
1966
1203
1885
1383
2043
1068
1587
1218
1561
1942
1651
1433
1293
1709
1569
1666
1466
2442
1155
2715
1862
2426
1350
1437
1715
1443
2282
1310
1584
2295
1642
1467
133
1719
1997
1276
1839
1779
2209
1354
1205
2365
1681
1518
1943
1999
1779
2009
1824
1740
1594
2433
1364
2152
2024
1570
2160
1394
1931
1832
2345
1712
1361
2348
1128
2271
1307
1289
1296
1621
1704
2121
1072
1117
1335
1372
1928
1974
1391
2057
2351
132
1870
1441
1805
1709
976
1824
1207
1615
1207
2364
1942
1787
1394
1815
1514
2693
1143
1549
133
1431
2868
1905
1480
1235
1925
2009
2179
1058
1436
1221
2003
1628
1153
1453
1397
1253
2762
1996
1801
1276
1757
1940
1640
1179
1482
1952
133
1746
1876
2582
1827
1154
1833
1591
1959
2218
1177
1437
1269
1890
2040
1457
1360
1722
1622
1782
1368
1228
1757
1259
1271
1040
1315
133
2219
1590
1218
1966
1841
1646
1407
1787
1633
1400
1412
1761
2323
1336
2323
1678
1072
2202
943
1428
1611
1329
1682
2159
1270
1784
1406
1241
1188
1655
1476
1414
2050
1320
2301
1266
1143
1265
2407
1488
1867
2032
2181
1797
1241
1703
1591
1937
1732
1474
2280
1186
1724
1500
1865
2365
1814
1299
2501
1634
1320
1691
1086
132
133
1500
1625
1925
1063
1664
1530
1452
1528
1711
2372
1871
1045
1247
1983
1713
1629
1592
1752
2016
1748
1150
1360
1838
1570
1112
1070
1251
1918
1551
1654
2196
1257
1722
996
2342
1658
1354
1770
1457
1123
1399
1221
1862
1385
1691
1558
1074
1571
1840
1241
1210
1630
1734
1300
2690
1558
1578
2244
1410
1246
1416
1548
1153
1247
1758
2043
1752
1192
1473
1355
1646
2284
2091
1435
2464
2052
1384
1061
1335
1380
1717
2018
1604
2158
1809
977
1629
1736
1733
1318
1818
1289
1872
2001
2131
970
1280
1570
1280
1389
2302
1548
1176
1550
1762
1469
1158
1674
1331
1381
1630
1309
1701
1555
1965
2015
1716
1965
1296
1751
1774
2257
1890
1633
847
1623
1766
1014
1768
2349
1679
1806
1883
1720
2214
1841
1466
1831
1460
1257
1564
2426
1524
1138
1400
1765
1766
1341
133
2159
1376
1203
1555
1451
2184
1923
1405
2265
1872
133
1672
2200
1631
1799
1344
1346
1378
1100
1611
1925
1239
1241
1490
1409
133
1617
1026
1562
1800
1642
1607
1192
2278
1563
1369
2295
2430
1772
1532
1586
1817
1541
1424
1971
2483
2157
1328
2312
1221
1467
959
1115
1415
2008
2493
1463
1795
1990
1580
1028
1861
1927
1971
1209
1426
1825
1099
1678
2309
1516
1502
1688
1484
1741
1507
132
1711
2047
1947
193
1096
1267
1399
1237
1845
2042
1641
1226
1662
1657
1396
1631
1452
1458
1720
1560
1193
1923
1040
1798
1505
1659
1778
1313
2029
2159
1574
2383
1811
1289
1819
1429
1382
1895
1879
1089
1619
1152
1810
1349
1413
1720
1729
1689
1217
1888
1707
1723
1273
1636
1714
2554
1096
922
133
1001
1893
1463
1283
2214
1838
1040
2120
2024
1191
1067
1467
1270
2211
1253
1232
1604
1811
1713
1424
2455
1455
1602
1926
1775
1500
1542
1946
1327
1968
2357
1584
1948
2034
1541
2263
1067
1515
1580
1280
1442
1079
132
1166
2341
1656
1001
1940
1800
1054
1849
1872
1906
1781
133
1595
1715
1368
1509
1186
1582
2298
1822
1525
1866
1258
1585
1978
994
2281
1603
1463
923
1734
1259
2021
1789
1562
1982
1676
1707
1198
1491
1603
1752
1441
1905
1906
1547
1161
2044
1859
1847
1425
1362
1387
1123
1227
1375
1506
1879
1654
3194
1441
1586
1380
1931
1069
2165
1261
2296
1531
1661
1316
1267
1578
1236
1214
1227
1665
1432
1725
996
1210
1558
989
1384
1526
1303
1963
1890
1899
2941
1988
1231
1128
2131
2170
1612
1722
1809
2298
1181
2455
1084
1465
1059
1631
1821
1374
1509
1594
1976
1159
2118
1934
2336
1168
1679
2239
1677
1603
1463
1929
2096
1435
1361
1894
1467
1655
1088
2094
1854
1185
1512
1351
1337
1988
1596
1530
2305
1299
133
1685
2139
1793
2004
1080
1367
1484
1505
1485
1428
1705
1861
1291
2176
2290
1605
1537
1204
2000
2461
1834
2141
1914
2067
1707
1727
1530
1748
2258
1264
1842
1253
2035
1151
1905
1268
1574
2001
2230
2035
1025
1253
1644
1293
1233
2391
1370
1517
1157
1162
1895
133
1482
1058
1744
1749
1307
2251
1138
1175
2048
1460
1024
1233
1016
1287
1090
1153
1438
1994
1069
1872
2625
1483
1946
1270
1384
1298
1467
1350
2114
1894
1509
1664
1395
1357
1956
1083
2396
2581
1444
1690
2369
1628
1523
1850
1433
1354
1347
1489
1277
132
1750
1793
2412
2549
1315
1826
2538
1685
1977
1677
1946
2096
1535
1071
1754
133
2327
1803
1186
133
2081
2047
1565
1483
1144
1472
2174
2306
1878
1988
1843
1978
1466
2275
1835
1368
1192
1460
1690
2112
1502
1604
1504
1143
1318
1732
2151
1730
1709
1228
1577
1756
1963
1612
2380
1772
1442
2007
1251
1377
747
1822
1504
1500
1531
1727
1623
2265
1199
1755
1779
1599
1481
1567
2064
1175
1910
1449
2251
1113
1391
1342
1446
1378
2201
1326
1103
1093
2192
1247
1595
1798
1382
1280
1332
2082
1790
1669
2099
1221
1398
2094
2392
1491
1905
3948
1391
2424
2211
1575
2914
1819
1335
1695
1171
3617
3097
1798
1530
1240
1776
1276
2262
1296
1340
2062
991
2048
1987
1494
2101
2360
1766
1620
1949
1485
1460
1444
1249
2277
2005
1378
1976
975
1777
1370
1076
1496
1946
1852
1581
2120
2108
956
1175
986
920
1344
1207
1668
1505
1103
1802
1771
2282
1098
1539
1793
1948
1584
1328
1936
1461
2576
1874
1665
1376
1512
1973
1679
1414
1925
1325
1272
1309
2184
2324
1495
1629
1293
1177
1113
1825
1295
1635
1380
1519
1611
1863
1858
1894
1421
1717
1896
1129
1971
1340
1379
1891
1523
1482
1515
2306
1918
1553
1751
1539
1703
1417
1684
1461
2376
1271
1179
133
1252
1522
1172
1722
1695
1202
2389
1405
1395
1647
1410
1812
1701
1896
1157
1255
2028
2336
1566
1471
1616
2034
2274
1491
1207
2165
1888
1614
1957
1538
2135
1764
1062
1620
1795
1323
2090
1312
1320
1323
2460
2269
2371
1580
1554
2452
1576
1087
944
2078
1847
1595
1438
1697
1268
1914
1501
1599
1988
1904
1578
1657
1884
1707
1831
1119
1838
1579
1544
1829
1484
2059
1732
1737
1456
1398
1468
2344
1716
1825
1982
1656
1941
1911
1943
1713
1318
1782
2204
1816
1121
1848
1806
3213
1515
1948
1270
1705
1601
1587
1119
1884
1180
1067
1055
1545
1391
2270
1206
1581
2081
2008
1705
1439
1568
1810
1258
1550
2060
1241
1244
1799
1503
1234
1416
1761
1660
1170
1619
1154
2544
2110
1334
1442
1394
1787
1535
956
1825
1070
1314
1313
2424
2335
1974
2077
1513
1909
1740
1485
2601
1216
2264
1928
1812
1457
1937
2039
903
1735
1928
1492
1462
3007
2612
1642
2113
2191
1609
3039
1266
1842
1642
1472
2433
1338
1178
1592
1546
1995
1547
1147
1541
1159
1490
1534
2202
1525
1294
1467
1479
2192
1560
2262
1445
1875
1455
1774
2143
1639
2131
1264
1624
133
1417
1454
2261
1518
1730
2682
2338
1383
1368
1633
1742
2015
1433
1722
2159
1935
1739
2143
1352
2339
2139
1651
1383
1270
1679
1814
1827
2181
1677
1995
1868
1649
1572
1364
2399
2423
1457
2118
1693
132
2493
1114
1852
1191
1384
1450
2174
1324
2356
1685
1496
2293
2543
2108
1373
2419
1389
2235
1660
1673
1465
1685
1037
1385
1486
967
1748
1435
1312
1921
1743
1358
1506
3217
2002
2220
1606
1181
1136
1315
2154
1709
1256
1192
1428
1567
1097
1469
2540
1916
1907
1302
1259
1021
1273
1534
1682
2082
2071
855
2388
1568
2127
1291
1975
1315
1816
1860
947
1958
1786
2058
2064
1690
1907
2130
1416
1157
2110
1331
1167
1453
1247
1783
1893
2217
1976
1258
1545
1631
1475
133
1186
1245
1293
1626
1777
1214
1719
1976
1330
2271
1710
1388
1614
1807
1535
1937
1133
1939
1317
1517
2387
1024
2086
1920
1622
1718
133
1352
1614
1707
1996
1293
1147
1694
1395
1445
2158
1673
1646
1294
1890
2038
1490
1747
2430
1969
1942
2509
1649
1694
1128
1143
1632
1398
1712
1208
1623
1147
1405
1252
2035
1558
1864
1558
1470
1672
2293
1365
1113
1110
1852
1125
1256
1416
1790
991
1189
1637
883
1546
1785
2182
1674
1429
1629
1595
1948
2132
1139
1495
2045
1378
2092
1971
1105
1169
1153
1886
1428
1461
1188
1466
1302
1539
1824
2143
3404
2345
1623
1631
1861
1615
1909
2274
2244
2304
1140
1223
1583
1690
1895
1303
1875
2153
1142
133
1513
1855
1373
2067
996
1662
1291
1868
1268
1818
1561
1188
1571
1264
1665
1663
1593
1874
1997
1852
2250
1390
1896
2056
1844
2213
1084
1599
1703
1164
1288
1708
1859
1510
2015
1704
1550
1750
1076
1693
1867
2012
2053
1491
2518
1088
1718
2170
1939
1651
1634
1682
1867
1233
1149
2436
1398
2288
1917
1873
2411
1361
1362
1900
1671
1767
1790
1383
1304
1697
1571
2548
1994
1178
1490
1938
1699
1650
1229
1806
2055
1974
2031
2093
1512
2098
1425
1488
1733
1381
2248
133
1340
1982
1847
1640
1224
2080
1783
2617
1382
2304
1951
1829
1279
1229
1981
1744
1424
1558
1812
1151
1150
1629
1197
1468
1047
2428
1610
1374
1425
1139
1419
1277
2263
2510
930
2161
1639
1855
1200
1874
1833
1556
1891
1755
1998
1445
1800
2346
2352
2267
1145
1703
1172
1925
196
1340
1600
1414
1680
1292
1390
1215
1006
1989
1972
1174
1865
1231
1994
1740
1778
1458
1225
1928
1832
1828
1468
1244
1660
1165
1238
1653
1844
1445
1696
1535
1045
1494
2764
1116
1353
1893
1654
1895
2694
1621
1971
1252
1277
1388
1593
2218
1338
1214
1589
2086
2694
1919
1544
1583
2598
1568
1930
1472
2065
2398
2081
1622
2447
1365
1539
1269
2212
1333
1324
1105
1530
1819
1172
1476
2508
1574
1378
2474
1532
832
1556
2458
1895
1724
1899
1570
2755
1558
1877
1834
1890
1604
1611
1515
1794
1289
1671
1515
1295
1717
2032
2671
1455
1673
1445
1746
1820
1005
1675
1706
1842
1889
1208
1269
1998
1346
1202
1776
1650
2110
2385
1455
1189
1428
1187
1104
1373
1615
1229
2146
1497
1308
1654
2000
1642
1172
1286
1245
2023
1763
2100
1690
2361
1042
1291
1622
1116
1698
1988
2085
1649
1393
965
1940
1714
1441
2173
2145
1767
1651
1382
1393
1653
1847
2236
1214
133
1563
1797
1830
1641
1308
1567
1152
2000
1961
1435
1404
1127
1259
1275
2284
1961
1566
1635
3786
1644
1756
1507
1563
1110
1805
1162
1851
1579
1697
2129
1553
986
1844
133
1015
1280
1694
2119
2601
1776
1839
1444
1857
1223
1389
2211
1682
1360
1721
1919
1412
1951
1453
1116
1445
1772
1999
1792
1210
1424
996
1249
1692
1570
1284
1429
1293
1727
1141
1399
1761
1570
1898
1118
1863
1544
1691
1134
1194
1444
1384
1787
1200
1315
1820
1495
2040
1166
1265
1927
2091
2106
1250
1440
2095
2339
2186
1207
1323
1224
2294
1416
1263
1750
1373
2062
1766
1671
2606
1944
1549
1341
2472
2426
1430
1424
1568
1203
2359
1379
1983
1306
1931
2476
1546
1994
1713
1174
1651
1702
1509
1482
1174
1642
1435
2206
2193
2064
1124
1184
1677
2061
1796
1587
1411
1418
1065
1585
1632
1442
2449
2076
1155
2106
1565
1502
1892
1314
1266
1020
1188
1406
1083
1853
1034
1094
1786
1492
1445
1578
2532
2095
1769
1616
1197
1059
1642
1165
1987
1249
1805
833
2174
1728
1792
2103
2062
1331
1172
2008
2311
1996
1685
1927
1945
2150
1365
1824
1256
1645
1499
1784
1815
2152
2132
1923
2300
1465
1437
2002
1526
1026
1776
1317
1192
1101
1048
1629
1784
1483
1427
1556
2340
1892
1980
2493
1100
2094
1267
1008
2192
930
1902
1543
1687
1274
2350
1197
1630
1839
1392
1318
1385
1457
1649
1556
1611
1940
1576
2172
1885
1724
1312
1296
1447
2272
2002
1858
1127
2412
1860
2285
1115
1887
1321
1894
908
1565
1751
1563
1607
1584
1343
1673
1619
1268
1521
1204
1400
1275
133
1301
1011
1399
1673
1751
1504
1745
1968
1840
1277
1682
2156
1519
1397
3510
1593
1261
1506
2232
1701
1718
1789
2230
1152
1137
1066
1810
1240
1294
1757
1459
1970
1473
1966
1848
2056
2274
2392
1304
1551
1691
1924
1646
1146
1437
1054
1886
1303
1464
2122
1167
1788
2000
1407
2147
1645
1640
1576
1595
2233
1821
1210
1788
2017
1407
1846
1987
1197
1761
2172
2259
1265
1715
1535
1616
1304
3617
1165
1334
1736
1268
1520
1497
1609
1665
1438
1441
1510
1069
1736
1214
1515
924
1495
1937
1011
1565
2093
1599
1338
1383
1146
1132
1880
1550
1139
1933
2499
1738
1856
1662
1388
1358
2110
1654
1459
1627
1837
1476
1180
1661
1770
1810
1379
1813
1309
1312
1757
1398
1497
1597
1420
1431
1155
1720
1390
2090
1225
1840
1960
1525
1429
2062
1803
1633
1658
1262
1401
1280
1074
1218
1629
1850
1494
1595
2267
1285
979
1614
1714
2141
1314
929
1097
1628
1607
1123
1856
1402
1549
1400
1413
2218
1784
2131
2070
1206
1394
1931
1249
1199
1705
1668
1629
1665
1562
1646
1396
1149
900
1684
1392
1282
1857
1785
1473
1847
2140
1830
1473
1506
2041
1350
932
1745
1509
1135
1351
2024
2314
1519
1092
2002
1980
1863
1491
2056
2021
2209
1363
1174
2102
2014
1152
1725
877
1192
2407
854
2222
1639
1389
2159
908
1152
1014
1210
1494
1119
1229
2035
1479
1731
1311
2117
1310
2027
2069
1396
1438
1562
1693
1314
1577
2278
2250
1722
1555
1473
1219
2117
2058
1320
1651
1559
1542
1983
2525
133
1986
1463
1841
1401
2126
1627
1478
1808
2398
1362
1650
1565
132
1713
1288
2288
1831
1748
2211
1847
2409
1650
1086
2236
1174
132
1152
1861
1862
1180
1310
1502
1307
2123
1400
1904
1782
1239
1259
1322
1436
1130
1073
1553
1612
983
1931
1105
2245
1154
1280
1094
1549
1237
1346
2000
1388
1756
2031
1629
1788
2045
1915
1896
1864
1715
1599
1960
2223
1706
1686
1908
1983
1449
986
2353
132
1498
1579
1724
2190
1580
1330
1520
1272
1055
1665
2155
2158
1420
2051
2096
1306
1150
1259
1542
978
1664
1180
2388
1509
1672
1098
2312
1947
1134
1265
1562
1368
2079
961
1452
1759
2416
1908
912
1853
2290
1452
2460
1671
1440
1594
132
1042
1353
1448
1954
1293
2329
1954
1672
1372
1914
1190
1785
1577
1787
1200
2089
1311
1339
1017
1527
1189
1082
1582
1675
1303
1145
1282
1467
2363
1816
1301
1687
1489
2472
1766
1918
1353
1877
1178
2165
1660
1214
1785
1811
1152
1731
1286
1901
1271
1885
1938
1716
2425
133
1892
1019
2218
2088
1488
1595
1967
1094
1752
1474
1165
1699
1543
1356
1532
1254
1801
1638
1679
1692
1334
1242
1318
1664
2040
133
1592
1368
1859
1525
1645
1555
1351
2034
1830
2205
3751
2105
1706
1129
1252
1691
1821
1437
1954
2747
1327
1833
1874
1091
1347
1515
2004
1607
1456
1736
2492
1371
1349
1483
1221
1922
1373
1795
1865
2086
2274
1630
3218
1956
1264
1929
1759
2449
1530
1889
1260
2273
1878
1411
1175
1644
1347
2043
1602
1190
1386
1112
1307
1801
2088
1073
1353
1246
1890
1344
1731
1216
1792
1012
1872
2084
1335
1587
133
1308
1604
1356
1577
1425
2218
1308
1972
2013
2204
1729
1475
1901
1645
1492
1471
1173
1604
1033
2408
133
1959
1175
2071
1489
1780
1978
133
1358
2556
1317
2399
1510
2116
1771
2341
1949
1210
1700
1595
1876
1190
1698
133
1629
1935
1561
1404
2097
1656
1586
2062
1417
1198
1289
1348
2352
1923
1198
1670
1916
1457
133
2266
1948
1916
1292
1357
1493
2089
1862
1596
1818
1162
1110
2014
1968
2165
1795
1203
1680
2599
1298
2047
1651
1295
2528
2076
133
1834
1301
1994
1314
1495
2086
1928
1214
1065
1441
1406
2219
1443
1277
1180
1576
1647
1563
1358
1830
1206
1500
1504
2005
1454
1530
1423
1623
2319
1934
1544
1865
1388
1390
1310
1408
1666
2081
1012
1484
1597
1455
1034
1562
1860
1790
1274
1579
1938
1962
1399
1718
1455
1736
1211
1450
2358
1540
1295
1948
2451
1800
1909
2199
1358
1454
1205
2289
1892
1026
1254
1496
1794
1829
2098
1942
1247
1191
1681
1306
2715
1106
1358
1874
1406
1806
2199
1444
1195
1285
2139
1502
1776
1252
1522
133
1435
1602
2094
1227
1548
1249
1809
1333
1274
1835
1985
1983
1929
2005
1817
1752
1863
2402
1398
1304
133
1603
1506
2377
1360
1559
2664
1969
1430
1337
1971
1140
2243
2128
3376
2165
1193
1949
1942
1337
1437
1459
1925
1250
2456
1189
1557
1347
1997
1244
1807
1977
2056
2119
1451
1457
1291
1637
1847
2193
1995
1247
1149
1504
2017
2026
1884
2573
1701
2375
1757
2232
2012
1752
1610
1738
1094
1376
1050
1366
2158
1384
1802
2529
2049
1454
1239
1949
2212
2073
1553
1236
1948
2193
1492
980
1545
1545
1689
1429
1440
1949
1670
1366
132
2226
1615
1927
1407
1448
1275
1768
2589
1707
1397
1892
1698
1835
1518
1692
1587
2471
1141
1702
1545
1447
1878
2148
1739
1818
2330
2265
2134
1905
1911
1640
2068
1105
1488
1405
1661
1522
1361
1476
1570
1486
1187
1280
1715
1723
1785
1177
1172
1629
1469
2077
1270
179
1155
2165
1212
1680
1338
2210
1879
1333
1055
1307
2380
1289
2135
1876
2013
1658
1396
1436
1729
1140
1579
1755
1626
1447
1742
1630
1261
1405
1445
2300
1827
2493
1303
2022
1685
1612
1256
1558
1232
1093
2433
998
1353
1381
1913
1163
2571
1627
2183
2113
1687
132
1808
1089
2035
1468
1743
1473
1666
1448
1251
1361
1841
1719
2228
1255
133
1760
2650
1260
1597
1129
1302
1128
1243
1265
1415
1231
916
1693
2322
1442
1200
1331
1657
2318
1447
1098
2135
1106
1627
1567
1155
3952
1663
1470
1351
1274
1966
2016
1093
1266
2038
1430
1821
2293
1068
1908
1611
2691
1803
1065
1069
1777
1972
1638
1445
1825
1318
1503
1978
1464
1284
2166
1196
1601
1764
930
1158
2148
1873
3043
1417
1164
1950
1513
1668
1087
1586
1476
1352
2177
1783
2580
2075
1590
1335
1860
1686
1359
1117
1354
1286
2391
1247
2244
1843
1368
1952
1750
1745
1440
1293
1682
132
2112
1954
1497
1324
1999
2411
2274
1356
1323
1616
133
1535
1416
1396
1373
133
1975
1730
1625
1386
1950
2085
1254
1680
1212
1970
1648
1714
1723
1983
1617
993
1844
2073
1148
1636
1220
1643
1394
1275
1358
1994
1611
1457
1902
1068
1613
1385
1896
2101
1396
990
1080
1820
1733
2051
2225
1680
2212
1850
1953
2340
1704
1001
2042
1419
1605
1694
1515
1369
1880
1648
1745
1410
1816
1579
1107
1500
1399
1544
1774
1331
2199
2274
1569
2086
1648
1649
1221
2043
2144
1589
1874
1297
2238
1442
1075
1163
1332
1650
1472
2011
1767
1091
1591
1702
1168
1458
1583
1237
2145
1861
2444
133
2190
1919
1518
2557
1112
1239
1830
1478
2228
1871
1084
1916
1675
2190
1333
1618
1222
2048
1839
1689
1564
1381
1803
1452
2864
1927
1119
1612
1825
1602
1570
1127
850
1595
2725
1293
2267
1458
1282
1902
1704
1683
1551
1767
1098
1398
133
1420
1869
1623
2230
1600
1865
1302
1823
2128
1080
1174
956
2201
1219
1556
1400
1298
1174
2251
1419
1121
1462
1705
1467
1789
2018
1423
1252
1457
1805
1708
2510
1166
1307
1424
1639
2399
1998
1919
1441
1784
1195
1252
2138
1726
1395
1557
2119
1609
1533
1138
2170
1199
1852
1292
2401
1107
1778
1492
1664
1760
1258
1994
1458
1518
1037
1285
1398
1199
2238
1407
1649
2439
1464
2176
1371
1900
1264
1158
2610
1328
2147
1855
1325
1390
1904
1572
1730
1757
1601
1489
1180
1976
1327
1778
2077
1669
2086
2478
1568
973
1646
1782
1432
1646
1785
1294
1129
1140
1845
1861
1436
1489
1772
1868
1602
1623
1530
1589
1438
1615
1511
1585
1636
1934
1351
1879
995
1866
1395
1389
2260
1611
1376
2215
1790
1257
3621
2649
1757
1718
1499
2722
920
1714
992
1632
1790
1383
1218
1851
2106
1318
1005
1333
2171
1638
1234
1503
3335
2491
2361
2122
1148
2170
1584
1623
1344
1711
1473
2372
2098
1463
1366
1220
1978
2079
1274
1087
1985
1876
1386
1733
2207
1662
1630
1502
2222
2809
1276
1606
2019
1561
1538
2308
1358
1509
2352
2606
1190
1827
2176
1717
1010
1695
1891
1184
2078
1445
1960
1116
1771
2074
1519
1805
918
2010
1421
2006
1950
1523
1550
1930
1513
966
1113
1284
1754
1447
2015
1280
1563
1349
1584
1963
1100
1189
1569
1540
1897
1640
1958
1154
1710
2001
1418
1077
1605
2112
1333
1346
1553
2255
1906
2170
1943
1878
1140
2350
2942
2008
1411
2303
2170
2457
2064
1075
2492
2056
2030
1418
1125
1949
1983
1724
1771
1192
1878
2389
1043
1999
1854
2019
1940
133
1970
1292
1756
1589
1879
1699
1146
1244
1642
2160
1584
1964
1344
1470
1765
1204
2009
1055
2044
1587
1340
2914
1513
1359
1490
1884
1368
1087
2237
1961
1313
2181
1680
1632
1369
1231
1766
1657
1426
1328
1136
1194
2739
1608
1451
1439
1440
1558
1667
1089
133
1049
1336
1794
1500
1411
2262
1716
1404
1672
2092
1427
1414
1540
1431
1067
1430
1346
1186
1197
1868
1341
1258
2592
1368
1480
1161
1226
1270
2400
1423
1302
1336
2146
1441
2066
1546
1386
1589
2018
1763
1426
1947
1347
2124
1904
2241
1596
1476
1964
1280
1793
3273
1412
1418
1685
1572
1067
2294
1705
2020
1471
1457
2251
2246
2412
1293
1866
1496
1733
1851
1324
1406
2151
1664
1275
2158
2249
1653
1379
1693
1002
2388
1519
1339
2086
2000
1796
1372
2010
1762
1762
1832
1340
1267
1399
1801
1160
1369
2401
2405
1620
1692
1604
1535
1326
1780
1472
986
1535
1517
1364
1776
1845
1504
1737
2535
1995
1458
1956
832
1743
1230
1710
1191
1395
1391
1344
2391
2553
1462
1603
1655
1697
1290
2355
1463
1578
2003
1742
1129
1259
1351
1351
1416
2204
2126
1350
1435
1453
1724
1642
2084
1114
1714
1657
3410
1978
1685
1941
1746
1780
1736
1170
2362
1916
1237
1732
1490
2724
1867
1755
1001
1051
1399
1987
1466
1858
1602
1638
1302
1173
1490
1592
1515
1672
1872
1906
1700
1097
1553
1857
1738
1831
2498
2052
1722
1730
1381
1371
1233
132
1882
1538
1189
1948
1791
1625
1245
1469
1516
1962
2003
1444
1961
1649
1648
1548
2601
1956
2480
1812
1757
2190
1651
2409
1457
1359
2053
2187
1994
1857
2416
1938
1079
1597
2603
1736
2691
1300
1447
1463
1694
2268
1842
2155
1478
1353
2378
2057
1591
1506
1828
1404
1460
1186
1461
2351
1326
2310
1609
1637
1414
1422
1790
1510
1373
1699
1054
1357
1209
2472
1421
1326
1418
133
1852
1588
1870
1413
1634
133
1620
1309
1670
1943
1578
1186
1813
1243
1411
2199
1237
2095
1502
2098
1104
2148
2020
2160
2360
1787
1309
1947
1477
1799
1131
1831
1668
1502
1544
1211
1206
1699
1845
2252
1042
1652
1393
1619
1992
1222
1487
1723
1857
1965
1034
1647
2052
1234
1677
1577
1688
1993
1898
1933
1360
2096
133
1120
1495
1489
1986
1435
1695
1965
2374
1583
1122
1684
1815
1887
1284
1369
1827
1618
1570
2635
2422
2067
1737
1955
2420
1709
2706
1261
1645
1221
1611
1470
1641
2622
133
1901
1481
2049
2018
1755
133
1423
1284
1967
1386
1745
1643
2027
1631
2171
1684
1521
1148
2275
1963
1618
995
1072
1493
1835
2387
1585
1174
1750
1932
1701
1590
1277
2040
1943
1283
1365
2582
2270
1557
1088
179
1596
1751
1670
1940
1433
1235
1479
1841
1382
1143
2112
1822
1560
1040
2059
1538
1279
1365
1714
2230
1817
1805
2097
1368
2075
1824
1438
2233
1389
1798
2125
1254
1124
1145
1587
1712
1245
2060
133
2251
1877
2500
1262
3056
1335
1266
1510
1782
1389
2149
1657
1086
1956
1144
2109
1984
1192
2036
1308
2037
1657
1789
2221
1423
1446
1525
1453
1718
2155
1614
1341
2059
1228
1568
1623
1579
1660
1666
1656
1857
1751
1061
1250
1442
1858
1130
1861
1518
1911
1280
2030
1970
1712
2097
1565
1757
1139
983
1271
2310
2310
2104
1420
1225
1868
1866
1108
1235
2180
2636
1248
1671
1332
1264
1531
1581
2111
1011
1731
1751
1691
1501
133
1340
2293
2057
2119
1672
1078
1861
1518
1639
1170
1472
1162
1672
1609
1732
3064
2109
2084
2424
1663
1237
1384
1338
2357
1714
132
1127
2820
1528
1842
1648
2548
1718
2226
1757
1793
1788
1462
1344
1301
1371
2039
1085
1463
1979
2166
1604
2336
1280
1983
1713
2353
2474
2418
1502
2253
1712
1320
1287
1883
1758
1849
1292
1487
1082
2164
1719
1651
1700
2435
2279
1465
1683
999
1711
1561
1762
1589
2426
1444
1431
1191
1615
1996
1308
1416
2169
1560
1183
2052
1398
1297
1799
1309
1346
1447
1392
185
2213
1385
1415
1603
1195
955
1247
1753
1882
2555
1254
2310
1133
1772
1925
2692
1801
1145
1609
1916
1678
2043
1767
1847
1506
2062
968
1989
1711
2297
1989
2075
1153
2808
1799
1500
1577
1467
1056
1668
1790
2126
2183
1608
1826
1355
1760
1135
2230
1849
1727
1283
1318
946
1539
2322
1129
2214
1427
2258
2033
1950
1932
1186
1937
1437
1294
1491
1512
936
1481
1551
1446
997
1400
1200
1678
1757
1188
1735
1269
2191
1522
1562
1521
1471
1273
1369
1959
2329
1407
1447
3857
2048
2601
1214
1756
1796
1966
1083
2005
1366
2643
1946
1620
1273
1664
1666
1288
1231
1070
1356
1839
1084
1931
2261
2055
1157
1463
1614
1604
1456
1803
1452
1228
1725
1789
2263
1599
1634
1359
1552
1413
1650
1844
1545
1558
1881
1144
1252
1071
1568
1744
1211
2214
2391
1753
1382
1893
1922
1678
2131
1181
1837
1315
1959
1844
1848
2021
1939
2134
1584
2052
1368
1628
1756
1767
2336
1177
1631
1573
1032
1434
1385
1917
1226
1484
1428
1335
1451
1247
1625
2138
1001
1270
1749
2162
1181
1755
1467
2647
1578
1666
1654
1660
1235
1696
1326
1738
1586
1148
1543
1965
2084
1411
1423
1385
1175
1318
1267
1114
1292
1390
1335
1384
1301
1977
1116
1280
1549
2046
1014
1469
2053
1365
961
1405
2337
2531
948
1090
1544
1180
2930
1240
1636
1488
1479
1140
1986
930
2052
1393
1349
2193
2402
2234
1718
2388
1399
1405
4095
1523
1639
1908
1899
2280
1165
1759
1063
1651
1567
2272
2245
1117
2228
2149
1480
1404
1848
2018
2357
2102
2354
1238
1483
1577
2061
1814
2102
2109
2266
1151
1383
1515
1518
1137
1782
1882
1455
1721
1384
1783
1481
1141
1369
1429
1591
1054
1223
1458
1575
1286
1592
2896
2256
1939
1716
1367
1968
2145
2192
1621
2037
1072
1365
1838
1559
2226
1864
1474
2244
932
2561
1442
1621
2336
1801
1792
2296
1504
1695
2234
1134
1752
2049
1799
1185
1435
1470
2257
1238
1280
1357
1333
1375
1321
1769
2026
1900
1960
2480
1380
990
2781
1325
1233
2042
1668
1691
1038
1809
1784
2636
1257
1473
1676
1243
872
2090
1291
2176
1307
1160
1127
1784
2486
1171
1454
1148
2146
1599
1616
1187
1391
1095
2182
1321
1109
1760
1006
1310
1896
1646
2133
1614
1673
1987
1445
2338
1265
1849
133
1752
2121
1047
1550
2848
1531
1841
1508
1111
2046
1447
1148
1801
1204
2285
1552
1426
2142
1753
1455
1625
1465
1583
1155
2534
1486
2301
1698
1627
1640
1577
1973
1112
1831
2148
1139
1413
1532
1754
1252
1227
1499
1410
1670
2095
2462
1716
1794
2006
2073
900
1780
1700
1558
1961
1867
1315
1330
3612
1793
1715
2268
1311
2379
1397
2595
882
2195
1358
1638
1363
1842
2336
1830
1059
133
1969
1869
1352
1484
2137
1490
1442
1154
1516
1242
1711
1557
1499
1550
1584
1350
1930
1352
132
1296
1346
1232
2068
1046
2168
1695
1273
2180
1042
2059
1271
1359
133
1663
1173
1864
1000
2059
1569
1848
1521
1713
1589
2043
1815
1803
1899
1993
1779
1396
1365
1410
1545
1755
1774
1433
1435
1679
1635
1596
1808
1316
1126
1872
2557
1374
1440
1377
1986
1723
1480
1189
1227
1300
1642
1503
1083
1572
2295
133
1490
2109
1819
1541
1799
2069
1277
1421
1642
1615
1359
1527
1637
1797
132
1677
1563
1348
2762
1979
1301
1480
2056
1665
1449
1616
1359
1539
1860
1677
1386
916
1857
2150
2106
1537
1197
1247
1096
1865
1227
2071
1608
1381
1443
1457
1875
1760
1635
1442
1418
1523
2099
1597
1615
1028
1811
1445
1894
1147
1831
1605
1575
1658
2461
1180
1463
2654
1769
1806
1894
1603
1267
1781
1251
1062
2710
1371
1568
1889
1342
2086
1642
2063
1178
2053
1754
3234
2199
1335
1105
1324
1615
1782
1252
2743
1880
1520
1314
1938
1766
1735
1767
1804
2121
2383
1746
1567
1385
1424
2496
2128
2142
1344
1579
1725
1419
1478
2115
1793
2285
1656
2217
1144
1474
1278
1587
1371
1264
1763
1264
1702
1209
2330
1855
1156
1685
1413
1533
1560
1259
2002
1088
1680
1400
1513
2686
1287
2382
1857
1841
1597
1218
1580
1587
1971
1067
1599
1667
1992
1856
2237
1215
1270
2049
1671
1834
1465
1664
1619
1089
1426
1543
1317
2259
1615
2162
1754
1311
2019
1139
1578
2282
2207
1846
1547
1313
1890
1480
1586
1435
1709
1642
1239
1780
1734
1966
2150
1474
1519
1864
1433
2404
1428
1971
1457
1283
1231
2044
1833
1263
2012
1368
1224
2267
1582
1867
1411
878
2332
1430
1460
2120
1322
2084
1866
1693
1198
1917
1422
1750
1762
1782
1861
1362
1921
1492
1365
1203
1399
2097
3106
2422
1169
1946
2238
1297
1510
1744
1088
1931
2596
1359
2071
1186
1445
1280
174
893
1925
2427
1381
1813
1516
1129
2236
1774
1857
1831
1381
2153
1288
1024
1627
1639
1839
1089
1382
1603
828
1909
1101
1251
1281
1291
1870
1783
2070
998
1488
1432
1622
1462
1739
1305
1983
1232
1186
1804
1511
1241
1670
1245
2107
2535
1660
2967
1506
1671
1525
1465
1538
179
1157
1512
1225
1138
1361
1044
1511
1523
1112
2315
1777
1783
1657
1192
1266
1884
1177
1255
1714
1567
1439
1612
1807
2614
1141
1858
1436
1681
1586
1292
1567
1617
1410
2447
1664
1368
1213
1751
1763
1353
1251
1559
1619
1832
1475
1647
1650
2012
1215
2080
1336
2326
1566
1543
1539
1719
2049
1626
1638
2213
1338
2281
2251
1160
2280
1565
2184
2482
1936
1376
2180
2506
1134
2634
2203
1091
2503
1988
1351
2284
1472
1457
1592
1763
1219
1696
1921
1724
133
1517
1315
1534
2411
1547
1696
1285
2330
1651
2033
2301
1606
1216
1169
1769
2117
1153
880
2203
1618
1669
1495
2134
1540
1292
1885
1741
1979
2318
2028
2011
1323
1297
2099
1408
1245
2749
132
1707
2560
2237
1006
1854
1864
1187
2083
2340
1524
1902
2932
1404
1616
1233
2312
1748
1775
2001
1752
1849
1570
1898
1551
1368
1499
1945
2401
1759
1265
1287
1867
2016
2162
1233
1713
1395
1531
1207
1308
2040
2260
2255
1626
1809
2155
3025
1988
2127
1882
2211
1104
1476
1742
1986
1738
1206
2204
887
2115
1818
2228
1129
1551
1631
1975
1384
1844
2568
1820
1398
1252
1428
1921
1703
1957
1481
1235
2230
1822
1232
1479
1850
1872
1439
2058
1809
1611
2101
1704
1943
1153
1684
1635
1874
1532
1578
1194
1486
1191
1486
1953
1577
1898
1406
1490
2432
1106
2201
1752
1206
1579
1673
1592
2562
1704
1151
1891
1082
1379
1235
1787
1397
1515
1670
1167
1027
2244
1262
3663
1816
1166
1397
1506
1830
1360
1866
2009
1159
1593
1233
1542
1815
2119
1619
1307
1769
1901
2201
2077
2349
1460
1368
1608
1484
1506
1231
1258
1554
1740
1569
1502
1789
1699
2531
1366
1569
1510
2198
1327
1248
990
1112
1596
1210
1893
1947
1487
1422
1491
1136
1234
2026
1606
1665
1413
1887
1551
1969
1576
1549
2317
1163
1747
1503
1705
1977
1498
1724
1514
2422
1109
2072
1591
1492
1319
1048
1209
2087
1535
2000
1065
1927
1702
1899
1471
2092
1314
1876
2204
2176
1519
1250
1201
1504
1539
1728
1563
1684
1489
2145
1215
132
2071
1196
1024
1288
1587
1693
1522
1424
1532
1761
1634
2015
2211
1201
1625
1187
1955
1401
1528
1020
1314
1973
1774
1673
1677
1837
1948
1316
3028
1974
1620
1327
132
1309
1468
1967
1253
2678
1438
1664
1317
1250
1797
1395
1942
1414
1712
1941
1759
1287
1223
1520
1547
1879
2339
2361
1460
1867
1088
1710
1183
2102
1644
1823
2773
1242
1366
1431
1395
1680
1839
1780
1361
2022
1346
1488
1478
1809
1388
2059
1304
1547
1510
1163
1335
948
1464
1859
1791
1978
1833
1616
1539
1559
2126
1371
1367
1571
1415
2109
1996
1078
1685
1587
1056
1573
1868
1091
2516
1257
1838
1662
1929
1321
1692
2274
2066
1199
1749
1414
1403
2433
1610
1173
1333
1146
2064
1988
2046
1567
1498
1204
1059
1700
1696
1295
1929
2160
2318
1525
1195
4095
1205
1417
1744
1415
1449
1976
1170
2071
1353
1241
1956
1476
1722
1913
1214
1376
1317
1920
1723
1826
1454
1082
1212
1190
1352
2073
1184
1197
1423
1666
2044
2287
1786
1178
1456
1034
1513
1964
1629
1489
1042
1091
1422
1320
1017
1663
1549
1648
2321
2081
1652
1467
1523
1851
2415
1431
2044
1892
2359
949
1539
974
1569
2516
2137
1504
1220
3188
1337
1037
1437
1233
2351
1199
1121
1162
1400
2381
1749
1221
2089
1809
977
1441
2050
1363
1993
1900
1727
1039
1599
1340
1628
1727
1754
1689
1650
2140
2421
1595
1488
2096
1225
1801
1424
1454
1447
1968
1232
1367
1874
2037
1777
2186
2016
1764
1926
910
1939
1985
1484
939
1378
1983
2065
2167
1573
940
1911
4095
1922
1909
1755
1870
1646
1439
1086
1590
2239
1487
1257
1544
1769
1763
2020
1475
1261
1616
1202
1485
1170
1242
1938
1517
1542
1578
1918
1474
1922
3458
1433
1950
1511
1111
1486
2380
1984
2411
1585
1703
1406
1076
1630
1238
2124
1560
1677
1183
2088
1050
1672
1454
1369
1638
1251
1738
1479
2522
1348
2005
1643
1172
2210
1391
1879
1330
2340
1489
2000
1726
1331
1443
1636
1236
1934
1670
1797
1961
1911
2155
1481
1328
1283
2103
1827
1817
1613
1530
1524
1855
1534
2257
1239
1318
2149
1099
1052
1317
1833
1528
1457
1590
1922
1265
2462
2231
1574
1525
1055
1274
1590
1956
1831
2184
1588
2181
2033
1518
1609
1350
1684
1832
2577
1262
1340
1262
2349
1577
1132
1380
1895
1236
1112
1773
1602
1056
971
1478
1160
1423
1422
1525
2308
1697
1796
1801
2106
1339
1574
2324
1715
1661
1873
1773
2001
991
1727
1231
966
1280
1417
1768
1315
2059
1041
1895
1535
1492
1398
2015
1736
1865
1165
1791
1633
1731
1510
1794
1810
1426
1560
1149
1153
1831
1488
2778
1276
2146
1679
1172
1646
1479
1520
1471
1858
1453
1509
1551
2075
2124
1428
1062
1285
1080
994
1373
1322
2016
2001
1510
2266
1525
1918
2374
1407
1721
1716
1886
1517
2390
1558
1872
1246
1404
1587
1696
1222
2332
1865
1484
1629
1208
1164
1229
1864
1952
2270
1378
1347
2109
1407
2360
2099
1599
1601
1991
1897
1529
1147
1234
1869
1276
1410
1661
1922
1520
2034
1514
1734
1539
1472
2452
1630
1069
1587
1954
1994
1541
1099
1919
1349
1086
1738
1323
1437
1392
1253
1970
1888
1957
1962
1265
2037
2262
1828
1217
2247
2174
2795
1976
1079
1555
1279
2427
1607
1077
1453
1862
2705
1964
1748
1938
2006
1880
2061
2042
1335
132
1182
2299
2373
2262
2082
2057
1644
980
1745
1473
1318
1848
978
2027
2007
1434
1656
1554
1506
1668
1800
2685
1798
1060
1562
995
2081
1992
1664
1791
1560
1641
1421
1298
1720
1780
1098
1046
1489
1547
1770
1219
1755
1387
1584
1598
2276
1403
1506
1773
2426
1297
1428
1856
2287
1416
1489
1480
1357
2598
1240
1682
2521
1763
1240
1776
2359
1674
1973
1568
1342
1702
1964
1091
1586
2235
2051
1485
132
1309
2021
999
1050
2110
1964
1560
2802
1919
1482
2313
2284
1797
1316
1199
1579
1506
1815
1613
1628
1991
1309
1825
1305
1789
1753
1326
1405
1239
1324
2213
2464
2344
1266
1373
1806
1526
2000
1652
1115
1441
1347
1338
2157
1007
1941
1192
1347
2648
2577
1324
1789
1239
1181
1916
1207
1828
1490
1598
2894
1415
1832
1905
1953
1621
1087
1492
1962
1924
1163
1814
2183
1670
1017
1601
1242
1319
1407
1989
2140
1641
1879
1177
1238
1670
1544
1997
1634
1222
1534
2186
1712
1129
1449
1494
1413
2200
1149
1867
1429
1682
2307
133
1008
1849
1803
262
1499
2054
2315
2083
2161
1834
1838
1131
1611
2113
1834
2134
2116
1630
1538
1857
1573
2627
2167
1269
2132
1012
1219
1411
1271
1947
1572
2745
1931
1000
1217
1665
1919
1202
1471
1942
1792
1007
1546
2120
1183
1910
1734
1550
1475
1708
1120
1823
1674
1482
1056
2057
1240
1192
1626
1174
2136
1109
1600
1034
1876
2460
1384
864
1991
2052
2094
1437
1163
1033
1461
1139
132
1318
1632
1623
1429
1686
2240
1351
1464
1272
1919
2449
1634
1794
1372
1727
2893
1925
2168
1199
1822
1193
1484
2190
1904
1734
1715
1809
1242
1663
1346
1610
1879
1450
1904
2319
133
1711
1339
1386
1448
949
2065
1463
1864
1249
1765
1083
1259
1405
1432
1354
1727
1913
1892
134
1218
1554
976
2224
1111
132
2023
1171
1501
2603
2211
1935
1316
1413
1509
1418
2031
1205
1574
1358
1028
2241
1654
1627
1250
1373
1208
1348
2298
1444
1883
2369
1846
1303
1896
1213
1870
2117
2329
190
1836
1487
1736
1520
1747
1744
1989
1099
1803
1215
1638
1579
1647
1199
1892
1600
1320
1376
1293
1880
1804
1581
1202
1594
1569
1664
1132
2476
1543
2589
1389
1205
1645
1492
1517
2445
2312
1738
1078
1076
1110
2098
2560
1757
1580
1290
1488
1587
1399
1659
1501
1232
1356
1246
1652
1755
1371
1913
1582
2146
1456
1744
1836
2252
2139
1780
1857
1611
1459
1251
1547
1702
1788
2103
1431
1787
1500
2139
1416
1227
1806
975
1291
1231
1291
1470
1756
1594
1414
2079
2261
2471
1771
2468
2081
1681
1352
1437
1454
1257
2385
1907
2153
2219
2574
2178
2079
1709
1789
1001
1138
2139
1219
1652
1213
2151
905
1645
1212
1480
1280
2301
2358
1304
2062
1398
1705
1522
1637
1500
1993
1827
1842
132
1519
1388
1518
1139
1456
1567
1564
1545
1604
1343
2272
1346
1899
1761
1250
1699
1617
1398
1952
1477
1481
1989
1804
1786
1739
1945
2322
134
1447
1506
1076
1784
2167
2062
1166
1956
1385
1346
1839
1602
2392
1966
1547
1524
2278
1206
2362
1544
1055
1735
1421
1890
3192
1498
2133
1204
2047
1663
1174
1636
1842
1303
1864
929
1784
1962
1609
1829
1568
2019
2038
1377
2200
2148
1679
1727
1276
1572
2476
2171
2112
1334
1289
1365
1787
1072
2144
1903
1456
1313
2049
1374
1562
1681
1601
1324
1654
2531
1267
1387
2208
2436
2700
2152
1673
2802
1381
2129
1509
1254
1575
1440
1066
2091
1817
1113
989
1692
2068
1298
1600
2998
1579
1456
1780
1258
1361
1268
1257
1265
1206
1529
1307
1098
1870
1253
2305
1570
1800
1678
1579
1162
2272
1149
1761
2592
1993
1994
1281
1073
1439
1353
1656
2077
1198
2060
1558
2412
1158
1394
1941
1513
1118
1746
943
1855
1739
2832
2180
2380
1252
1994
1009
2274
1157
1299
1543
1714
1534
1994
1276
2068
1886
1706
1581
1327
194
1046
1851
1291
1650
1326
2143
2341
1161
1438
1180
1833
2489
2275
2182
2524
1477
1286
1131
2179
1617
1254
1518
1733
1231
1863
1157
1216
2409
1597
1408
1430
1236
1648
134
1332
2118
2213
1682
1999
1603
1659
1606
1476
1898
1751
1403
2411
1009
1349
1964
2298
1670
1510
2252
2487
1900
939
1396
1150
2016
1572
1487
1443
1509
1833
1193
1034
1462
1674
1592
1235
1761
1888
966
1876
1517
1542
1001
1726
1690
1377
1836
1274
1933
1405
1856
2033
1219
1468
1768
1535
1625
1137
1590
1372
1486
978
1665
1320
1228
1914
1049
2466
1207
1116
2167
1271
1711
1454
1364
1552
1469
1351
1849
1478
1079
2501
1861
1634
1751
2014
875
1569
2005
1416
2071
1957
1546
1843
1535
1640
1238
1975
1635
2307
1462
1399
1290
1653
2197
1491
1407
1888
1701
2350
1437
1662
3474
1045
1343
2242
2112
1755
1564
1986
1777
1666
1690
1577
1631
1345
2546
1534
1317
1881
1356
1274
1867
2326
1855
1532
2521
1174
2051
1256
1037
1976
1704
1930
2208
1557
1460
1508
1365
1214
1244
2091
1239
1620
943
1975
1582
1577
1454
1485
2516
2324
1449
1814
1707
1863
1832
1690
1295
1365
1659
1165
2005
1332
2509
1399
133
1816
1390
1377
1148
2127
1416
2634
1938
1602
1396
1400
1620
2093
1539
1088
1391
1590
1643
1522
2151
1524
1432
1337
2098
1059
1548
1295
1337
1189
2030
1523
1154
1726
1282
1837
1228
1702
1385
1863
1946
945
1065
1930
1953
1186
1373
1522
2112
1317
2088
1107
1701
3682
1710
1765
1602
1846
1326
2155
1646
1376
2180
1627
2932
1732
1502
2356
1452
1434
1275
1430
2084
1743
1377
1938
899
1463
1474
1351
1481
2098
1789
1707
1960
1342
2358
1801
1071
1966
1812
2360
2153
2140
1402
1877
1808
2129
1346
1604
1417
2365
1726
1232
1684
1719
3606
1385
1791
1888
1430
1853
1376
1668
1303
1907
1875
1500
1372
1595
1158
1815
1445
1006
1730
1159
1916
1215
1135
1667
1922
1429
1709
918
1967
1116
