4095
4095
4095
4095
4095
4095
144
144
2228
2228
157
157
2608
2608
3163
3163
152
152
157
4095
4095
3247
3247
1323
1323
158
154
154
1712
1712
1879
1879
1071
1071
1202
157
157
1156
1156
145
145
153
153
4095
4095
1725
1725
2093
2093
3944
3944
155
155
153
153
1316
1316
153
153
1493
1493
4095
158
158
1777
322
154
154
1253
1253
157
157
153
153
154
154
157
157
158
158
281
281
156
1269
1269
2434
2434
2207
2207
1717
1717
2242
2242
1315
1315
1696
1696
290
290
145
145
1166
1166
473
473
1096
1096
144
144
155
155
1384
154
154
145
145
156
151
151
2284
2284
156
156
2552
2552
157
157
157
157
4095
4095
1801
154
154
156
156
149
2744
2744
143
2251
2251
1450
1450
1662
1662
149
153
153
447
447
158
158
4095
4095
1677
1677
145
145
151
4095
4095
153
153
145
145
2330
2330
1457
158
158
157
157
1557
1915
1915
144
144
144
144
153
153
154
154
4095
4095
152
152
156
156
1525
1525
1017
1017
153
158
158
153
153
153
143
143
1221
1221
148
148
151
151
153
153
149
149
2221
2221
149
149
153
0
4095
4095
154
154
4095
4095
1440
1440
148
148
1655
1655
2394
2394
3586
3586
2430
2430
158
158
157
157
980
980
152
152
1018
1018
2998
453
453
152
152
1053
1053
1475
1475
2151
2151
157
157
2028
2028
156
156
153
153
151
151
4095
4095
155
155
2235
143
143
4095
4095
153
153
146
4095
4095
2372
2372
2132
2132
154
154
1302
1302
1573
1573
2236
2236
158
158
145
145
149
149
157
1705
1705
155
1559
1559
148
148
4095
4095
153
153
148
148
158
158
155
155
1404
1404
1383
1383
153
153
1731
1731
154
154
2248
2248
2680
2680
2229
2229
156
156
1781
1781
2719
2719
1494
1494
2255
2255
1468
1468
152
153
153
4095
4095
1311
1311
152
152
146
146
152
152
154
154
154
154
2326
2326
157
157
157
157
1117
1117
2514
148
148
4095
4095
3597
3597
144
144
152
152
156
156
144
144
145
145
155
155
1568
1568
1260
1260
1967
1967
158
158
155
155
1182
1182
155
155
155
155
475
475
1007
155
4095
4095
154
154
1412
1412
157
157
2914
2914
1241
1241
155
157
157
152
152
152
2183
2183
157
157
151
151
151
151
151
151
154
154
2258
2258
143
143
148
148
1813
1813
1131
144
144
152
152
153
153
4095
4095
4095
1631
1631
142
142
156
156
153
153
154
154
154
154
156
156
152
152
1122
1122
1444
1444
3436
3436
150
157
157
1311
1311
1939
1939
146
771
771
1204
1204
2242
2242
1129
1129
147
147
2336
2336
144
144
1532
1532
154
154
710
710
1527
1527
153
153
1266
1266
153
153
1911
1911
2209
2209
4095
4095
2126
2126
154
1596
1596
156
156
1451
1451
2975
2975
153
153
2179
2179
157
157
147
147
153
153
156
156
155
155
2138
2138
1500
1500
1519
1519
141
141
154
154
931
931
152
152
149
149
158
158
2837
2837
157
157
3710
153
153
153
148
148
1674
1674
152
152
154
152
152
144
144
145
145
155
155
1470
1470
153
153
4095
4095
168
168
4095
4095
1419
1419
154
154
154
154
154
154
149
149
4095
154
154
1069
1069
147
147
1235
1235
2654
2654
987
987
143
143
953
3167
3167
153
153
2468
2172
1989
1989
1880
2387
2387
151
151
1964
1964
158
2057
2057
4095
1597
1597
1390
1390
153
153
1608
0
151
151
155
155
153
153
150
150
2337
2337
1734
1734
3332
3332
4095
4095
1344
1344
154
2294
2294
4095
4095
4095
4095
150
150
156
155
155
1820
1820
158
158
1240
146
146
148
148
153
153
4095
4095
150
150
157
157
153
153
154
143
143
153
153
154
1630
1630
155
155
155
155
1152
3772
3772
149
149
155
155
154
154
4095
4095
1606
1541
1541
157
157
4095
4095
1099
1270
1270
153
153
149
149
4095
4095
145
145
1472
1472
153
153
154
154
147
147
154
154
154
154
4095
157
157
1775
1775
3807
3807
905
905
153
153
153
1447
1447
157
157
157
157
1205
1205
4095
4095
156
156
152
152
1088
1088
1453
1453
154
152
152
200
200
157
157
2056
2056
2388
3937
4095
151
151
2074
1490
1490
2313
2313
4095
4095
154
154
144
144
153
153
1712
1712
153
153
1751
1751
151
151
154
154
157
2762
2762
152
152
147
147
157
157
154
154
1343
1343
157
157
153
153
1455
151
151
156
156
2106
2106
152
152
154
1463
1463
1566
144
144
154
4095
4095
153
153
1695
1613
1613
2195
148
148
1809
4095
150
150
1075
1075
1282
4095
4095
3812
3812
4095
4095
1249
1249
2406
2242
157
157
1603
1603
1018
1018
3236
3236
2093
2093
1432
1432
1549
157
144
144
1735
1735
149
149
145
145
1755
1755
2152
1004
1004
1246
1246
1238
1238
152
152
497
497
1519
1519
153
153
155
155
1197
1197
154
154
3007
4095
4095
154
154
2069
2243
2243
152
152
148
153
153
4095
154
154
2867
2867
157
157
1787
1787
157
157
152
152
153
153
1759
1759
2268
155
155
157
154
1024
1024
146
146
1814
1814
1476
1476
154
154
154
154
147
147
144
144
156
156
153
153
4095
4095
156
156
153
249
249
884
884
154
154
148
148
144
144
153
153
1608
1608
152
1770
