3765
1981
2078
1862
2040
2116
2098
155
3553
2220
154
1450
1195
3753
1317
2046
1404
1192
157
149
1490
2228
1926
2006
1952
2011
2302
159
1089
1737
1864
2078
2212
2379
2418
2188
2059
4095
1749
2111
2740
2086
1893
134
2336
2217
1734
1575
157
1007
2390
2027
150
3176
2360
2108
1981
1445
2143
1952
2373
1684
2142
1992
1426
161
2367
1655
1955
2208
2316
2205
3277
2162
1896
1617
2399
1866
2376
155
134
2140
1841
1682
1967
2298
133
2032
153
1805
1809
2330
2086
2400
2085
608
2284
2045
2136
2091
1745
2290
978
3913
1227
2159
157
2294
2750
2126
2409
2205
1914
1740
2323
2015
2374
2042
2959
1319
2010
2029
1651
1424
3008
1532
2266
158
145
1342
2339
1664
1061
1549
3933
2085
1615
2319
1572
2080
1617
1496
1697
1246
2064
1622
1468
2176
2723
2026
1833
1703
1785
1554
2081
154
3179
1256
1902
2024
3680
541
133
2087
153
159
1557
2155
2241
1535
1908
159
148
2332
160
2082
1801
2220
2132
154
1995
2122
3725
1893
144
134
3911
2086
2322
2692
1020
1622
1487
2131
155
1268
1653
3510
1327
152
1597
1689
150
1484
1724
2664
1730
2278
1788
1793
2058
2365
2046
2166
154
158
1564
1950
1616
1638
1327
1391
134
1504
1371
1491
1973
1243
1884
2277
157
143
1374
157
915
2308
1633
1600
2333
2939
1281
2173
1782
2072
2118
189
2298
2038
2213
3480
1221
2176
2236
2015
2064
152
2219
2055
1327
2133
154
2337
2124
1994
1518
2064
1688
2193
1727
2038
2034
1530
2308
2178
1915
201
1766
1593
1480
2043
1373
1910
2304
158
2419
2371
1312
144
3649
1650
2332
156
1729
148
156
2236
1752
2287
1859
150
156
157
1553
160
1088
1343
2063
154
2765
160
2326
1700
2011
1551
2279
2169
152
1194
2250
1948
153
2305
2262
2092
1253
2111
2086
3379
1218
1534
157
143
1519
2265
996
1161
2338
1480
1628
1971
1921
1661
3357
2734
157
2103
1249
157
1396
2784
2105
1287
153
1954
1615
1968
1988
2314
1551
1363
2113
1897
277
1349
2945
1348
2341
1963
158
2400
1090
1972
2358
1803
158
4095
4095
1908
2365
2062
159
999
1135
2082
1564
2326
1351
1873
1507
1325
1725
1430
2032
1609
1991
2225
2333
157
2071
151
158
2344
2033
2084
835
2056
2264
152
2094
1522
1679
154
1199
149
2032
1906
1791
154
1869
1662
155
2224
145
2361
1440
145
3421
2284
2233
2290
2059
594
2072
2158
3733
1532
1241
1288
135
1381
2354
1572
1938
1835
2376
2141
2479
158
1382
3452
2313
2122
3438
1992
152
2035
2418
3538
2331
2294
1937
1845
1320
1400
2207
3089
1632
1778
3168
2116
160
2036
2121
1701
1715
2130
2238
2670
2326
2152
2606
2115
1586
1902
1693
2254
144
154
2085
2037
1997
156
1458
2043
155
1915
2066
1384
1618
1116
154
2081
2479
1435
2152
2217
1750
2169
2117
2128
2292
2282
153
2100
1453
1471
2133
2001
3190
1735
2183
1640
1108
2257
640
510
2328
159
3219
3736
2030
2214
1551
155
2224
151
2393
1997
159
144
2037
2190
3473
1466
2448
157
1240
1563
1968
1726
2664
2047
3000
147
134
1182
1059
144
2350
157
2599
2326
2306
1954
1195
1027
1256
4095
3887
1632
1628
1162
2092
2006
2044
1746
2358
158
2092
1028
158
1714
1340
1574
1627
1778
2855
3262
1422
1289
2188
2285
2059
1742
2121
156
144
2262
2088
154
148
2349
2279
2319
1441
2335
1649
2434
2324
1931
2647
2129
1936
3261
2005
2426
1202
2071
157
1304
1523
143
133
3838
971
2564
1552
2087
1327
2382
1041
154
1473
2027
2318
2469
2171
158
604
1830
1261
1811
2065
2309
1952
2572
1513
1647
2269
2084
2392
1733
2223
1710
2131
1349
3366
152
2083
1981
2116
1929
1109
2391
1679
1767
154
1462
2500
1522
2225
2081
1876
1975
2377
1724
1937
2301
155
2316
2396
2127
158
3489
1460
2074
2270
2033
770
1479
2232
1882
1904
134
2144
2295
1117
2208
1617
2212
1470
2022
2297
2259
3975
171
2065
2431
2230
2088
2425
2110
1739
3536
1347
2354
2084
3334
165
1727
2216
1771
2676
1387
1283
4095
434
2267
2106
1088
2150
1814
2414
1156
2120
1488
156
2020
2330
1218
3455
151
2013
2419
1772
2130
2018
1452
151
2888
154
2072
1378
1980
2065
1433
1418
1954
3071
2106
3699
2459
148
133
1924
2237
154
2945
2541
2081
2307
146
1849
1792
1150
1249
2210
144
2364
1910
2403
2589
2841
146
2346
156
148
1808
2181
148
1831
2831
1374
158
2038
2307
1553
2025
2070
2285
2356
2250
1804
747
2041
1490
3539
2325
2015
2240
154
158
667
1302
1223
2357
2012
158
1099
1973
2049
2116
1693
2027
146
2413
158
2306
133
134
1443
2350
1420
2285
2024
1658
1017
2141
156
2066
2001
2175
2254
157
1964
2101
1165
2058
1708
2054
2157
1405
157
2332
1344
3725
1783
1564
134
2075
856
2038
2583
154
1093
1998
155
1272
134
2092
1605
536
1374
1750
1568
2196
2095
2245
1709
1362
1416
1711
2106
2523
2306
1453
1493
1106
2230
1424
2208
1670
2512
1208
2720
2137
1655
1491
2092
1005
1451
154
2237
2063
1772
158
2890
153
158
2393
2325
3083
1408
2121
1853
2072
1950
2318
1742
2342
1247
1762
154
1486
1836
1155
1765
2275
2193
155
2378
155
494
2203
2106
1736
2192
2403
2026
2158
1851
591
3042
1559
1436
1957
2040
2127
1658
159
152
2130
165
1990
1152
1734
2252
1538
1746
1280
1016
159
147
1906
2242
2063
2321
1925
144
156
1744
2235
2282
2054
1584
1145
2635
144
1386
2033
145
1728
1261
1810
1989
2103
3812
158
1560
149
159
2893
2246
1674
2264
2021
2070
154
1147
1041
1032
153
1975
2130
1081
2650
2050
155
159
2442
2004
2234
2369
156
3943
147
155
157
144
1909
157
1726
1412
1636
1987
1872
2037
4095
2249
1601
1019
2829
1579
2374
1422
2731
3493
925
1568
150
1632
1560
151
2045
2022
2396
2001
1569
2230
2091
2155
2010
1646
152
2118
1523
2097
2050
1268
2052
2260
1883
2558
2367
1368
2271
1455
2257
2287
154
2256
2120
155
1295
2254
2363
458
134
3634
1578
2048
2350
155
2053
155
1668
1981
2239
1304
2362
158
2290
153
2242
1776
2127
1680
153
1813
2187
151
1439
2045
1011
2275
2214
1967
1865
2018
1725
1434
158
2480
1547
2166
2363
1398
1787
2348
1398
2216
1748
2124
2003
2077
2646
971
2101
2141
1662
1584
1975
1658
1480
2245
2582
2377
157
1982
1269
2284
2009
1560
1478
154
1512
1948
1488
1660
2326
1735
151
1163
1910
156
4095
2123
152
158
1786
2349
1835
2048
1480
154
158
150
2014
2104
1808
2424
1634
2011
1970
1984
2276
1922
2935
2296
2329
1825
1920
2470
2254
2272
1399
2209
1357
299
1486
2385
2216
2275
2913
2050
2100
133
156
3644
149
4095
738
1791
1789
1762
3305
2142
2072
1046
1360
2185
154
3118
2678
2352
1540
157
1396
1662
2456
3364
145
538
2680
1859
2277
2335
1372
1661
2110
3150
153
150
163
1965
1916
2268
1325
2163
1720
2400
1573
1060
2627
134
1742
2203
1409
450
1355
4095
1658
155
1140
2335
1436
3165
2342
1458
1686
2105
1783
2056
1249
1557
2024
157
1642
1662
1541
1601
2233
1896
1963
1311
2080
134
154
2348
133
2172
3295
158
1752
152
1817
2043
485
1475
2042
1894
1476
2123
2221
2308
150
1281
1966
2066
2393
1842
759
1985
2272
145
156
1573
1478
135
1310
2250
2050
158
144
2306
135
134
155
3233
1328
1996
155
1180
1950
1220
2451
1942
2098
1636
1267
134
1480
1618
3712
1416
159
1301
2185
1418
2249
1501
3880
2579
1562
1339
4095
1047
1767
147
1996
2881
2332
1561
2275
3754
3855
1457
2354
2147
2278
2074
1372
1939
144
1109
1466
1217
154
1489
1675
3265
1610
159
1300
2635
2343
1702
1480
1945
1652
2050
4095
2289
2033
1013
135
152
2375
1864
1653
2197
1200
2191
3513
162
1215
2443
2033
147
2224
1872
4095
1228
1449
2262
2871
1791
1093
2393
158
2702
1683
1698
1143
3188
4095
1273
2007
2099
1662
2036
1567
1415
1985
2342
2406
2241
2025
153
984
2071
3191
3966
155
1319
3844
2566
2297
160
2266
2301
158
2118
1756
2086
2118
2577
1435
1559
1974
1993
1371
2396
1104
412
155
158
1762
2339
1787
2286
154
156
759
154
157
1923
1498
157
1277
1978
1987
1547
2279
156
2125
3569
2334
2496
158
1543
1226
160
556
161
1732
1740
2126
1706
152
152
1373
151
2049
1506
3230
1498
1607
475
2127
2065
1342
2846
1847
2071
3180
157
1993
1980
2167
2084
1459
1674
2410
2127
1745
2240
2143
1783
1521
1222
1314
2400
2495
1516
1736
1936
1739
2026
2301
1499
151
2268
1924
2093
2033
788
2318
1684
4041
1407
3491
1552
2103
2186
2325
1458
1766
3536
2075
2525
2061
1449
4095
2028
3014
1747
424
2079
2024
972
2306
156
2054
1188
3076
1287
2025
3097
145
2083
1329
2094
134
1265
2243
570
4010
2157
1664
1890
151
1072
2102
2084
2165
2094
973
1965
153
153
2094
2235
1665
158
1666
153
1882
1391
155
1573
1375
154
2286
2064
2080
1908
2155
2005
1838
1624
1479
1644
2297
2135
1691
145
2394
1175
1353
3691
2114
661
1594
2033
1951
1147
2285
1795
2390
2082
152
2006
1887
2080
1917
1900
152
1596
1496
1959
1608
2004
1908
1952
2221
2414
159
1222
3244
2270
2018
2096
1828
145
2128
2001
2268
155
1900
2008
2193
158
1466
1721
2071
146
154
2076
146
2305
2055
2764
1690
1262
1000
1570
2035
2728
2040
154
2065
2212
2354
2093
2390
1447
1674
2403
2076
2350
1654
2005
1654
2514
1957
1768
161
149
1973
726
147
154
1852
1028
2323
1928
1711
1661
2224
1922
1320
1595
2821
2015
1999
2368
1786
2045
1455
2343
961
1502
1819
155
1275
3263
1280
2327
1492
1736
1637
2130
2023
2095
1207
2020
2107
1741
2668
155
160
976
134
2103
4095
154
2000
1633
1776
596
2722
1727
158
2052
2936
2021
1550
2386
1424
1413
155
1335
1237
2119
2267
2369
1507
1651
2278
1005
1285
1890
1990
1602
1689
681
1466
150
1482
2296
1729
2200
2054
2839
1578
153
2070
1892
2391
2108
1741
1403
1529
2295
4095
2080
2129
3867
153
2437
2277
3724
2463
2324
1591
2119
1769
155
146
2311
1318
2236
2093
2074
1595
1984
1420
158
1060
1088
134
2358
1120
155
2295
1414
1585
2451
1430
715
1747
1258
414
146
2379
1974
1330
1056
2148
1252
1264
155
2008
152
2013
155
2204
1137
2332
1095
2285
2112
2342
1951
2403
2788
1694
155
2934
2240
1337
150
1575
2243
978
145
1480
158
2025
153
1504
2263
2367
154
2577
3355
2099
1548
1624
2006
1607
1564
2368
2149
2371
1972
2374
2034
2003
2578
1617
155
2295
2272
2034
156
1117
2345
2125
2229
1951
1465
2028
1129
1466
155
1817
1492
2278
1260
2108
1308
4023
162
155
144
1098
1457
2257
1092
2260
2317
2241
3999
2277
2160
156
2035
2250
2270
2125
156
2001
1296
2033
154
148
2307
2414
1546
2423
1968
1736
2004
1036
1447
136
1119
1203
159
152
1292
2170
4095
2256
1970
2058
1572
3097
3446
2027
1919
145
155
2166
1040
2389
170
134
2401
3195
1040
2144
1191
2241
2001
156
1260
156
157
2045
2340
155
2062
1190
1360
2313
1640
2374
1608
1973
155
1856
191
2161
134
1936
3493
2677
1911
2109
1064
2020
2351
153
2285
3430
2312
2387
147
134
1196
1140
1439
1433
725
1227
2250
2096
1503
2278
2305
2340
2161
2226
2118
2139
146
882
1513
2273
155
1923
2139
3685
2945
2261
156
1130
151
1260
2191
2173
2246
1430
4023
157
152
153
2320
1786
1288
157
3535
2039
1257
207
1275
1597
2330
2398
2003
1686
2239
248
2011
1706
1075
1208
2338
153
2045
3649
2041
2058
150
2304
1931
950
2135
2268
1252
1972
1654
2081
2422
4095
2133
4095
1890
1434
2039
2286
2391
154
4036
3276
2089
156
2114
2084
412
1513
1417
2230
1989
2102
1457
2348
3402
1816
1727
158
1153
154
974
153
2342
2084
2251
2385
1625
3590
3744
1180
151
2150
134
2054
1094
2046
2279
2371
133
147
1224
4051
1583
2312
1382
2310
2348
2082
2065
2320
1158
2085
1592
2088
1988
156
154
148
2054
1309
1300
1818
2156
3058
1027
1733
4095
159
1037
2000
2199
2331
4069
1264
2285
1622
2010
2328
2172
1960
2400
2780
2029
146
2223
2240
2014
1168
2509
147
2093
157
2114
2368
1098
1285
153
2338
2344
1987
2232
4095
2148
2005
2939
1589
1413
1456
2083
1464
2642
3431
2313
2110
2287
153
1815
1535
154
2069
1744
2258
1155
1906
1433
2364
2893
2252
155
1085
1396
4095
2154
1598
2172
2198
1412
155
2023
1893
2289
2261
2398
1619
2211
144
154
157
1308
4095
2315
1314
1987
2058
2293
2073
157
1613
2919
2073
2073
154
1081
1922
1551
157
2274
1503
1456
2133
2330
2345
1429
2419
3248
1372
1823
1205
4095
157
1969
1558
1482
155
154
1303
2246
1303
159
134
2454
2328
2337
1531
870
2035
2444
2184
1652
133
2163
1276
2632
1664
2353
2299
157
1585
154
2036
3045
1499
2277
144
1228
2064
4095
2260
2131
394
155
1132
1891
155
2062
3854
1824
1850
2375
2344
1379
1614
2260
2344
861
2043
152
2185
1962
1876
2317
1666
4042
1321
2219
2144
2413
1114
2156
155
1418
2014
1743
1625
1355
1710
2261
3305
2065
2271
1850
2902
1377
2301
2937
1435
2959
2063
3259
1682
2068
3995
2526
2330
154
1970
575
2031
152
2229
2871
1283
1406
2062
153
2055
2326
2331
158
1196
1777
2313
1616
1734
1492
3451
1645
1585
1379
156
2482
1418
1608
2135
1134
1142
1974
2109
1910
155
2056
2135
155
1164
2199
1887
2100
2156
1215
2213
2222
2105
1568
2076
2034
150
2154
1769
1883
2054
2390
153
1739
2106
1407
2200
154
1618
2071
1880
1854
157
1984
1689
2218
2286
146
1995
1088
1913
2075
2084
2235
2429
1588
1295
2164
2147
2382
2081
151
2186
2172
1638
1429
2120
1385
152
1783
3614
2290
1758
154
1960
2267
2289
1707
2014
1485
4095
3421
1890
2333
1132
3555
150
1758
1752
1632
1242
1787
1659
1280
4095
2018
1664
2102
2105
1442
2113
1456
2373
2638
2140
2340
1468
154
2251
1702
2974
2299
3801
1775
155
2322
2108
1976
989
2159
2321
158
1607
1471
1406
157
2314
1818
2025
2001
1643
2439
1445
2417
1549
2094
1599
358
1960
1512
2130
1544
2376
1388
1420
2027
1517
1253
1269
1481
2003
1975
150
1670
1339
2094
1145
1728
1449
3377
155
2105
1585
1989
155
1499
155
2067
1726
4088
2061
1464
156
1468
1273
2234
2392
2006
1606
1374
2006
1761
1573
2448
1713
2252
2369
2108
2117
2108
158
1187
2100
2090
489
1452
1977
1831
158
1511
1044
1746
2265
1158
1972
1346
1678
2340
2220
144
166
1882
1671
2024
155
3312
156
3577
2441
2304
2035
2416
2275
2272
2327
1999
1265
1538
2028
2253
2299
2024
2003
1304
1620
3020
2054
523
148
2086
1810
2066
2224
1883
2659
156
2228
144
1189
157
135
1412
1517
1266
1517
158
1019
1821
158
1517
2109
1305
1064
3159
1638
2121
3399
1009
2330
1654
2073
2283
2165
1765
2097
164
1903
1584
158
1730
134
1747
2423
2117
2188
1401
2421
1218
1995
1451
2268
1330
155
158
2382
2132
2298
1956
832
159
2274
154
2028
1106
3116
157
2036
2807
134
146
3502
155
2234
1989
1213
2107
3337
2299
149
2154
2227
1634
2154
1757
2360
1995
2321
357
2283
2097
1987
3052
1567
2376
921
3715
154
2361
1016
1650
1431
1919
2311
640
2404
3101
1264
2045
2357
2173
2086
2464
2280
145
1828
159
2290
155
1651
1145
154
1770
2102
1366
1937
149
1641
3510
1524
1733
1418
1466
2012
2072
1442
1419
2305
1222
158
1779
2020
1991
133
2067
1616
149
2547
1454
148
2419
2011
1397
1386
158
1651
1886
2081
1706
2109
1506
1276
1685
2026
3071
2359
1424
2314
2004
156
1196
2417
155
2105
1558
2239
2304
2057
1912
1644
2056
1332
1612
2367
2068
2118
1039
2007
2502
160
1403
2309
159
1278
154
133
1750
1722
159
2318
2258
1470
3624
1058
1210
1937
1361
1860
145
1519
157
1191
2534
1503
3961
153
1647
2740
154
155
1433
1643
2037
1092
1152
1412
1390
1462
4095
1422
1246
2334
1743
2121
1515
150
1048
2365
2465
1772
1257
3144
1616
4068
2414
2018
148
155
1532
2323
3309
3418
3632
2264
158
3407
2391
1874
2375
1551
1737
2491
1604
158
2517
1783
2804
2272
1539
1979
146
1708
1327
2616
2307
1975
1507
2791
156
1461
1454
2054
2070
1269
2052
2126
1404
2464
2153
2334
1598
154
2020
150
1811
3470
1664
1208
1622
2340
1710
2249
145
1991
1967
2255
2095
1983
1072
2283
1997
1388
1819
1589
493
1070
2211
2435
2062
1720
2201
2258
2088
134
1552
3894
2324
1980
154
2302
155
2298
4038
2364
1929
2039
2051
1741
146
155
157
2317
4082
2278
1443
1974
2009
1183
2279
2357
151
3894
2550
2226
466
152
2632
2012
2285
2111
2312
2071
2618
3796
2068
134
1463
147
4077
158
145
1835
2028
2494
2121
2050
2406
2027
2262
3250
1343
158
145
154
2043
1615
1498
155
2354
2350
2226
149
2076
154
2374
1334
1130
2063
649
2224
1497
2177
1852
1139
158
2078
4095
1107
1554
2044
1165
1407
157
3965
1661
2356
1362
149
134
1721
2394
1784
158
144
1163
2286
2089
1783
2283
1104
2324
155
1649
154
155
2065
2111
2149
2349
1600
1902
1665
2079
2234
197
2045
157
145
2138
1225
1617
1047
2158
1562
147
154
158
1172
1926
2240
1764
2252
1742
999
2106
1027
155
1972
1727
1341
1419
1347
1144
2331
1902
2284
1398
1652
2138
2176
155
1735
1951
2311
2278
1330
1581
1672
1190
2208
3516
2069
1742
218
1426
1897
1650
3389
2304
1970
2030
149
1169
2841
147
2038
1329
1710
2373
1947
159
151
1430
1332
1455
2759
134
2073
2323
1985
2291
1806
144
1503
3176
1799
2061
2111
3901
2383
153
134
2034
146
2389
1554
2167
1484
1576
1713
2341
2160
160
133
1247
2079
1718
1457
1733
159
2098
2044
1253
2002
1024
2100
2074
2612
3472
160
1495
1906
2061
1923
2270
2274
2238
2302
2107
1346
1925
1340
160
2304
1628
1082
2064
2334
1753
2041
2103
1904
2012
1480
2345
1452
1640
156
1748
2080
1527
4095
1332
1232
150
2533
2003
2106
2103
2060
1996
1611
2389
1126
1478
1988
3580
1699
1422
1926
2595
2411
2106
1918
201
2399
1408
2107
2105
2245
146
1024
1848
144
1215
157
1819
2002
2168
1636
2063
1412
2298
155
1907
2327
154
1628
1594
157
1977
2070
157
1211
1407
1982
1859
1262
2136
932
2247
2335
1558
2326
2267
1666
2115
1184
2339
2351
1862
1362
1318
158
2013
1334
1065
2176
2029
1579
1613
154
2871
145
1754
1773
1872
154
1943
145
2014
1693
2304
1616
2289
1627
3125
154
1238
1669
154
2410
3509
156
2046
2354
155
2119
1429
2093
2128
2186
2111
4095
2017
1499
1818
158
1420
134
1792
2321
2261
1738
2083
1320
157
3197
3960
1976
1734
1397
1957
1993
2354
1117
1517
390
1375
1667
2138
1365
2014
155
2062
1511
156
1809
2283
157
1463
2279
160
2340
2371
2401
162
1552
152
1204
153
2084
447
151
1282
2128
2357
133
1131
149
1312
2465
147
1541
1120
1718
2425
1480
1459
2092
157
144
2054
2261
2105
2037
1375
1793
2376
158
3103
3960
1334
1981
2093
1572
2408
1405
1227
1438
2785
2123
1620
1482
1322
1211
155
1984
1490
3867
2117
1632
1819
2273
1924
2051
2179
1734
1753
152
2014
1577
2243
156
1976
2101
2553
1916
2358
1626
1806
1826
155
158
2335
1829
2230
2424
1177
1873
1282
3809
1988
144
1943
2173
2126
1606
1983
3946
158
1501
1948
1987
2082
1295
3184
1756
2340
2072
1751
2419
1380
2227
2062
1459
1375
2410
2309
1476
154
1986
2515
155
2193
1413
1595
2008
2077
1979
1506
1286
2100
1842
1671
1733
2642
1472
2259
3864
134
2256
2163
2362
1884
2280
146
1736
2294
2292
1535
1103
1544
2030
2766
1607
3816
1665
152
1999
1726
2187
2077
153
3452
1726
2375
1975
1932
1176
1638
1502
621
133
2299
2252
3606
1132
1892
2348
1652
2176
1517
2030
1463
2337
2333
1345
1134
1611
145
155
156
3010
154
1480
148
1827
1552
2495
2296
1160
1092
1638
1307
1410
1439
1893
153
2097
1638
1745
159
2120
153
1964
150
2366
2017
2195
154
158
2145
155
2244
2101
1262
1831
147
1309
2090
144
1462
2344
1706
1510
1671
2804
1612
1778
2287
2085
1966
2540
1744
1615
2290
1532
2234
2148
157
1314
2062
1187
2173
1352
159
2303
151
2296
2147
1607
1729
1541
2078
1066
1384
1887
1915
2285
1681
2656
1467
2085
2485
147
1387
1961
1698
156
2115
2296
1464
1974
144
1303
2022
987
2330
1968
2386
153
2303
2267
1203
2425
2394
157
1990
1808
1436
2353
2457
1304
2044
151
1633
1601
1380
2152
151
1977
1056
3439
2222
160
1514
2324
171
1288
1998
1896
458
2304
1373
1446
1477
2528
134
2354
1263
2561
1388
2266
144
1471
2831
1605
1693
2346
1744
2276
1194
145
153
2023
2266
1590
2018
3513
144
3574
2919
2052
2354
154
158
1902
2468
1778
2109
2658
2097
1989
1314
2357
1059
1283
1986
1948
2130
2393
1783
160
1616
1783
2406
2170
1331
1901
1484
1371
4095
2162
2208
2352
148
1016
2004
1897
2261
1598
2003
1701
1443
1520
1622
1889
156
155
2379
2425
1887
2342
1304
3988
2208
2306
2245
2064
154
1348
3088
2217
147
2088
2099
2015
2044
134
2307
1534
1007
2358
2112
1281
2395
2067
1706
2238
154
155
2217
1898
1982
2213
1134
2000
1771
1882
155
1852
155
2125
2050
2857
2054
1687
1490
2038
2274
2063
2176
2696
1550
1561
1487
1397
2198
2303
2052
1174
134
2153
1152
1965
1414
2396
1978
2006
2205
2517
1955
153
1465
1428
2030
1931
1555
2037
1304
2001
1458
4019
1433
1244
2012
2049
2039
2092
3076
1293
3172
156
1472
2495
1917
2050
1981
1410
153
134
2035
2031
2414
1803
154
1617
2058
1209
160
1012
1805
157
1454
1386
158
1857
2320
2247
2357
1143
1577
4090
1810
2084
2055
2012
1700
146
2270
155
147
2012
1417
177
1962
2017
1570
1010
458
518
2139
2049
1868
1304
2336
2348
158
919
1222
2293
2133
2425
1707
3379
1462
159
3020
155
158
1116
2093
2020
1686
1518
1535
3379
2412
1986
2295
1027
1396
448
2252
2018
3528
154
3238
2309
1963
154
149
1890
2028
2384
2244
1540
1746
2321
2107
1725
1955
1990
152
1172
151
2036
1319
4095
153
1793
151
1346
158
1968
2063
2210
2057
3756
1629
2339
2118
158
1514
153
1644
1493
2271
156
1226
2150
3698
1614
1939
155
2268
133
463
1098
1757
3534
4040
1622
2080
150
159
1516
4095
2058
1586
848
157
152
152
1004
1772
1789
158
2000
2336
1228
1856
2100
1889
1912
1068
2142
2146
1141
1966
2157
2381
2243
1627
133
2015
1645
1599
2251
1935
2140
1568
2096
1472
2014
2110
156
1912
2375
1396
2315
1832
2337
2399
1350
2296
1564
801
2239
152
153
161
1678
3296
2524
1292
1491
2173
1561
2034
2293
1999
1783
1669
2044
1598
1973
2112
2355
2060
144
1467
1418
2356
2308
1662
1232
1971
1783
2072
2293
596
2325
1714
156
1709
2623
1703
2275
1442
1449
1942
4095
1698
270
2314
2079
2194
1991
1655
1492
1457
3160
1766
2257
136
2330
1974
1714
1951
1589
1761
2066
2031
2085
2089
2249
1427
155
2048
2799
2046
2224
2306
153
1610
1118
1372
1611
2259
156
3696
1761
1491
1280
1612
3558
1982
150
2291
155
1819
2533
2230
2352
2035
153
153
1658
3658
1792
1464
1978
1028
3887
2372
569
1828
1218
1675
2115
2133
1780
1118
1010
2483
1373
144
156
2271
144
2604
2305
1842
1027
2078
1375
155
1082
1239
3956
2076
135
3419
1528
2209
157
2113
2374
1867
2109
1931
1895
642
2088
2300
1880
2177
2260
1887
2340
1979
2296
3904
1368
148
134
1701
2053
1150
1993
146
3113
2056
2314
2006
158
1963
3578
2291
1691
2320
892
1010
2031
2077
2039
308
155
2092
970
2026
2072
2011
1471
2363
2259
1258
3157
1961
1867
1487
158
1545
3631
1918
1655
652
2030
2345
1424
1778
148
2130
2899
1180
1718
2044
1506
1507
1904
2019
1458
2006
2058
2066
2220
1046
1777
2060
144
153
2083
2028
2100
1098
1517
156
2616
2361
2334
3753
1696
2294
1422
1443
3943
1434
1403
2229
3458
1738
1381
2116
2280
2102
2351
2261
3231
154
1998
3999
3898
155
1888
2114
1575
2014
145
2395
1506
147
1692
1574
2352
2105
156
1659
3029
1993
2019
1508
1566
2612
1126
1260
2002
1754
1557
1598
2259
1932
151
2316
2317
3328
1801
153
4086
1888
152
2140
1515
1478
1234
155
1689
2295
2112
3124
133
1742
2300
1995
1585
1316
2124
1246
149
3902
1839
4095
1893
2002
1985
2283
1574
156
2048
2193
2047
1617
1556
2067
154
157
2283
1624
1558
1605
147
2239
2124
1281
1881
1504
133
1697
1476
1180
975
2304
2106
157
2264
2067
2036
1137
150
1657
2055
1273
2048
2058
1773
1201
1963
4095
147
2293
1969
133
1600
1193
1506
1053
2121
2374
1862
144
1713
158
1635
151
155
156
2125
2889
160
3201
1890
2496
2211
1415
2014
1498
2203
1618
3704
2000
2422
1362
1783
155
2046
154
1876
2827
150
1381
2022
1207
154
1583
1575
1427
1965
158
146
1797
158
2065
2107
1341
145
1958
2175
2345
2477
1744
2106
1542
155
144
154
1290
2104
155
1998
2099
2090
1077
1223
156
154
149
1576
2291
2169
1779
156
2177
2358
2149
2405
2622
2103
153
1523
151
1651
1805
1211
154
1311
1744
2418
2125
2036
155
1771
2829
3154
156
2265
1385
157
2066
1372
157
1808
1991
1439
1396
133
2763
148
2297
1145
2205
1256
1593
2284
158
2730
1561
157
2293
224
2235
1591
1907
1576
152
2287
1994
2126
1422
1452
151
153
2030
1997
2383
1466
1880
2365
3201
1239
1364
2167
1093
1826
2228
143
156
1737
1740
2385
135
1198
4095
1077
146
154
2293
1597
2238
2124
220
3568
1956
1511
1295
3960
2030
133
1582
152
1838
2108
153
1794
2049
2553
1558
2200
2074
1458
1735
2132
864
2190
154
2184
1351
1239
2200
2319
2398
1283
145
1521
2375
2315
2315
1274
2049
1498
155
144
2279
2227
2079
156
2066
1581
1004
3933
1825
2196
1742
1234
1243
154
1507
1539
154
1538
1463
4044
1995
2168
2136
3765
1273
2236
1940
1992
1644
151
157
2026
133
382
1402
1448
1895
153
1561
158
1303
2064
1922
3628
1806
1038
2249
154
1311
2440
1689
1595
1958
2101
1796
1493
134
156
144
2306
1580
145
1368
2259
1364
2057
157
4095
2284
899
1704
156
2150
1630
1337
1799
151
158
2264
2556
1120
2287
2396
2277
2491
2171
2257
3291
1988
1607
2363
1970
1425
2341
2373
1574
1325
2309
2238
1985
2442
2035
2347
1708
1360
1576
1462
1681
2086
2528
156
146
2613
1598
2345
2078
1322
2345
2000
2405
153
1575
2356
2083
2172
149
1596
158
2288
2043
2324
1865
2100
4095
2322
3367
1575
1799
2046
157
145
1306
156
1643
2869
2060
2020
1587
1380
511
1348
2219
2140
2666
133
1480
1993
1364
2245
2086
1637
2210
1972
2201
152
2133
2095
2094
2274
1664
1628
1783
149
2334
2033
148
3080
2018
2306
2349
2957
2241
146
2387
3378
2186
1551
417
2201
2011
2092
1142
2335
134
2271
3183
2236
2342
2039
1272
2402
159
2112
2355
588
1136
155
2064
1198
154
1944
561
2126
158
1359
1206
1598
2085
3980
1359
143
2112
1454
2066
3475
156
144
1418
1989
2263
1997
2258
1846
1259
1995
1930
1919
2037
1673
2232
2297
2070
156
1274
1893
2036
2353
1919
1585
1505
1440
2029
2244
1480
1864
1466
1362
2208
2336
1875
1248
902
2418
2235
1197
2099
1886
1990
1442
2069
2114
154
2228
144
2101
1175
2352
1396
156
2138
2288
2023
1977
1867
2048
1760
1359
154
2053
2269
155
2014
2501
1496
2302
153
2340
1717
1459
4024
2334
2125
157
1590
415
157
154
152
1756
3470
1916
2028
1346
1816
1900
150
2004
2345
2139
2450
1821
1748
155
1378
2256
2026
2277
1561
2433
1652
2126
134
1987
1071
1650
2269
147
155
1562
1597
156
3199
148
1891
1990
3139
1636
1949
1606
1862
2236
151
2997
2325
152
157
1018
146
1653
1523
2019
2257
2168
1662
519
2288
1996
2359
155
2246
154
1150
1475
1203
133
1737
1946
2077
1507
1991
158
1947
891
2362
2234
1336
2873
1523
2006
150
1910
2259
2314
154
2106
1630
1898
2230
2263
2098
155
1200
3665
1407
154
2221
2329
134
1833
2007
1564
2246
2295
2272
2014
3393
2263
1096
1993
2187
977
1183
2308
3904
1274
2267
1429
1377
2022
1290
1505
2078
1408
157
939
1533
1715
2244
1240
2043
156
2066
2047
1913
158
1149
1310
2062
1498
1043
2243
1656
1760
1987
155
1276
1355
2008
1074
2044
145
1379
1535
2057
1777
157
155
1195
1239
1685
152
1008
1839
1627
143
2118
158
1316
154
1392
1283
2070
1976
2455
2139
1271
2349
1694
2208
2355
2326
1215
146
153
2202
1761
2063
156
148
1642
1553
2659
2099
2627
133
2371
2195
2292
1726
2075
2121
1668
2328
1514
2305
2323
3542
2192
2302
1638
1413
1775
153
1974
148
1690
158
2635
155
157
145
2583
1854
2420
2088
2007
2261
2430
1981
2379
155
1297
1987
2301
155
2325
1734
133
1371
155
3972
1547
1734
2050
1713
1266
2050
1685
2349
1588
1660
2047
158
1839
1316
2279
3085
2059
2328
2389
2403
156
1375
2120
2852
2154
2091
1641
2060
1444
133
2263
155
1232
1024
1638
3328
2067
2231
2018
2213
1214
1085
151
1750
1916
2078
2285
1364
2314
1392
2040
1434
159
1442
156
2305
1598
1464
2413
1261
3351
158
2295
932
3583
1534
1757
2224
2301
1491
2159
1747
1510
155
148
1336
1397
1582
156
2294
1693
1485
1183
2143
1745
2101
151
2085
1763
1092
1028
1567
2160
2189
1267
1354
2314
2316
1994
3119
2075
154
2150
1372
1334
2373
145
2362
1500
2108
2095
1249
2211
1627
157
479
3530
2272
1111
1044
1417
2506
2514
158
2333
1169
2183
1850
2117
2232
2476
3109
2908
1868
2231
1791
156
2008
149
157
1394
151
1875
2080
1089
2162
1330
1462
1070
2058
2329
160
2119
1534
1891
150
2022
158
146
2047
2021
2285
154
1437
1469
2299
2034
2348
2311
1587
144
1913
2282
2462
1726
2389
1826
1241
1107
1355
2305
1915
2232
2088
1488
2261
3581
2204
160
2019
1812
2090
1401
2350
2082
1643
152
1969
1088
2798
3162
2072
2328
4029
2095
1999
1529
2245
148
155
2331
1649
2226
1476
143
2008
157
475
1204
1230
1384
2361
1516
146
2127
3962
2082
2045
1086
1681
2091
155
2118
2582
154
1874
2202
1697
1778
1415
2172
2064
2036
2273
1726
158
1119
1642
1430
1725
1167
1573
2109
2440
159
2037
1920
1096
2429
1966
1215
1778
1991
1651
144
1971
2102
144
2978
157
1165
2048
2131
2022
2345
1495
2040
2069
2830
2029
157
3676
2046
1349
1664
1797
157
2269
2269
2237
2365
2071
1294
2268
150
2416
2354
2175
2047
2106
1372
159
2564
2129
1632
2100
2241
1773
2828
919
2127
148
1242
2153
2430
2394
1985
1618
156
158
144
154
3996
1571
1940
1309
3221
1702
155
2313
2067
1989
2325
1018
2337
2120
4036
1797
1999
157
1993
1517
1868
1136
2067
1384
153
1139
2042
1857
2101
2011
3987
1720
1943
149
2364
159
3965
153
2123
2084
155
2017
3407
2411
2032
2394
1440
1567
2199
2294
158
2098
1814
1275
1405
1051
2180
146
649
2226
2289
2010
2342
149
2191
1372
2120
1483
1394
1515
156
1424
1622
2005
155
2278
155
2673
2412
1526
3604
1777
1311
1129
1184
1381
1515
2130
2027
159
2884
2026
2280
145
588
4005
2258
1561
1597
2245
153
1548
1614
2298
2156
1788
582
1060
2421
154
1739
2266
1955
134
150
2305
1407
2113
2473
2238
2081
1187
1973
1560
2363
2293
1460
1374
1556
2250
1360
2131
1459
149
1831
1525
1576
2182
154
2109
1524
1580
147
2038
158
1219
2351
2008
2290
2823
1313
1948
1480
2538
1226
1886
1985
151
3365
1962
1774
2126
158
1369
149
1456
2253
2697
156
1979
1465
148
2083
1137
147
1694
1914
2305
1668
1996
1993
2160
1376
458
1933
2288
2249
3340
1585
2312
2333
1442
607
1280
2047
2214
895
155
1582
2703
1128
2260
2411
2374
2169
1296
1320
2084
2092
156
3412
1880
1946
1454
1517
1812
2332
2384
1091
946
1943
150
154
1755
2280
1245
2288
2091
2958
2185
2260
1697
2141
2378
158
1811
151
1918
2919
2017
155
1571
1841
1958
2079
1462
2380
2049
158
2487
3673
159
2055
1421
1913
150
1437
2269
2301
153
1402
2065
1380
1494
149
2088
1183
2061
426
1600
1316
2024
1958
1670
2086
156
1890
1508
155
1477
2469
1917
2037
2024
3583
1341
2379
2776
2229
156
1603
1241
2007
1454
1934
1432
133
2068
1789
2007
153
158
152
2285
1527
2265
1626
1365
1108
2032
160
2068
144
1467
156
1821
2360
2119
1047
1619
1840
1341
1124
2048
1598
155
2141
2092
3411
2112
2059
2093
2312
1510
2087
1957
2144
3551
2057
153
2026
1786
1447
1912
1964
2116
262
3019
2131
2827
1917
2140
158
1466
2813
2334
2238
2067
1228
2091
1231
3613
1811
2402
2356
2099
2016
2203
2111
1566
2358
1992
2288
2196
1112
1312
1318
2321
1349
1596
3486
1763
1204
2243
2119
1593
2011
159
1613
2377
1679
2360
135
1295
3337
2152
2205
2119
155
134
2076
2390
1543
2214
1382
1980
146
2344
1948
1306
2130
3390
145
3042
2274
2323
1338
1760
2355
1546
1908
1604
2003
155
1613
1243
3575
2072
1586
155
149
1938
1448
1339
1798
1972
151
2296
2114
1373
1686
133
2471
2021
152
2243
1998
1535
2366
1757
2109
2448
1499
2244
155
1923
1977
2137
1938
2037
1532
1187
144
2249
1395
2396
2079
1952
1221
1896
2094
1759
1938
1521
1633
2180
2222
2116
1723
1535
2254
1630
154
2114
2025
3996
1324
1841
2315
2159
157
2032
2093
157
2316
1331
3242
2249
620
2172
155
1917
2089
1338
1561
1519
1874
2150
2068
1819
2051
1127
1491
1616
445
1251
1777
2241
1271
2118
3660
2260
1494
3632
1419
151
1358
155
151
1603
154
2076
2214
1709
153
1599
153
2126
1339
1676
153
158
506
1182
2192
2379
1984
158
935
2088
3389
2093
1056
1980
1191
1605
2176
4095
1801
1464
4095
2139
1347
1926
156
1709
1671
1223
1060
2082
2273
1192
1695
2074
1909
2117
3466
1826
1395
2104
153
2091
151
154
2196
134
154
2167
1293
154
1665
3335
1897
2147
2632
2640
2211
1237
2093
2274
2050
2137
1933
1933
3321
2324
1383
1740
2280
1816
2034
2238
1637
585
2152
144
2075
1495
134
2314
583
1548
2108
2007
146
2088
2015
2116
2335
2112
2289
840
1543
3004
2517
1991
2118
2690
1438
3668
2232
2099
2147
1186
2023
1720
1961
2112
1457
1550
2372
1594
2272
2040
2073
2017
2416
2328
1434
1127
1501
158
1530
2344
1805
2040
154
2293
3141
2322
1450
2380
1998
155
2326
2422
2217
152
1664
1821
134
1980
2347
2345
1958
1326
1877
1883
153
1345
1982
1114
2073
2320
2028
2232
2271
150
1220
2449
2072
2147
941
2072
1674
1846
1460
1588
2252
2406
2069
1195
4095
154
2031
2016
2785
2237
2058
3410
1392
1768
2364
1587
1181
2075
1455
1486
1738
1943
3049
698
155
151
2198
2232
2384
157
152
1439
158
1895
1549
2169
1199
1159
1073
156
3171
2322
1606
154
2361
2052
1740
152
1965
1974
1242
1658
1130
2226
1302
2020
2444
1876
1390
2107
2240
2390
149
1750
2051
1460
2182
161
2382
1916
2236
1366
1094
1312
2018
1471
2183
2167
1772
1654
1393
2044
2039
2435
1642
1782
133
1730
2289
1523
2462
1948
1572
2056
2098
1484
2073
2209
153
2344
1765
1119
1081
1656
2005
4095
135
2045
2107
2212
1990
1522
2192
1425
1571
144
2072
2591
156
2318
2382
1032
2040
155
1925
1938
145
2363
1960
2346
154
156
1568
144
3777
1239
152
2186
1190
157
1558
1591
1880
2403
2048
2030
2280
2045
1385
2214
2130
1611
1379
1916
2064
133
2198
1982
146
2364
1574
1645
1327
156
2263
1217
2421
1568
1776
156
2168
2064
2184
150
2332
1625
146
155
1525
1062
2323
1603
152
1526
2019
2114
2997
156
152
1999
1297
3442
1958
2436
2395
1313
1574
2583
1815
1934
1359
2169
2166
2050
1171
148
2024
1952
1922
1461
2082
143
1308
3963
1697
1344
2208
2039
1821
2683
488
155
1601
134
1913
2024
2058
1711
154
1464
1980
1638
151
2038
2091
152
2245
154
2370
158
1883
2226
1782
2125
3576
1251
2109
1916
1689
1794
2095
2278
2271
1991
1859
3311
157
2007
2794
2983
2042
2025
1143
2578
134
2276
1245
134
2113
2041
2224
158
3018
1269
1285
1361
893
2056
2056
581
154
3760
2415
1976
1243
2331
2089
951
1963
2040
2267
1159
933
2662
2796
1234
2010
151
1221
2067
151
2392
2110
2057
1927
2397
2181
1919
145
1732
2450
2028
156
2261
2255
157
2116
149
2044
2577
1844
154
155
1797
2386
1677
1598
2314
1927
148
2635
1555
3616
155
2105
1769
1829
1955
2001
2474
2441
2297
2285
490
144
393
1175
2906
1383
1014
1522
1135
3995
1542
2307
2276
1780
1242
1759
3746
1514
1762
2333
158
2028
2626
1626
2229
2545
2173
3170
153
1587
2072
2113
1852
2104
155
1777
1426
1207
158
4025
1798
2279
147
2150
2254
1676
2083
1494
1900
154
2660
2293
1633
1334
133
2914
1996
3142
2654
2113
1543
1714
2297
2293
1217
1262
1482
1584
1954
2027
2152
2024
1728
1551
1604
133
134
2011
1297
157
2381
2841
835
1246
2485
1783
2334
2147
1537
2042
1720
2337
2095
2085
2357
1971
135
134
146
4016
3226
2304
2342
4095
1706
156
1834
134
1587
1854
1383
743
2239
1599
160
2352
2307
1319
2084
1550
2009
1467
2066
1880
150
2005
3443
150
154
1973
2252
155
2015
2247
1369
3539
146
2066
1965
145
2018
1862
2090
1584
1457
2085
2139
1475
2386
2151
2345
1458
1379
2288
3120
1558
2087
1789
4023
3164
2003
134
157
3008
153
2271
143
1471
1870
2334
1806
1677
2256
1215
2170
2061
155
2226
1297
2387
1560
145
1509
157
145
2281
2297
133
1810
156
146
2107
2128
2074
155
1848
2434
982
1129
2288
157
1487
1429
2207
154
151
1997
2091
135
2070
3441
1766
910
152
2012
2015
2051
2497
1963
133
1406
1935
1511
1480
1618
147
2147
1184
1393
154
158
2264
153
2713
2077
1136
2269
2122
2386
156
2191
1766
1730
2219
156
1321
1197
1884
2121
151
2946
2072
1172
134
2248
1803
2176
2447
2129
158
2077
2293
2172
149
154
222
1283
155
1494
529
154
3095
2089
2398
2226
1504
2125
1966
2396
1650
1873
2074
2035
1894
1868
1538
1420
2287
1439
924
147
1976
2161
1186
157
155
2292
2302
2481
1504
1985
1370
2386
2007
4095
1352
3757
2031
1448
2254
2325
1870
1938
3469
1607
1983
2381
1934
1025
1344
2232
1532
2144
154
2000
143
155
1778
1969
154
1661
146
2080
2974
1332
1974
2020
2205
1519
1785
1964
157
1341
1309
1849
2509
2392
1860
303
1885
2212
2065
1635
1676
1516
2155
2040
1706
2110
1950
1167
1639
157
2097
674
1341
1226
2301
4095
1552
1437
2085
2357
978
2129
2372
1730
1555
3947
1276
1007
154
149
154
158
2060
1636
158
155
2082
1220
3915
1080
1761
1099
1383
145
154
1422
1818
1989
155
1953
2015
1331
2411
2284
2280
1438
2287
1199
1970
1309
2039
135
2769
1425
1655
2080
2355
1749
2362
1448
3003
1423
2272
2170
1615
2341
2078
2444
1264
154
2444
147
1096
2713
3326
1355
2419
1244
1079
159
1960
2252
1843
2405
933
2093
152
3026
2228
2141
1071
2029
3678
2022
2086
1440
2304
2235
2256
2926
156
1418
2842
1257
156
1363
2081
155
2145
1472
2878
2335
2856
2462
2149
2015
2255
1604
158
1988
2109
133
2296
2070
1717
159
2241
2204
2608
1769
1283
2413
532
158
2072
155
157
1906
2154
157
144
154
134
2274
1332
1982
1631
154
1809
2035
2298
2023
3609
1588
1487
2325
3351
2384
2309
2296
2096
1990
1983
1391
4028
2248
1893
152
1186
2048
1278
1642
1775
2253
1340
133
2646
158
2290
155
2253
1055
1811
158
1296
2093
2172
2102
1399
3674
1726
2307
1688
2017
1632
156
2370
2312
3491
2127
1338
1250
150
1636
1237
2007
2619
2215
157
2760
153
153
1802
1553
2169
2287
150
2000
2260
1480
2131
1960
1269
156
1957
359
1764
1999
2209
2236
1946
2733
163
158
2329
2764
1314
1168
3126
1265
2261
2198
2045
1119
2996
2273
2182
2301
154
1609
160
1512
134
2167
2095
133
1945
2325
2267
1320
2357
2198
2290
2316
1073
1637
1754
2268
1762
2408
2108
1922
1030
1924
2204
148
1915
1330
2069
4095
1267
2100
2039
2000
143
472
2074
1444
1718
1937
144
2295
1551
1860
133
4045
2036
1571
155
1649
2396
3524
2358
157
1606
1294
1666
1473
2000
2050
2038
1043
158
2301
1438
1518
152
2325
1970
2059
2457
1015
2222
155
1994
2213
2340
159
2077
1347
2274
2304
2220
159
144
1231
155
145
1566
2233
2342
1949
2293
1857
2116
154
2283
1608
2361
2129
1676
1415
2164
3415
2793
2160
1739
1857
2060
2004
3530
2318
2304
2382
2060
1577
2026
2384
3938
1099
3980
3295
2324
2132
158
147
2106
1867
1516
2273
1960
2105
2032
2269
2053
1934
155
2306
2055
1417
3513
2152
2180
1681
1164
2331
1556
1882
2475
147
2063
2112
1732
2369
157
1643
1999
2192
2200
2236
2319
156
1626
2053
1634
3226
2294
3533
1731
134
2008
1640
3685
1980
2071
454
2034
1905
1445
1274
1198
1392
1409
2232
1394
1222
1332
1803
2085
1225
1514
2191
2094
2104
2054
2094
2142
1881
1932
1574
1687
1903
135
4008
1236
2342
2260
2065
2261
156
1828
2310
1874
1540
1489
2327
2010
158
1596
152
1586
152
153
1505
1760
155
1692
1840
2087
2158
1999
1138
2043
2659
2764
157
1878
1323
2082
2356
2396
2186
1539
168
3193
1833
145
156
2180
1166
2266
3948
949
1356
1962
144
1778
2092
1498
1539
1478
4083
157
1972
2035
158
952
1026
2282
133
1609
2818
1584
1207
1368
1849
1631
2041
153
1740
1930
2100
1488
1478
1594
3841
3205
2090
1672
1407
1736
3443
158
2348
155
1377
2909
1418
2189
2393
2109
1995
2225
1376
2128
145
1507
2191
2293
1685
1860
3173
1711
2265
152
157
3433
152
2252
134
1053
1777
423
1667
1332
2419
154
1474
2080
2108
1367
527
1513
2588
146
2026
2105
388
155
2161
2126
1997
156
144
1505
1545
2073
2024
1230
1749
154
2313
2294
1954
3314
1217
1827
2351
2177
1708
1286
2229
1977
156
1165
158
1956
2306
1644
2772
1108
2164
2323
2280
2197
2031
2348
1699
3705
1973
1199
134
4095
2237
1952
152
1971
1176
1249
3558
2094
2046
1561
2062
2075
2435
1443
157
155
1357
3967
1672
1137
2031
2049
2287
1056
156
1781
2256
1363
3323
1939
1910
1182
2471
3200
149
1963
157
2226
2075
2024
1934
2399
1488
1735
2305
1119
157
970
2264
155
2007
2038
1671
1106
3695
1495
940
1422
2342
1746
2231
1675
2091
2337
1687
1422
1917
1259
1984
2390
2199
1520
1594
2020
2021
3525
2158
154
2108
1875
145
2048
158
1650
2052
1938
156
1434
1360
1202
3040
1977
1814
2095
2151
3719
1944
3197
134
155
1619
2020
2145
1931
1803
2283
160
146
1596
1276
1847
1142
383
1945
155
1350
1928
1743
157
556
1810
1354
1595
2030
157
1809
2036
2119
1777
2056
154
2314
157
2336
3434
1815
1311
1620
2294
2371
4095
1793
1418
2330
159
1277
2212
1866
2250
1554
133
2048
1143
2281
1512
1613
1350
1179
1371
2314
3326
1571
1138
2147
2403
1690
150
3422
2002
1976
1287
1978
2276
1584
2083
1819
144
1122
1926
144
1524
371
145
2076
4033
145
2183
2006
2524
1626
1349
3071
2300
1883
2978
1567
1847
151
2049
2300
1893
2067
1535
1410
159
1491
154
159
1865
1491
1970
1273
2278
1963
1579
1364
1978
2124
1274
2762
2100
1926
157
145
1905
157
145
1797
1093
146
1219
1590
146
2031
2232
2183
1510
2746
1472
1634
3164
2127
1738
2106
2142
1955
153
1238
2077
1599
2119
1990
2162
2045
1896
1401
2428
2210
1321
2055
2033
2067
155
3691
1284
2302
2301
738
154
2033
1671
2347
2248
1727
2276
2235
2087
155
155
3617
1708
2396
148
1399
2315
3067
157
2043
2085
1785
2116
1477
158
1436
2149
157
993
2017
2320
2357
2097
2184
3741
2323
157
1407
2317
1669
1303
2042
2983
144
155
2085
2124
2251
156
2023
1987
1822
2371
1586
2087
1868
2015
2003
151
1451
154
1454
1985
1732
1415
159
1228
1855
2004
150
1957
1960
1808
2012
2005
2235
2090
1996
1800
4036
1403
1446
2497
1086
2178
2300
2048
2102
1360
157
2320
1596
2085
2269
2041
2334
2134
1400
1294
2120
1152
1701
2052
158
1566
152
2001
2242
151
2208
1071
2307
2802
1661
2661
694
2016
1096
1598
2010
2017
2244
1844
2387
2288
3655
2008
1437
1599
1450
1895
2295
144
1562
157
1213
3742
2236
2108
2378
1998
1320
1398
154
263
2810
1756
1306
2298
1529
1789
1595
2339
2272
3002
154
3242
1984
512
1516
1342
1605
2348
1969
1412
1274
1893
1829
1738
158
1542
177
133
145
2069
1594
3037
1850
929
2967
2136
1836
2786
2315
134
146
155
2334
2057
155
154
2138
471
1965
2158
2275
1580
2097
978
3615
2090
2255
1175
2242
1963
2422
2301
159
1898
1094
3149
148
154
1274
1103
155
1410
2062
2391
2245
145
2289
1865
2083
1595
1342
1572
154
1291
1573
2258
1356
1211
1603
2020
1295
1389
2215
2831
1201
1585
2332
1404
2302
1530
157
153
2105
2389
2105
2287
2063
1982
2345
2133
1291
2009
2223
1582
1998
2308
2027
1938
1079
1653
1738
1922
2386
1323
1980
2126
547
2273
145
2244
156
2322
156
2028
1739
2967
1120
2343
1428
157
2313
2326
2232
158
144
1580
2245
2424
162
1353
1499
2617
1326
1444
2621
2016
1130
2422
154
1584
1033
153
1693
1558
154
1542
3771
2057
2151
3598
2382
1654
2238
2291
2308
2016
1664
2288
1075
2028
1347
1751
2045
2079
1961
144
154
2091
1197
1693
1926
2278
1539
2209
146
2192
158
690
2433
2136
2398
1072
2197
2135
1654
1552
3967
2270
1416
2237
2013
2240
1797
2301
158
156
1614
2126
2270
153
2060
2014
1262
143
1815
2038
496
1646
2204
1430
1531
2228
2711
2262
1895
1714
2207
1674
1358
2265
2010
2186
3420
2051
2343
2324
1824
155
2455
2049
773
1163
1603
2358
2024
2298
1488
1215
1574
1974
1291
1221
1014
2069
1218
155
1041
1248
158
3341
2489
156
2145
2054
1241
1957
261
1502
1373
2605
3982
2021
3095
154
935
1295
157
146
2315
1765
2211
2245
233
2115
2290
2344
1885
1723
968
2357
1223
1748
152
2284
2271
1581
1923
1726
2349
4095
1130
2127
2012
2324
1859
1781
1772
2360
2251
1738
153
1520
156
2058
1572
2199
145
1350
1710
2379
2315
156
1420
2435
1209
1436
1887
1856
1835
154
2046
155
2940
2066
2031
2338
1874
2195
3255
2304
2235
2016
2399
1605
157
1767
1902
2036
1881
2291
2122
2012
158
2098
1446
1509
147
2436
1270
2284
2090
2225
2267
2116
1742
2072
2087
1795
1831
230
157
1480
1808
2075
2059
1479
2382
1332
2877
2022
1787
1977
154
3187
1316
1984
1999
1528
2092
2583
1969
133
3291
158
1494
2120
158
1431
155
2108
147
2182
1520
1757
2186
2249
144
1216
939
144
160
2049
1521
2308
159
134
1282
2069
2012
2363
2101
1544
2799
1969
1925
1515
1594
1444
2845
2327
1489
2507
153
2214
133
1332
1595
2251
1632
2107
1594
1227
155
2286
2019
154
1723
1171
2315
158
3565
1375
1056
134
2025
158
1447
1527
3418
2355
1217
1999
2267
3262
2201
2301
1342
2277
2249
1146
3392
2294
3732
2033
2370
1906
2123
4095
1629
956
2025
1392
1763
152
2060
1475
1581
1260
1789
1664
1432
146
1751
158
1873
158
3698
2317
155
1602
1941
1522
997
1102
1592
1361
1768
2315
2184
1377
1383
1780
1633
2133
1298
2000
133
1995
148
2319
2255
2242
2413
2881
2572
1749
1494
2158
1928
134
152
2068
151
2329
2282
527
2144
2109
149
1864
159
2026
1776
1398
1061
2181
2047
146
2427
1412
1991
2215
158
1547
1454
1431
1035
2177
3915
1028
1860
155
1584
1659
154
2158
2057
134
2279
2238
154
1848
2236
2307
1521
1344
1752
2037
158
2313
2450
1352
1613
1442
2283
149
3699
2286
1348
1424
1938
146
2034
157
1886
2072
157
1199
1215
3660
146
2293
3222
2036
2412
2398
2228
2732
2290
2947
1700
1865
1874
155
1203
2034
2608
154
2021
134
2533
2365
158
4064
133
159
1650
2619
1966
148
1677
1405
1776
2600
1529
2252
1921
1961
145
2257
1343
1393
2399
2636
1680
1374
1813
2143
1053
2066
135
2962
2268
1308
157
155
2267
2275
1940
2124
2278
155
2051
1500
2114
152
1695
150
1350
1816
2035
2088
2203
1571
1879
160
2089
1557
1938
146
1965
3570
1594
154
158
2289
1119
158
1535
1926
1644
3434
2754
1955
1488
1674
1995
145
2130
2053
146
154
2321
2258
2401
1495
133
1927
2069
151
2315
1694
1603
2101
1594
1229
1639
2842
153
2439
2183
1037
2043
149
155
1376
1311
2060
1095
2467
1991
2311
2631
2525
2361
1936
2447
3048
144
2172
3387
2231
155
2268
3168
1429
2344
133
1752
2008
1559
153
158
2049
2288
1242
1385
2315
1544
2652
192
3013
2012
1837
1989
623
2141
2047
150
2395
2309
1338
1691
1892
2352
1908
2054
2235
1209
1368
133
2307
1614
432
1388
135
1283
2078
1369
1992
1500
149
154
1243
1525
2518
2298
2042
2176
1571
2245
2248
1263
145
1918
1359
1306
2049
134
145
154
1720
657
154
405
2240
1680
1929
151
1570
1633
2415
2024
2717
1412
1636
1605
1352
2281
1518
2710
1575
2074
1610
1729
1552
154
1974
2122
1721
2002
1927
2707
2177
2272
1531
1244
2563
157
1830
4095
158
2113
1456
1806
1217
146
2314
2045
3758
1282
157
175
2376
2374
1736
156
2145
2378
929
2063
2111
2242
1985
1185
1397
2050
1852
2388
2280
2876
1455
1709
2055
2055
2097
1397
1631
1439
1214
2275
2132
1326
2170
2000
2390
2272
2207
2052
2033
159
2041
152
2077
155
2011
2322
154
2135
2442
2456
134
2225
2205
154
1230
1128
134
2037
2354
1347
2438
1607
1611
146
1651
1935
1433
1949
1629
1865
134
2394
2022
1034
133
2345
1385
2053
154
1308
1572
1683
1943
157
1491
1969
2290
1133
1260
2078
1963
2135
1654
1399
1625
1330
158
155
2536
2230
1889
2089
3211
1604
2074
1739
1853
3159
1333
809
155
158
2229
3175
2242
1867
555
2077
2087
2100
2282
144
1937
1559
1916
156
1565
1341
949
1973
1462
1675
1801
152
156
1388
152
1480
2197
154
1176
2296
2018
2319
1412
1652
1737
1494
3342
1972
149
2358
2050
2071
2362
1442
2300
1652
3512
2068
2352
3317
1096
1538
3933
3461
2035
1856
2329
1849
2268
3092
2322
3234
1106
2109
157
1677
1323
2056
150
1988
1613
152
158
2099
1868
1246
153
1130
1181
2380
1657
2101
133
1870
2132
433
2979
1848
2322
1383
158
2109
1599
2256
1195
154
328
2342
3980
1800
1870
154
155
2041
2586
2039
2170
2481
1776
2160
1723
1619
2050
2212
153
2035
2039
1664
2374
3150
152
2338
160
2322
153
1828
1407
154
1746
2101
1812
2776
2115
155
2039
147
157
157
3068
1297
2160
2898
3296
1047
2312
154
2053
146
2099
1090
2041
1280
156
1224
2298
1795
2025
2176
153
2050
158
2349
2079
2070
2361
1974
1946
2358
2200
1233
2011
850
2174
2373
2162
159
2281
1999
158
2059
2334
2238
1510
1381
1484
144
1548
1986
1385
2455
1976
1749
2184
160
2231
135
1338
1395
2302
2761
2304
2208
2298
1529
1452
154
2014
2206
2524
1667
1588
1807
2266
1724
1457
2308
159
1418
2383
2795
1859
155
1180
2029
3586
1201
1210
2664
1595
1634
154
2043
2358
2106
155
2098
134
154
2014
1086
155
1122
2335
1985
2407
2284
1335
2396
158
154
2816
144
2014
2255
1926
2044
158
2083
2089
2274
145
155
1410
1027
1828
2386
2572
1875
2112
1943
1585
2031
2271
1540
2612
1188
1842
2311
3131
1975
2236
2327
1538
951
1264
2087
2916
1356
2088
1848
2025
4049
157
144
2306
2346
2151
154
1000
144
593
1262
145
1957
1893
2038
154
2149
1707
1634
1325
2057
2051
2798
1431
3723
1491
3951
1763
152
154
159
2320
2050
1040
1535
534
158
2138
155
2278
1637
2275
558
2391
2384
2188
1263
3114
3637
1849
2211
134
578
2255
1727
145
1586
1674
2417
1826
1137
2115
2392
1240
150
1910
1930
1856
2606
2014
2112
2179
2102
153
1671
1532
1673
1653
1449
2187
159
957
1304
2044
2429
1689
1948
146
2344
272
1770
1500
2481
2277
1595
2000
1440
631
1972
3233
1918
2042
1621
2307
2058
1943
1994
2018
1848
2290
1430
2266
2338
2183
2335
1998
1596
152
2326
163
153
1557
2631
2299
3813
1422
1448
1490
2240
1390
3500
2562
1440
3610
1355
1474
158
1044
2346
2322
144
2421
156
2034
1835
2064
145
2386
2274
1248
157
1464
134
2243
2385
2283
157
1716
1241
1127
1309
1572
2139
1455
2033
155
3393
2281
1488
1697
2040
1541
152
1268
1461
134
2204
3431
2091
2149
1368
2188
2650
145
1614
1036
2048
1973
2259
1529
2095
2343
3439
2363
2568
2038
1318
1390
1809
155
2283
133
2086
154
2008
2005
1579
2283
786
2030
452
2143
2280
2112
1391
1857
1046
1145
1865
1859
1750
345
158
1703
1419
156
952
2064
156
2210
1290
1992
1166
2492
1310
1622
1961
154
2238
1256
1446
1874
1208
157
3332
2440
1866
1530
2054
1498
156
2125
2283
2045
1594
409
151
2387
2217
1731
1730
2792
1630
2285
2236
3478
1586
155
1970
1953
144
1314
3070
2423
2056
1574
2010
3382
150
1991
159
2725
2404
1441
332
2035
1857
2188
4035
144
1064
1448
2976
1759
2341
3604
1216
2297
2318
2030
2000
1138
1484
2158
3449
2406
2399
2028
2376
2064
1171
1247
2071
2757
158
2087
153
1237
2186
1250
4095
1028
1991
2382
1453
158
2204
1559
961
2229
2341
2922
2066
154
2195
144
2031
2274
2008
154
4003
2863
1626
3099
148
825
1000
1143
155
1977
2298
1948
2677
2277
2318
2280
1976
149
2000
2405
1166
514
2087
1105
133
2137
3172
1448
1829
1780
2268
156
4095
1356
2073
2361
1624
154
1895
1773
2061
2064
1989
152
2451
158
1928
134
1785
2332
2340
2107
2278
1645
1421
2340
2042
1661
1183
2236
157
1640
3536
2462
2187
2291
2357
2083
155
1645
2711
156
1978
2075
1795
2430
2231
156
155
2072
1817
153
214
2081
154
2146
157
2262
1865
2310
2070
2334
158
1754
154
2168
1629
155
1983
1679
2045
158
133
156
1577
1582
2325
157
145
2037
2064
2137
154
2260
700
155
3025
1787
1997
1473
1972
1477
2095
1149
3926
2003
151
2284
1452
1951
158
1584
2311
2049
2368
2010
1195
149
154
1474
2022
2382
1664
2616
154
2575
2152
1197
1970
283
153
1350
3214
1413
2223
1710
3484
2008
2100
176
3267
147
2250
2064
1858
1672
1207
1630
1954
1194
1563
2044
2133
1314
1504
2033
4078
1590
2028
1695
2561
2128
1851
2008
1312
1965
1959
2038
502
1309
2332
2669
2275
1537
891
1443
2270
156
1138
2251
1811
1177
1460
1282
1460
1664
2273
1374
2341
1440
2603
2415
1921
2292
2841
2220
