1433
1173
1417
1577
1251
1511
1541
1534
1546
1506
1411
1383
1414
1530
1397
2189
1446
2762
1354
1406
1542
134
1432
1382
1466
1036
1159
2044
1263
1490
1499
1394
1452
1425
1548
1353
1492
1447
1430
1346
1508
1497
1493
1358
2256
134
1468
1048
1508
134
2605
1535
1491
1463
1458
153
1553
1373
1370
1514
1463
1428
134
134
1294
1475
1077
1073
1377
1862
2022
1498
134
1469
1388
1111
1460
1405
1395
1596
1430
1861
1527
149
1449
1300
1486
1502
1487
1541
1473
1426
1730
1514
1535
1553
1394
1418
1455
1442
1361
1521
1568
1369
134
1562
1499
1352
1465
1491
1401
1507
1526
1502
1439
1322
1576
1353
1328
1535
1501
1225
1526
1535
1416
1328
1453
1346
1348
1801
1565
1417
1379
1741
1577
1487
1478
2516
1516
1734
1479
1344
1499
1816
1513
134
974
1420
1398
1280
1270
1396
1440
1446
1728
1542
2606
2881
1610
1563
1592
1501
1448
1407
1499
1507
1309
1270
943
134
134
1627
1469
1470
1429
1358
1483
1467
1428
1348
1577
1393
1369
1409
1424
134
1527
1422
1426
1455
1484
1327
1563
1477
1933
1479
1412
2475
1502
1309
1337
1437
1306
1391
1444
1417
1367
1446
1420
1310
1505
1403
1249
1570
1223
1480
1359
1433
1471
1457
1462
1552
1491
1376
1405
1458
1446
1493
2882
2110
1477
1421
1372
134
1381
1434
1892
1313
1441
1393
1393
1578
1374
134
1412
1422
1576
1454
1529
1257
1405
1543
1426
1191
1410
1425
1436
1375
1754
1407
1420
1129
1403
1602
1459
1523
2700
4007
1474
1495
1431
1387
1534
135
1410
2540
1383
1375
1399
1421
1577
1393
1387
1542
1397
1513
1530
1240
1619
1532
1424
1444
1446
1388
1401
1372
1446
1264
2232
1443
134
1481
1397
1118
1502
1135
1442
1458
1442
1480
1392
1215
1460
1397
1409
1405
1680
1350
1427
1475
1514
1326
1375
1413
1525
1423
1480
134
1400
1491
1449
134
1592
1562
1515
1408
1474
1372
1445
1510
1284
1488
1417
1431
1420
985
1341
1393
134
1502
1381
1667
1386
1504
1500
1440
1473
1518
1381
1288
1481
1365
1432
1519
1275
1838
1358
1555
1463
1324
1433
1435
1505
1486
1102
1202
134
1014
1479
2384
1400
1627
1210
1525
1364
1277
1588
1172
1398
1488
1384
1552
1518
1440
1520
134
1323
151
1434
1506
1593
1428
1385
1451
134
1351
1494
1407
1336
1406
946
1315
1439
1519
1491
2315
1351
1415
1406
1320
1454
1494
1356
1421
1440
1506
1481
1890
1280
1401
1505
1438
1552
1412
1377
1041
1382
1437
1438
134
1408
1888
1546
1457
1776
1462
1349
1354
1430
2081
1503
1594
1243
1362
134
1018
1383
1550
1477
1491
1478
1044
1430
1378
1363
2295
1546
1274
1407
1489
2067
1501
134
1456
1421
1419
1485
1398
1394
1525
1581
1437
1268
1383
2607
1493
1831
1457
1462
1432
1315
1420
1276
1422
1508
1555
1430
1498
1504
2943
1380
1469
1342
1519
1387
1387
1004
1515
1344
1477
1398
1418
1418
1573
1207
1465
1444
1469
1400
1455
1345
1492
1416
1430
1479
1430
1373
1449
1433
1354
1422
1346
134
1624
1410
1380
1439
1364
1278
1437
1219
1434
1418
1590
1434
2776
1459
1443
1464
1427
1493
1553
1445
1504
1521
781
1499
1443
1567
2053
1452
1289
1463
1431
1433
1399
1517
1464
1438
1529
134
1463
1403
1425
1384
1500
1382
1475
2074
1253
1424
1248
1393
1434
1196
1472
1449
134
1543
1431
1478
1804
2539
2737
135
1458
1784
1413
1696
1450
1198
1298
1310
1384
1453
1360
1541
1417
1486
1268
1468
1464
1413
1738
1465
1483
1471
134
1443
1480
1402
1429
1971
1491
1478
1455
1450
2392
1352
1393
1549
1338
134
1596
1776
1497
1365
1340
1400
1528
1467
1289
1466
1408
1470
1421
134
1364
1417
1453
1365
1539
1409
1423
1585
1697
1498
1389
1408
1483
1457
1490
1332
1416
134
1475
1209
1356
159
134
1498
1509
1376
1483
1451
1112
1645
1516
1393
1413
1395
134
1527
1403
1357
1434
1354
1292
1453
1445
1475
138
134
1528
2023
1473
1907
1471
1464
1498
1578
1378
823
1323
1402
1502
1522
1118
1389
1513
1495
1500
1479
1500
1458
1433
1445
1544
1580
1421
1903
1412
1518
1417
1459
1595
1285
1435
1500
1405
1387
1581
1528
1438
1527
1477
1405
1453
1520
2198
1377
1376
1515
1746
1523
1565
1492
1327
2441
1533
1723
1444
2768
1455
1484
1378
1474
1478
1455
2246
1776
1407
134
1443
154
1535
1609
3718
1349
1398
1409
134
1267
1375
1469
2506
1491
1585
1467
925
1461
1397
1365
1543
1479
134
1515
1479
1284
134
1542
1381
1316
1432
1486
1420
1892
1509
1653
1570
134
1515
1586
2103
1576
2258
1480
2565
1318
1372
1759
1334
1492
1463
1232
1435
1392
1395
1321
1501
1489
2634
1457
134
1500
1458
1391
1434
1095
1444
1495
134
1373
1453
1460
1376
1437
1389
1487
1430
1338
1395
2757
1512
1419
135
1423
1483
1495
1351
1438
1448
1391
1511
1488
1409
1667
1443
1455
1521
1484
853
1371
2063
1454
1471
1440
1347
1531
1453
1500
1497
1527
1407
1630
2371
1854
1487
1390
1372
2692
931
1621
1448
1287
1441
1407
1472
1524
134
1431
1416
1518
1382
1345
1537
2770
1439
1447
1438
1649
1636
1460
1533
1425
1359
1392
1427
1376
1090
1127
1420
1277
1689
889
1530
1422
1414
134
1267
1109
1447
1297
1456
1476
1478
1412
1287
1430
1445
1509
1354
1438
972
1411
1698
1487
1219
1470
1473
134
1391
1400
1404
1482
1432
1431
1499
1463
1411
1454
1513
1375
1467
1394
1402
1455
1512
1442
1795
1467
1302
1964
1510
1624
1396
1596
1410
807
1540
2427
1469
135
134
1876
1600
1098
1528
1385
1550
1741
1401
1492
1468
1372
1468
1507
1210
1411
1495
1386
1524
1562
1301
1465
1370
1219
1063
134
1407
150
1448
1486
1458
1535
1302
147
1407
1525
1129
1463
1463
1291
2420
1734
1408
1356
1440
2468
1398
1428
1439
1493
1469
1523
1393
1435
1426
1399
1355
1037
2681
1584
1556
1544
1054
1522
2441
1530
1415
1659
1507
1475
1459
134
1166
2210
1421
157
1397
1554
1419
1349
1476
1453
1441
1431
1440
1189
1449
1488
1450
1513
1282
1381
1501
1441
1384
134
1936
1479
1518
1500
1247
1517
1432
1426
1167
1473
1486
1496
1543
569
1264
1442
1435
1470
1557
1606
1355
1360
1471
1628
1404
1464
1936
1419
2454
1483
135
1317
134
1193
1409
1534
1363
2039
1425
1440
1439
1448
1409
1455
1457
1623
1574
134
1422
1416
1415
1193
1469
1360
1435
1479
1414
1435
1032
3370
1392
1411
1455
2576
1504
134
1360
1928
1455
1452
1102
1387
1526
1446
1403
1903
1483
1364
1444
1458
1437
1441
1403
1558
1528
1519
1435
1474
1416
1067
1300
1416
1628
1369
1454
1342
1427
1410
2260
1371
1484
1490
1443
1510
1345
1489
1549
1454
1496
1495
1497
1492
1353
1458
1599
1336
1301
1894
1460
1451
1381
1453
1503
156
1402
1516
1410
1444
1341
1414
1478
1521
1528
1367
1529
1313
1423
1389
1382
1450
1488
1429
134
1354
940
1548
1468
859
1434
136
1296
1453
1437
135
1376
1076
134
1336
1439
1454
1376
1483
1427
1468
2038
1428
1346
1454
2109
1501
1503
1371
1449
1485
1437
155
1497
2467
1479
1779
1356
1529
1474
134
1520
1470
1471
1937
1532
1370
135
1472
1623
1452
1409
1429
2634
1511
1350
1488
134
1416
1779
1481
1556
1632
1552
1414
1503
1535
1547
1989
1459
1356
1468
1440
1448
1971
135
1306
1431
1376
1423
1458
134
1340
135
2019
1196
1500
1267
1561
150
1502
1481
1375
1441
1956
1369
1398
1409
2825
1258
1457
1321
1513
1282
1763
1471
1400
1522
1517
2619
2016
1479
1385
1335
1391
1447
1303
1229
1539
1507
1295
1481
1490
1376
2706
148
1496
954
1583
1632
1482
1394
1367
1392
168
1585
1467
2232
1380
1501
1538
1453
1373
1880
2101
1387
1483
2196
1307
1401
134
1595
1637
1449
1424
1510
1301
1385
159
1466
1467
1386
1449
1550
1479
1515
1488
2178
1416
1185
1331
1550
1515
1458
1490
1357
1317
1335
1523
1565
1420
1488
1512
1495
2365
1459
151
1416
1419
1432
1359
1438
1530
148
1899
1403
2228
1046
1543
2468
135
1553
1399
1486
1599
1218
1471
1513
2009
1308
1448
135
1596
1551
2719
1527
1400
1452
1048
1390
1486
1397
135
1325
1317
134
2425
1482
1409
1428
1377
3218
1508
2165
1419
1437
1484
2469
1505
1492
1416
1595
1556
161
1593
1515
135
1541
1394
1858
1497
1358
1373
1511
1398
1290
1505
1549
1451
1968
1443
1412
1456
1474
1312
1793
1476
1502
1607
1434
1415
1505
1439
1335
1435
1061
1443
1431
1098
1439
1394
1329
1446
1456
1329
2072
1694
135
1600
134
1424
1358
1443
1323
1411
1391
1364
1386
134
1539
1494
1486
1424
1430
1356
1461
1458
1535
1450
1456
1413
1403
144
2637
134
134
134
1376
1480
1535
1489
1442
1501
1376
1528
1431
1519
1781
1535
1493
1490
1833
1370
1528
1375
1463
1519
1415
1364
1434
1342
1346
1462
2216
1542
1412
1405
1503
1420
1400
1535
1499
1495
1104
1511
1434
2064
2774
1369
1568
1548
1293
1419
1440
1505
1080
134
1327
1537
1183
1125
1493
1570
135
1519
134
1495
1514
1518
1469
1490
2560
2056
135
1488
1534
1472
1479
1355
1533
1482
1498
1454
1496
1541
2007
2064
1527
1437
2029
1178
1449
1372
1526
1111
1728
1384
1444
1334
1510
1412
1756
1478
1549
1458
1509
1258
1465
1505
1420
1386
1587
1324
2840
1491
135
1400
1391
1213
1403
1680
1657
1397
1420
1411
1462
1515
1238
1506
1548
1481
1570
1357
1194
1339
1529
1327
1564
1480
1382
1380
1429
1387
1485
1499
1431
1417
1403
1471
1487
1009
1417
1333
1351
2368
1510
1475
1553
1376
1318
134
1503
1364
1452
2379
1433
1526
1209
1151
1882
1369
1411
2252
1493
1402
1421
1475
1344
1317
2478
1394
1396
1414
1433
1423
1543
1367
1468
162
1459
1415
1529
1370
1484
1363
2631
1357
1461
1445
2029
1078
1398
1852
1733
1428
1419
1452
1425
1534
1380
134
1485
1629
1476
1918
1374
1084
1409
1395
1437
1408
134
1122
1483
134
323
163
1270
1391
1623
1298
1858
155
1477
1470
1427
1381
1468
2407
1438
2474
1579
1434
1500
1469
1421
1518
646
1526
1463
1584
1352
1481
1896
1473
134
1475
1066
1484
1343
1413
135
1460
2934
2680
1380
1450
1379
135
2763
1400
1418
1451
1489
1213
1439
1411
1333
1391
1486
163
931
1548
134
1503
1533
1805
1404
1561
1497
1475
1510
1344
1402
1457
1748
1330
1537
2677
1399
1404
2528
1376
879
1454
1504
1387
1427
1546
1463
1373
1024
1657
1577
1535
1366
1560
1514
1372
1459
1565
1386
1457
1499
1361
1166
1565
1382
1717
1437
987
1524
1505
1268
1204
1358
1397
1450
1591
1349
1500
1175
2646
1476
1413
1155
2083
1664
847
1476
1356
1513
1487
1415
1285
205
1385
1493
1523
2473
1402
134
1379
2795
1174
1455
993
1812
1468
1478
1548
1371
1427
1502
1329
1521
1108
1332
1524
1409
2143
1465
1488
1447
2002
1864
1381
1436
158
1287
1124
1533
1296
1473
1486
1431
1437
1337
1422
134
1923
1285
148
1411
134
1430
2056
1523
2677
1415
1462
1355
1483
1453
134
1460
1433
1024
157
1390
2029
1502
134
2175
1460
1465
1400
134
1333
1472
1474
1395
1462
1497
1384
1531
1456
134
1468
1497
1573
1513
1298
1521
1538
2460
1319
1498
1559
2377
1534
1567
1320
1623
1424
1199
2712
1307
1354
1411
1512
1423
134
1408
1435
1429
1468
1363
1603
1280
1546
1460
1568
1558
1530
1391
2450
1434
1459
1558
1486
1399
2701
1450
1073
2713
1413
1227
1308
134
2442
1380
1311
1514
1424
1351
1466
1423
1329
1475
1424
1522
2880
1319
1528
1493
1200
1436
1514
1294
1385
1431
1521
1308
1486
1524
1510
1571
1429
1456
1390
1418
1374
1366
1276
1097
1426
1446
1610
1605
1611
1404
1462
2342
1389
1496
1215
1276
134
1412
1409
1291
1436
2380
1494
1505
1433
1454
1515
1372
1549
1438
1451
1501
1410
1375
1461
1316
1445
1143
1446
1518
1442
1295
1454
1311
1420
1399
1447
1386
133
1577
1497
1514
1474
1544
1479
1541
1366
1446
1447
1347
1479
1462
1816
1437
1532
1308
2783
1503
1388
1548
1345
1424
1522
1262
1353
1261
1476
2213
1477
1469
1374
1439
1498
1384
1449
133
1519
1511
1471
2690
1446
144
1351
1415
1337
1535
1396
1344
2827
1486
2315
1100
1771
1376
2281
1398
1238
1943
1427
1318
1387
2026
2329
1488
1486
1406
1537
1583
1514
1552
1412
1320
1423
1581
3629
1988
1572
1594
1487
1495
1337
1484
1534
1388
1417
1471
1255
2731
135
1494
1573
1294
1380
1433
1370
1450
1481
1575
1370
1566
1298
1547
1464
1432
1485
2799
2684
1390
1516
1391
1324
1491
1341
1563
1454
1420
1469
156
1321
1554
1404
1481
1492
971
1424
1416
1454
1534
1440
1416
1340
1493
1530
134
1494
1430
1477
1518
1418
1501
157
1407
1500
854
1026
1431
1521
1449
1450
1505
1340
2363
1380
1624
1528
1529
1342
1541
1551
1514
1440
160
1419
1333
1484
1403
1346
1423
1378
1497
2555
1357
1500
1557
1009
1516
1463
1489
1391
1444
1468
1477
1411
1510
1501
1349
1471
1404
1368
1580
1495
1231
1469
1590
1323
2626
1600
1570
1726
1524
1398
1475
1445
1496
1526
1554
1353
2272
1463
1400
1488
1375
163
145
1462
1347
1079
1534
1449
1484
134
2271
1517
1299
1483
1443
1452
1535
133
1515
1309
1055
1499
1405
1131
1446
1532
2272
1343
1420
2414
1342
134
134
1449
1489
1877
1343
1561
1471
1305
1487
1558
1379
1518
1005
1346
1369
1125
1390
1255
1476
1273
1427
1580
1349
1357
1444
1401
1491
1487
2779
1454
2639
1424
1629
134
1209
1530
1701
1461
1440
1394
1494
1403
1276
1526
135
1328
1396
1402
135
1435
1386
1474
1457
1484
1409
134
1576
1423
1381
1185
1381
1257
1556
1261
1444
1515
1436
1024
1302
1253
1524
2337
1416
2180
1337
1313
1011
1478
1303
1489
1444
2641
2044
1418
1461
2534
1407
2578
1484
1481
1439
1495
1342
134
1524
1468
1375
2294
1476
1597
1528
1419
1448
1260
1416
1368
135
1447
1435
1460
1460
2000
1586
1394
1512
1181
1557
1341
1357
1555
1409
1440
1385
1498
1444
1357
1488
1441
134
1373
1273
1175
1443
1434
1343
1707
2292
1397
1413
2257
1482
1588
1399
1561
1506
1677
1434
1487
1424
1491
1319
1347
1440
1401
1028
1257
1480
1341
1509
1429
158
1487
134
1332
1563
1486
1409
1970
952
1459
1460
1479
1364
1375
1374
1445
1406
1938
3002
1568
1341
1451
1540
1410
1494
2319
1497
158
1288
1216
1544
1513
1382
1822
1350
1286
1480
1477
1315
1446
1473
1449
1559
1304
1306
1553
134
1317
1556
1515
1332
1349
1300
1322
1416
1484
1402
1398
1155
1337
1508
1459
1259
1781
1373
1391
1550
1479
1528
1429
1424
1553
1546
1458
1487
1419
1276
1177
1291
1813
1430
1473
1488
1787
1474
1490
1434
1455
154
1323
1190
1631
1477
1349
1878
1466
1468
1344
1531
1507
1321
2103
1483
1370
1328
1416
153
1440
1305
1617
1559
134
1391
1468
1446
1422
1623
1500
1348
156
1428
1473
1345
2025
2738
2120
1410
1443
1938
1778
1008
1529
1442
1478
1983
1470
1372
1318
2235
1406
1352
1356
1420
1409
1567
1472
1443
1345
912
1509
134
157
1531
1436
1390
1749
1422
1491
1229
1448
1506
1412
1471
2149
135
1424
1535
1538
1433
156
2732
1485
1396
1472
1491
2639
1392
1593
1596
1317
1539
1615
1392
135
1379
1544
1442
1073
1421
1412
1490
1346
135
1601
1571
1048
1492
1552
1456
2366
1499
2387
135
1506
1564
1470
1107
1573
1502
1457
1523
1395
135
1864
1395
1459
1282
2162
1242
1593
1216
1393
1434
160
1533
1315
1445
1534
2131
1405
1462
1400
1463
1497
1493
1452
1482
1531
1331
1505
1430
1381
1366
1426
1419
1407
1436
1506
1462
135
1432
1484
1217
2171
1553
1466
1448
1443
1347
1535
1496
1274
1552
1515
1678
1473
1386
1438
1525
1481
1301
1277
1389
1453
2917
1375
1626
2590
1531
1450
1495
1246
134
2450
1492
1378
1632
993
1201
1448
1242
2818
1504
1311
1483
1461
1511
2197
1477
1508
2629
1473
1445
1461
1500
1326
1511
134
1285
1301
1471
1288
1505
1140
1984
1504
1507
135
1388
1508
1337
1429
1478
134
1465
2239
1454
1697
1519
1392
1351
1471
1446
1785
1549
1373
1535
1477
1396
1412
1386
1431
1548
1431
1483
1455
2452
155
2252
1488
1342
1090
1267
1429
1524
1125
1431
1386
1483
1819
1403
1615
1385
941
1412
1986
1100
843
1292
1417
1519
1313
1348
1470
1426
1563
1133
1455
1442
1476
1295
134
1528
1362
1503
1343
1266
1421
1306
1115
1458
1478
1313
1466
1470
134
1436
1520
1467
1334
1498
1445
1462
1366
1399
1377
1468
2727
1566
1310
1527
2094
1513
1400
1467
1437
1378
2016
1511
1440
1464
1402
1375
1485
1346
2255
1446
1388
2895
134
1307
1445
1766
2774
1463
1510
1450
1550
1441
1450
134
1474
1355
1442
1440
2116
1452
1449
1496
1600
1959
1447
1491
1234
1337
1355
1502
1530
2314
1431
1448
135
1936
1412
1594
1382
1610
1380
1385
1474
1542
1546
135
1449
1462
1462
1573
1312
1531
154
2564
134
1377
1395
134
134
1440
1384
1556
158
1407
1472
1385
1471
1493
1452
2828
1336
2402
1504
1510
1366
1470
1455
1407
1288
134
1407
1498
1490
1419
134
1388
1461
1529
1408
1061
134
1166
1486
1428
1404
1440
1577
1520
2009
2299
2068
1551
1445
1468
1478
1445
1463
1523
1440
1427
1544
1458
1359
1525
948
1359
1477
1452
1361
1591
1330
1379
1535
1409
1518
1510
1493
1421
1469
1489
134
1381
1412
1426
1467
1984
1421
1569
1358
1507
134
1216
1493
1462
1424
1155
1549
1334
1478
1453
1453
1539
1498
1490
1417
2171
1830
134
1516
1237
1417
1434
1454
1403
1302
1275
1455
1565
1457
1314
1727
1439
1432
1360
1454
1545
1548
1152
1395
1467
1454
1535
1444
1503
1383
1483
1402
1468
1524
1391
1374
1863
1538
1349
1405
1515
1575
765
1399
1807
1367
134
1224
1399
1479
1440
1471
2730
1412
1399
1494
1483
1440
1382
1409
1493
1497
1481
1488
2091
1535
1032
1502
1360
1501
1580
1255
1552
1445
1406
1767
1453
1320
962
1375
1472
1502
1568
1316
1554
1453
1277
1321
1501
2284
1612
134
134
1766
1438
1498
1676
1390
1463
1484
1357
1645
912
1553
1411
1445
1511
1694
1427
1458
1006
1429
1339
1413
1471
134
2516
1571
1331
1503
1539
1473
1417
1541
1396
1337
1416
134
993
154
1370
1484
1472
1370
1360
1453
1461
1396
1306
1162
1459
1508
1453
1289
2772
1488
1237
1311
1538
1123
1466
1432
1535
1479
1435
1499
1381
1372
1580
1535
1548
1385
1410
1452
1347
1652
1932
1447
1425
1556
1493
1118
1681
1662
1534
1637
1800
1488
1356
1532
1449
1145
1414
1463
1554
1475
1449
1579
1545
1402
1497
1388
1482
1408
1884
135
1251
1393
1479
1442
2722
1469
2566
1425
142
1328
134
1344
1397
1415
971
2226
1602
1918
1350
1501
1782
1333
164
134
1488
1599
158
1415
1607
1589
1439
1367
1404
1455
1383
1460
1400
1409
1476
1444
2131
1408
1642
1302
1407
134
1426
2229
1645
134
1478
134
134
1060
1407
1463
1374
1395
1796
1508
1843
1433
1526
1379
135
1471
1503
1503
1412
1532
155
933
1414
1392
1500
1456
134
1596
1385
1159
964
1379
1513
1498
1341
1393
1541
1229
1414
1520
1383
1308
1403
1439
1463
1476
1368
1069
1503
1379
1357
1342
1421
1477
1397
1463
2227
1867
1442
1451
1422
1345
1498
1459
1593
1442
1402
1469
1885
1397
1435
1609
1407
1566
1487
1355
1914
1224
1486
1390
1446
1385
1530
2555
1514
135
1446
1938
1519
1448
1372
1551
1437
1444
1472
1433
161
1515
1419
1438
2139
1364
1465
1472
1440
1510
1461
133
1534
1542
1680
1477
1496
1311
1442
1571
1289
1561
1485
1457
1454
1502
1364
1522
1605
1422
1425
1485
1566
1858
1218
1392
134
1384
1516
1538
990
1332
1526
1670
2605
1538
1457
1390
1543
2188
1584
1473
1431
1490
1433
1425
1586
1416
1345
1197
1440
1472
1415
832
1475
1332
1467
1422
1393
2277
1851
1454
1551
1547
1502
1422
1589
1553
1516
1386
1451
1459
1422
2994
1391
1341
1553
1254
832
1472
1482
1447
1451
1379
1418
1371
1492
1486
1441
134
1430
1478
1496
1298
1503
1479
1226
1585
1484
135
2262
1432
134
1552
1353
1525
1482
1315
1511
1429
1791
1956
1496
1407
1660
156
1849
978
1391
1366
1583
134
1362
1443
1008
1435
1651
1496
1443
146
1449
1553
1350
1501
2262
1584
1404
1333
1516
1390
1504
1525
1102
1448
1412
1189
1347
1840
1505
1422
1589
1481
863
1501
1390
2096
1560
1285
1394
1410
1436
1679
1445
1369
1462
1467
1440
1034
1471
1267
1575
1540
1363
1464
1467
1206
1586
1475
1108
1502
1489
1422
1494
1512
1397
1540
1479
1759
1439
1513
1824
1455
1448
1576
1066
1445
1081
2838
1057
1434
1265
1463
1409
1545
1840
1526
1511
1380
1633
1437
1436
135
1553
1639
1515
1501
1238
1453
1347
1362
1391
1445
1461
1472
1605
1347
1162
1322
1515
146
1400
1442
1543
1505
1026
1334
1444
1435
1520
1541
1462
1370
1484
1419
1405
1224
1382
1397
1500
1357
1445
1462
1378
1705
1429
1607
1476
1243
1461
1534
2967
1385
1570
1418
1429
1497
1345
1567
2825
1430
1448
1872
1366
1484
1466
1445
1436
2969
1337
1748
2874
1452
1530
1448
1412
1471
158
1423
1430
1152
1508
1485
1482
1405
1431
1342
1457
1436
2132
1405
1542
1516
134
1420
1350
134
1466
134
155
134
1387
3872
1622
1547
1280
1479
1534
1527
1411
1429
1499
1483
1447
1397
1684
1738
1168
1476
1412
1423
1587
1433
1367
1240
1438
1318
968
2830
2139
1457
2257
1504
1450
1344
1429
461
1465
1469
1504
1588
1324
1231
1405
1538
1460
1066
1449
1274
1387
1400
1437
1684
1524
1412
1335
1496
1467
1456
1482
2147
1903
847
2284
1393
1482
1452
1449
1426
1373
1474
1442
1298
1408
1454
1503
1340
1472
1875
1465
1375
1340
1398
1442
1524
1412
2851
1197
1535
1413
1642
1491
1531
2557
1414
1445
1410
1410
1495
1446
1432
1221
1363
1488
1424
1384
1498
1504
1475
1461
1505
1439
358
2793
1409
1093
1617
1439
1483
1516
1471
1548
1423
1351
1234
1384
1312
1399
1312
1386
1479
1565
943
1522
134
1326
1209
1483
1575
134
1301
1515
1340
1576
1501
1412
2870
1438
1508
1413
1410
1095
1737
2427
1558
1619
134
1375
1070
2380
1286
135
1439
1473
1517
1340
1419
1369
1574
1463
1517
1448
1577
1251
1150
1466
1434
1424
2161
1532
1429
1681
1665
1337
1386
1388
1514
1487
1748
1398
1459
1503
1419
1415
1353
1476
1496
1362
1518
1380
1340
1579
1846
1397
1797
1401
1369
1404
1499
1444
1328
151
1483
1397
1482
1439
1481
1204
134
1406
1497
1458
1345
1459
1486
1383
1408
1547
1410
1512
1454
1459
1428
134
1454
1378
1661
1092
1458
1468
1420
1460
1058
1268
1441
1535
1430
1520
1483
1389
1552
157
1359
1466
1320
1268
1541
1515
1434
1491
1812
1470
1273
1400
1415
1379
1664
1373
1373
1441
1386
1031
1480
1393
1264
1314
1486
1531
1460
1488
1509
1272
1074
1526
1369
1417
1435
2192
1649
1234
1429
1157
1335
2351
1337
1494
1339
1425
1405
1220
1402
1469
871
1488
1446
1518
1505
2935
2597
1465
2919
1436
1564
1350
1668
1535
1481
1366
1454
1488
1462
1522
1421
1329
1520
1523
1464
1254
1366
1374
134
1444
1411
1534
1412
1393
1526
1453
1435
1491
164
1142
1395
1358
2251
988
1477
1554
135
1368
1915
1322
1429
1509
1563
1282
1482
1468
1475
1523
1486
1383
1359
1202
2185
1336
1988
1466
1444
1358
1445
1422
1471
1432
1452
1405
2019
1416
1492
1927
1509
1316
1287
1424
1401
1474
1505
1425
135
1427
2549
1466
1420
1530
1492
1778
1402
1409
1572
1445
1452
1246
1431
1523
1552
1428
1949
1503
1547
1381
1432
1357
1373
1462
1352
1527
1404
1328
1503
1602
1365
1463
1469
134
2836
1373
1306
134
1459
1527
1554
1392
1436
1439
1274
1421
1512
1310
1510
1401
1333
1490
1463
1461
1445
1529
1286
1464
1446
1474
2824
1490
1544
1501
1463
1068
1402
134
1435
1442
1386
2629
1338
134
135
1330
1481
1325
1513
1682
939
1352
1282
1533
1464
1853
1513
1468
1435
1434
961
1904
1291
1485
1323
1471
1518
1454
1431
2108
2324
1585
1358
1486
1476
1392
1463
2846
158
1436
1269
134
1418
1595
1259
1422
1556
134
1423
1497
1732
1497
1520
1399
1117
1553
1450
1349
1470
1469
1491
1298
1216
1303
2503
2796
1500
1435
1385
997
1383
1430
1457
1151
1445
2102
1510
1404
2913
1456
1419
1535
1323
1410
1888
1454
937
1462
1522
1361
1478
1411
1432
1517
1425
1386
134
1500
1533
1472
1439
1551
1422
1466
1457
1801
1385
1346
1372
1491
1384
1446
1372
1480
1387
1406
1475
1462
1392
1462
1510
1364
1513
1481
1357
1445
1529
1199
1463
1481
1365
1489
134
1432
1412
134
1541
1499
1464
134
1407
1715
1334
1496
1444
1363
1456
1213
864
1438
1860
2227
1491
1307
1433
154
1320
1480
1438
1489
1445
1504
1317
1566
1478
1333
1400
1531
1058
1435
1328
2651
1385
1807
1116
1428
1401
1672
1485
2139
1419
1990
1513
1348
1456
1449
1347
1408
1460
1505
1532
1463
1424
1423
1408
1361
1372
1339
1547
1448
1384
1524
1483
1373
1344
1498
1434
1295
1481
1355
2176
1498
1393
1433
1491
1405
1465
1437
1565
145
1523
1262
1288
1508
1491
1432
1349
1721
1543
1459
1332
1379
134
1426
149
2606
1406
1421
1424
1411
1494
1373
1350
1187
1453
1416
1414
1737
1368
135
1436
1500
1428
1370
1544
1437
1335
1593
1674
1433
1272
1493
1396
1465
1462
2172
2132
1957
1452
2139
1971
1469
1558
1534
1408
1485
2533
1390
1546
1546
135
1337
1458
1468
1378
1392
1351
1366
1294
1501
1501
1397
1441
1542
1768
1485
2389
1475
1319
1553
1462
1369
1398
1468
1407
1369
2418
1468
1492
1328
1813
1621
1424
1447
1497
1500
1397
1434
995
2138
2466
1520
1004
1477
1496
797
1569
1681
1520
1511
1399
1377
1403
1438
1266
1485
1384
1471
134
1489
1517
1407
1414
1386
1344
1366
1494
1422
1295
2344
1433
1425
158
3027
1453
1344
1389
1520
1823
1424
1414
1547
1592
1488
1495
1423
1346
1431
1490
133
1235
1480
1458
1390
1455
134
134
1440
1396
1326
1348
2454
1548
1503
1427
1444
1503
134
1531
1503
1300
1359
1440
1411
1361
1361
134
1390
1337
1389
1561
1328
1412
1484
2774
1350
1750
1218
1406
1473
1456
1530
1342
1575
1543
1436
1361
1416
134
1532
1382
1353
1539
135
1460
1605
1514
1222
1407
1505
1309
1606
1384
1965
1599
1448
1290
2781
1324
1679
1615
1972
1526
1497
1486
1491
1423
1308
1455
1684
2029
1502
2692
1711
1541
1457
1535
1524
135
1803
1543
1422
1272
1419
1530
134
157
937
1353
1152
1517
1418
1446
1373
1449
1927
1470
3322
1494
1503
1449
1561
1489
1457
1407
1432
2697
1458
1379
1719
1509
1179
1306
1419
1448
2349
1349
883
135
2580
1461
1704
1487
1497
1514
1507
1553
1535
1442
1252
1467
1416
1371
1274
1434
1441
2003
1399
1441
1521
1470
1416
1524
1385
1328
1492
1523
1308
1545
1480
1441
1468
134
1373
1718
1398
1445
1469
1450
1365
1533
1615
1423
134
1481
1403
961
1462
1345
1311
163
1449
1388
1435
1410
1430
1340
1463
1468
1475
1332
1484
1464
1342
1333
1236
1393
1503
1334
1446
2192
1482
1525
1432
1374
1387
1498
1341
1424
1530
1340
1545
1476
1454
135
1433
1385
1376
2309
135
2105
1498
1326
1467
1362
1414
1424
1511
1409
1591
2803
1429
1524
1402
2212
1425
134
1471
1469
1384
1397
1469
982
1497
1482
1428
1186
1652
1484
1365
1608
1454
1443
1484
1355
1421
1260
1366
2783
1443
1328
1385
1355
1471
1448
1582
1970
1420
1359
1546
1414
1519
1427
1474
1401
1678
1473
1993
135
1426
1450
1542
156
2425
1453
1515
1445
1500
1451
1315
1433
1494
1446
1504
2416
1224
1515
1522
135
134
2063
1428
1439
1449
1374
1832
1404
1479
1559
1512
1509
2746
1194
1488
1370
1411
2746
1420
1365
134
1392
1388
1421
1499
1423
1423
1491
1397
1297
1506
1327
1369
1407
1397
2145
1398
1318
1538
1121
1438
1477
1389
134
1934
1503
1345
1553
1417
1386
1499
1452
1494
1502
1490
1596
1416
1426
1652
1529
1472
1480
2039
1433
1443
1576
1411
1442
1574
1437
1368
1524
1498
1470
1530
1273
1357
1675
1411
1381
1449
1373
1375
1445
1399
1430
1381
1409
1913
1511
1602
1700
1533
1652
1364
2136
1331
1417
1467
1359
1427
1318
1394
1243
134
1267
1493
1486
1392
1374
1475
1382
1436
1469
1615
235
133
1317
1522
1449
1296
1414
1434
1498
1336
1527
2148
1433
1413
1392
1978
879
1405
1497
1539
1441
1541
1533
1407
1363
1486
1598
1507
1227
2264
3017
2212
1404
1029
1390
1450
1407
1488
331
1447
1457
1410
1487
1544
1114
1351
1504
1417
1405
1448
1362
1381
1365
1373
1540
1405
897
1526
1495
1448
2907
1438
1364
1576
1706
1230
1502
2094
1401
1498
1958
1404
1433
1458
1386
1448
1452
1423
1451
1421
2215
1400
1435
1975
1540
1365
1392
1125
1290
1622
1481
1532
1560
1509
958
1486
1188
1407
1446
1464
1513
1608
1517
1459
1420
1363
1348
1482
1422
1444
2035
1478
1419
1525
1516
1348
1464
1524
1423
1499
1431
1493
1436
1496
1581
1436
1539
1471
1423
1454
1469
1386
1439
1371
1423
1235
1389
1423
1543
1566
1076
134
1370
1411
134
1434
1513
1603
1477
1473
1751
3178
1559
1339
1328
2152
1295
1380
1406
1528
1299
1330
1407
1461
1419
1465
1476
1514
1513
1400
1391
1449
1394
1531
1459
1264
2253
1311
1345
1502
2910
1577
134
1324
1733
1461
135
2925
1468
1491
135
1358
135
1443
1401
1413
1859
1419
135
1293
1479
1421
1325
1468
1447
1464
1398
1421
1382
1617
1341
1335
1507
1538
1461
1459
1514
133
1461
1535
1446
2440
1369
1273
1341
1171
1469
1017
1329
1512
1295
1535
1416
1402
1104
1406
1509
1446
1416
1414
2476
1380
1332
1812
1545
1439
1345
1472
1466
1233
1435
1427
1643
1342
1460
1312
1463
1603
1680
1247
1326
1419
1351
1289
1134
1526
1298
1504
1400
1280
1409
1489
1337
1618
1924
1332
1479
1466
2515
1452
1362
1429
1532
968
1383
1442
1026
1499
1456
1455
1376
1464
1404
1342
1433
1421
1439
1475
1422
1465
1010
1457
1436
1414
1445
1355
1532
1459
1521
1639
1251
1502
1420
1430
1446
1960
1476
1453
1601
1433
1525
1564
1462
135
1657
1341
1463
1457
1371
134
1436
1345
1445
1469
1546
1430
1528
1325
1467
1596
1476
1529
1332
1532
1443
1471
1852
1440
1535
1438
1478
1348
1469
1646
1015
1464
1326
1442
134
1322
1444
1360
1537
134
1579
1425
1485
1483
135
1401
1730
1398
1352
1524
1546
1243
1335
1916
1368
1422
1501
1404
1620
1445
1205
1964
1403
1671
1500
1423
1496
1477
1179
1513
1449
1525
1661
1535
1458
1352
134
1390
1410
1535
1314
1452
1494
1404
1444
1574
1345
1532
2672
1351
1383
1406
1419
2017
1602
1408
134
1553
1367
1479
1526
1458
1053
1392
1424
1348
1576
1115
1516
1142
2464
1408
1384
1384
3483
1452
1371
1430
1100
1373
134
1459
2081
1529
1272
1580
1459
1201
1432
1435
1330
1475
1494
1293
1489
1365
1396
1506
1439
3785
1293
1495
1460
1334
1502
1488
1416
1420
1246
1814
1766
1323
1576
1527
1436
1513
1460
2374
1433
1068
1470
1484
1553
1479
1503
1535
1465
1315
1459
1720
1395
1463
1527
1372
1513
1515
1380
1732
1405
134
1712
1402
1450
1484
2305
1406
1464
1420
1419
1540
1304
1440
1373
1388
1427
1512
1498
1468
1231
1396
975
1448
2404
1376
1511
1624
134
1494
134
1417
1482
1407
205
1413
1527
1353
1509
1521
1479
1319
1570
1297
1477
1555
1412
1485
1454
1239
1459
1486
1418
1464
2347
1448
1426
1436
1272
1465
1349
1107
1401
1396
1463
1540
1357
1514
1412
134
1468
2834
1358
134
1343
1361
1434
1434
1260
1492
1473
897
1466
1947
1456
1488
1540
1458
1501
2890
1266
1487
2918
1417
1093
1588
1403
1532
1598
1184
1376
1191
1410
1467
1467
1505
1432
1489
1266
1338
135
1431
1489
1967
1470
1409
1373
156
1453
1468
1568
1452
134
1405
1414
1354
135
1720
2469
1446
1342
1601
1488
1528
1992
2740
1504
134
1508
1509
1379
1315
1559
1462
1403
1428
1372
1522
1492
1446
1465
1496
2241
2010
1514
134
1479
1504
1525
1479
1528
1353
1336
1479
1425
1650
1380
161
1552
2036
1461
1459
1012
1955
134
1426
1393
1491
1166
1490
1518
1453
1394
1525
1648
1441
1415
1319
149
1491
1321
1453
1504
1723
1525
1418
1418
1312
1409
1264
1424
1461
1408
1418
1433
1326
1470
1717
1423
134
1531
2059
1563
1372
1456
1530
2885
1478
1530
1506
1569
1832
1378
1451
1424
2475
1476
1488
134
1392
1418
1306
1462
1445
1492
1519
1458
1347
1385
1508
1077
2394
1551
1434
2001
1289
1437
1415
1392
1478
1402
1926
1544
2667
1427
2374
135
1334
1490
134
1362
1427
1501
1320
1250
1487
1444
1596
1628
1558
1327
1492
1478
1428
1489
1353
1395
1535
1354
2312
1506
1384
134
1693
1257
1429
1270
135
1478
164
2221
1160
873
135
1418
1513
1479
1503
134
1385
1374
1495
1461
1559
2855
1519
1450
1453
1550
1488
1521
1401
1522
1419
1561
1478
1261
135
1434
1654
1456
1540
1450
1317
1348
1438
1472
1415
1450
134
1427
1332
1541
1413
2636
1448
135
1216
2005
1415
1517
1546
1407
1688
1505
1388
1404
2244
1426
1326
1523
1458
1438
1501
1107
1330
1416
1441
157
1388
1426
939
1508
1413
1486
1566
1169
1504
1300
1444
1398
133
1350
1447
1541
1308
1772
1234
134
1562
1362
1406
1359
954
134
1447
134
1462
1042
1460
1421
1287
1488
3264
1441
134
1480
1524
1416
1488
2333
1353
1236
1449
1512
1518
1403
1416
134
1529
1327
1488
1377
1361
1388
2165
1405
1528
1537
1447
2140
2509
1423
1403
1501
1502
2768
1581
1362
1423
1488
1306
1316
1644
1397
1487
946
1478
1501
1496
135
1464
1447
1207
3019
1342
1459
134
1522
1339
2218
1518
1481
1530
1480
1339
1401
2810
1381
1464
1402
1418
1308
1388
1297
1503
1440
134
984
1385
1582
2712
135
1327
1407
2085
1464
1637
1442
1474
1477
1250
1430
1439
1445
1501
1614
1298
1373
1473
1434
1443
1470
1459
1480
1344
1376
1484
1567
1312
1455
1433
1322
1350
1412
1378
1372
1486
1479
1470
134
1548
1423
923
1426
2640
135
1373
1323
2661
1350
1476
1498
1317
1731
1384
1456
1378
1444
2623
1514
1488
1477
134
1448
1308
1663
1462
2257
1464
156
1284
1456
1493
1427
1698
1384
1477
1456
1435
1711
1379
1469
1531
1478
1530
1867
1571
1518
1409
1399
1335
2290
1456
1970
1405
1450
1482
1468
1348
1359
1324
1466
1344
1447
1392
1061
1455
1424
1500
1546
1480
1431
1705
1073
1345
1554
3007
1392
1533
1472
1163
1489
1437
134
1465
1282
1484
1479
807
1303
1452
1495
1452
1454
1510
1461
1500
1344
1323
1510
1367
160
1642
1499
1702
1592
1623
1445
1406
1515
1422
1568
1487
1855
1575
1503
1745
2473
1579
964
1436
1468
1395
1995
1468
1495
1503
1325
1854
1199
1446
1455
1377
1764
1526
1571
1489
1398
1535
1444
2083
1491
1225
1467
1516
1479
1419
1482
1374
1467
1505
1499
1492
1395
2247
1486
1343
1431
1405
1447
1377
1472
1385
1369
1377
1491
1423
1429
1404
1330
133
1422
1363
1545
1420
1280
1421
1403
1552
1527
1269
1501
1397
1472
1483
2274
1483
1778
1378
1423
3008
1547
1443
1449
1972
1387
1323
1586
1424
1386
1416
1374
1570
1502
1391
1520
1413
1413
1541
1741
1346
1439
1597
1382
1419
1442
1321
1453
1554
1454
1458
1560
1291
1464
1579
1524
1455
1535
1423
1451
1312
1388
1531
1519
1410
134
1048
1264
1507
1427
1542
1549
1468
1516
1367
1408
1595
1363
1383
1592
1377
1623
1482
1486
1412
1302
1495
134
1310
1431
1436
1485
1361
1401
1495
1566
1419
1421
1312
1339
2580
1395
1474
1372
1406
1437
1531
1499
1376
1490
1504
1417
1454
1455
1104
1733
1298
1441
1540
1157
1546
1244
1495
2442
1423
1313
1430
1514
1411
1421
1535
2487
1423
134
1343
1565
1488
1255
1583
1496
1424
1454
1385
1296
1384
1442
1363
1247
1491
1288
1573
1462
1459
1484
1106
1526
1454
1411
1450
1433
1476
1368
1306
1450
813
1501
1377
1289
1458
1407
1375
134
1390
1519
1473
1330
1535
1455
1363
1489
1435
999
154
1493
1361
2666
157
1332
1398
1535
1312
1246
1518
1401
1533
1410
1318
899
1429
1411
1559
1457
1461
1487
1397
1534
1543
1616
334
1428
134
1382
1452
1463
1726
1501
1523
1430
1568
1561
1424
1407
1431
1257
1510
1452
1478
1415
134
1263
134
1389
1008
1461
1407
1514
1445
2116
1413
1319
1385
135
1400
1460
1471
1438
1970
1440
836
1459
1477
1428
1397
1373
1708
1537
1496
1404
1350
1366
1406
1401
1516
1429
1323
1403
1455
1596
1292
1456
2650
1394
1497
1454
134
1424
1412
1369
1477
1409
1085
1097
1443
1429
1514
1457
1339
1489
1714
135
1477
1567
1527
1391
1502
1481
1423
1184
2667
1718
1401
135
1405
1413
1144
1371
1449
1274
1506
1305
2884
1377
1586
1562
1454
1474
1502
2662
1423
1329
1400
1466
1395
1449
2565
135
1307
1503
1464
1297
1492
1496
1453
1349
1507
134
1293
1483
1494
2554
1323
1147
1487
1419
1501
1490
1589
1447
1486
1443
1405
1401
1514
1014
1338
134
1381
1523
1051
1430
134
1487
1446
1597
1404
2688
1404
1329
1550
1349
1300
1640
1430
1512
1490
815
1344
1456
1260
1434
1442
1491
1429
1489
1444
1452
1498
1206
2078
2629
1243
1495
1394
1535
1516
1418
1379
135
1486
1378
154
1392
1351
1344
1535
1365
1467
1334
1521
1354
1243
1468
1462
135
2086
1462
1345
1291
1458
1434
1466
1458
2668
1447
1535
829
134
2519
1584
1641
1048
1194
1555
1440
1750
1459
1547
1215
1414
1302
135
1410
1433
1395
1366
134
1339
1449
1475
1490
157
1477
2872
1341
135
1472
1410
1337
1121
134
1347
1565
1398
1211
1409
1395
1360
1489
1494
1289
1589
1421
2660
1467
1488
1413
1421
1467
137
1466
1539
1488
1489
1462
1360
1393
1350
1429
1847
1346
1389
1349
1419
2753
1422
1298
1397
1454
1320
1424
1494
1309
1854
1067
134
1500
1437
1378
1416
1645
1751
1473
1301
1458
1439
1385
1421
1423
1587
1564
134
1412
1868
2033
1355
1528
1515
1499
1430
166
1370
1503
1314
237
1597
1422
1513
1335
1490
1514
1358
1418
135
1447
1364
1900
1363
1396
1357
1247
1456
769
1299
157
1817
1370
1406
1350
1410
1457
1431
2340
1330
1400
1472
1475
1451
1576
1499
1421
1471
1392
1535
1420
1386
154
1455
1494
1433
1455
1510
1650
134
1445
1479
1334
1489
1567
2143
1332
1530
1359
2606
1486
1539
1401
1423
252
641
1501
1360
2770
1396
2570
1434
1506
1378
1511
1344
1397
1517
1430
1423
1550
1404
1977
1515
134
1554
1454
1374
1544
1458
1493
2208
1472
1376
2794
1507
1454
1550
1455
1384
1475
1550
1385
1343
1622
1409
1440
1464
1485
1251
1401
1459
1468
1394
1446
1493
1425
2148
1465
1640
1465
1900
1578
2130
1473
1490
1150
1527
1861
1380
1487
1380
134
134
134
1239
1722
1416
1567
1653
1364
1471
1446
1450
1517
1450
135
1009
1403
134
1525
1501
1510
1503
1418
2581
135
1588
1533
2531
1543
1363
2045
1348
1386
1507
1540
1246
135
1363
1379
1469
1453
1404
1423
1426
1428
1391
1396
1391
1567
1464
1498
1514
687
1287
1569
1512
1388
1471
1357
134
1328
1600
1516
1399
2912
1405
1449
1211
1331
1523
1430
1402
1362
1513
1402
1529
1403
1414
1408
1020
1525
1486
1444
1445
1431
1125
1426
1535
1414
1177
1518
1410
134
1446
1381
1595
1039
1407
2251
1322
1406
1509
1466
2076
1471
1519
1497
1441
1056
1369
1548
1403
1362
1815
134
1477
1518
1509
1503
133
1464
1539
1192
1251
1388
139
1544
1448
1484
999
1116
1461
1436
1364
1561
1363
2523
2185
1416
1574
134
1413
1406
1303
1384
1537
2089
1171
1500
1481
1342
1534
1493
2598
1429
1535
1383
1588
1262
1373
1165
1547
1455
1859
1768
948
1349
1402
1346
1415
1387
1424
1483
1464
1381
147
157
1058
2034
1269
1381
1408
1417
1435
1472
134
1404
1401
1442
1408
1529
1429
1458
1587
1400
1388
1879
134
2574
1559
1403
1550
1463
1201
135
1294
1423
2826
1695
1385
1427
1637
1735
1306
1409
1427
1345
1456
2318
1344
1590
133
1397
1101
1533
1615
1465
1357
1470
1297
1459
1522
1311
1397
1480
1477
1360
1320
1369
1563
1414
1346
1432
1549
1366
1550
1481
135
135
1386
1393
1404
1430
1479
134
1474
1361
1449
1465
1308
1566
1130
1420
1540
1513
1362
1493
1246
1443
1332
1441
1511
134
1362
134
1451
1380
1665
1534
1348
1439
1486
1507
1425
1486
1562
1298
1341
1372
1483
1416
1368
1481
1444
1395
1481
1462
1158
1454
1502
1746
1316
1488
1497
1350
1705
1061
1382
1262
1420
1452
1447
2293
1448
2527
1418
1498
1439
1515
1478
1354
1453
1601
135
1453
1202
1420
1415
1556
1405
1672
1298
1428
1413
1646
1383
1012
1488
1049
1356
1464
1312
1513
1476
1412
1482
1570
1385
1481
1431
1355
1522
1512
1467
1492
1395
1482
1417
1453
977
1522
1431
1462
1699
1487
1369
1228
1362
1487
1474
1559
1451
1328
1552
134
1434
1381
1424
1496
1374
1470
1489
1452
2757
135
1416
1506
1401
1566
1478
1572
1448
1535
1440
1302
134
1505
1303
1493
1404
135
1576
1370
1697
1551
1358
1427
1588
134
1420
1154
1705
1288
2481
1369
1313
1523
1010
1484
1549
1464
1530
135
1478
1404
1671
1405
1418
1721
134
1553
1467
1349
1337
1466
1541
1460
1556
1454
1492
1555
1405
1822
1353
1349
1568
1488
1410
1485
1495
2028
1491
1515
1411
1505
1331
1233
1404
1368
1459
1270
1455
1357
1415
2734
1289
134
2284
1403
1537
1404
1283
1547
1273
1528
1569
1275
1481
1461
1229
1523
133
2971
1420
2634
1444
1474
1433
1059
1283
1418
182
1431
1494
1517
1441
1564
1324
147
1482
1459
1322
1546
1580
1448
1386
2765
1480
1469
1520
1349
1457
1507
1438
2757
1391
1267
1480
1433
1608
1452
1482
1469
1447
1508
1457
1461
1321
1445
1603
1307
1238
1524
1493
1528
1723
135
1515
1499
881
1707
1857
1447
1349
945
1453
1580
1546
1345
1352
1448
1220
1432
1381
1405
1449
1446
1421
1392
1374
1303
1429
1357
1451
1356
1448
1498
1409
1420
1127
1501
1742
1455
1349
1335
1462
953
1395
1580
1432
1379
2272
1079
1421
1371
1386
1340
1448
1442
1410
1818
1459
135
1494
1470
1425
1545
1370
1426
1448
1414
1241
1510
1570
1368
1493
1589
1474
1443
1373
2010
1282
1546
1318
1458
1477
1367
1540
1334
160
1532
1392
1398
1387
1472
1416
1529
1087
1591
1417
1880
1436
1369
1334
1460
1433
1446
1466
1550
1428
1449
1607
1350
1568
1462
1359
958
1438
1283
1563
1502
1510
1503
1399
1350
1474
1450
1470
3298
2481
1354
135
1446
1447
152
1751
1528
1459
1375
2150
1451
1400
1376
1497
1419
1434
1509
1341
1832
1550
1461
1429
1165
1461
1416
1478
1390
1435
1526
1383
1437
1343
1468
1459
1505
1296
1555
1425
1390
1477
1486
1479
1530
1714
1411
1478
1409
1388
1445
1438
1265
1467
1352
1435
1481
1727
1382
1398
1408
1117
1773
1425
1392
152
134
1402
1421
1395
1501
1430
1412
1657
1471
1492
1414
1373
2653
1437
1436
2951
2607
1256
1355
156
1454
1368
1429
134
1399
1380
1092
1399
1057
1354
1440
1513
1507
134
1397
1507
1413
1460
1517
1347
1466
1460
1322
1443
2208
1397
1461
1394
1426
1493
1508
1367
1400
1364
1383
1602
1477
1363
1456
1443
1461
1507
1403
1373
1540
1488
1429
1481
1394
1441
1550
1436
1904
159
1358
1484
329
1327
1560
134
2006
1455
1496
1357
1394
1524
1373
1319
1396
1357
134
1388
1420
1693
158
1413
1603
1420
1372
1568
1483
1215
134
1333
1468
1568
1403
1223
1392
1459
1314
1291
1349
1433
1554
1817
1557
1556
1376
1459
1440
1347
1401
1523
2042
1518
1535
1430
1544
135
1132
1222
1364
1560
1402
1441
1565
1391
1457
1429
1794
1715
1425
2190
1416
1491
134
1361
2020
1061
1410
1457
1489
1521
1455
1502
2325
1500
1405
1841
1497
1357
1429
1307
1537
1440
1371
1447
1581
1469
1441
1592
1510
1311
1387
1486
1330
160
134
1423
1195
1451
1439
1127
1380
1398
1516
1453
1452
1375
1562
1333
1357
2493
1449
1371
1651
1392
1525
1526
1494
1553
1320
1506
1158
1530
1515
1319
133
1408
1481
1563
1266
1404
1403
1534
1323
1403
1483
1217
1350
2448
1478
1461
1267
1372
1518
1412
1384
1449
1482
1380
1566
1639
1366
2598
1524
1922
1466
1442
1507
1152
1409
1393
1456
1383
1582
1364
1616
1179
1710
1351
1474
1120
1433
1422
1488
1355
1522
1586
1272
1659
1852
1346
1444
1570
1323
1419
1434
1400
1468
1480
2112
1542
1401
1336
1407
1451
1358
134
1453
2660
1342
1380
1284
1477
1242
1478
1344
1347
1471
1323
1215
1412
1355
1534
1088
1554
1514
1303
1438
1367
1408
1442
1561
1540
1428
1471
1795
1440
1397
1394
1457
1374
1483
1516
1446
1672
157
1064
1447
1444
2205
1428
1446
1403
1531
160
1367
1486
1398
1498
1449
1325
1505
1781
1511
1435
1544
1331
1405
1618
3927
1428
1429
1396
1981
1580
1633
1478
1781
1411
1545
1474
1217
1429
1980
1409
1435
1562
1465
1372
1505
1422
1443
1413
1287
1424
1417
1287
1381
1451
1356
1481
1311
1502
1525
1331
1462
2235
1270
134
1505
1450
1399
1436
1400
1497
1496
1382
1440
1471
1341
1468
1411
2148
1481
2191
1421
1377
1395
164
1841
1405
1506
2640
1463
1571
1395
158
1196
134
2124
1312
1466
1436
1334
1513
1427
1661
1479
1377
1427
1447
1098
1260
1410
1418
1461
1376
1329
1767
1499
1263
1403
1541
1599
1558
1427
1325
1482
1401
1405
1389
1378
1384
1564
1551
1400
1574
1418
1363
1535
1659
1316
928
1306
1369
1498
1480
1497
1363
1852
1405
1506
1498
1426
1385
1523
1492
1926
1386
1430
1563
1607
1358
1559
1328
1474
1088
1594
1465
1306
1366
1482
1557
1945
1409
2015
1490
1550
2622
1280
134
1439
1397
1570
1540
1882
1443
1396
1436
1495
1434
1378
1480
1427
1389
1590
1452
1460
1330
1393
1474
1463
1474
1488
1431
1549
1357
1220
1898
134
1463
1428
1554
1524
1361
1383
1735
1455
1415
998
1415
1406
1383
2019
134
1480
1357
2918
1435
1348
1514
1535
1338
1528
1497
1248
1400
1342
725
147
135
1346
1519
1498
1277
1554
1398
1326
1416
1418
1538
1447
1518
1065
1348
1494
1369
1413
1547
1053
233
1398
1336
1421
2219
1492
1471
1464
1510
134
1237
1551
1421
1378
1552
1499
1286
1572
1604
1436
1426
1579
1329
1427
1437
134
1375
1529
2290
1388
1477
1503
1498
1490
1197
1438
1448
1378
1433
2211
1345
1529
2325
1498
1640
1284
1521
1322
1479
1479
1498
1426
1340
1400
1384
134
1446
1156
1477
1427
1446
135
1394
1459
1450
1459
1343
1185
1338
1244
1418
1146
1392
1508
1399
1584
1294
2824
1427
1556
1767
1508
1309
1522
1465
1433
1471
1319
1528
1510
1375
1493
1490
1379
1499
1516
1474
1440
1545
1315
1552
1427
1500
2571
134
1534
1378
1506
1356
1510
1317
1965
1120
1535
1363
1488
1513
1503
1404
1460
1482
2618
1391
1519
1547
1412
1409
1529
2281
1319
1521
1458
1343
1450
1432
1091
1407
2811
1652
1452
1517
1418
1401
1362
1239
1532
1507
1517
1538
1583
1397
1306
1546
1377
1518
1361
1374
1554
1442
2284
2381
1488
1505
1432
1465
1400
1501
1921
1367
1402
1402
1484
1352
1488
1563
1590
1371
1376
2084
1460
2015
1698
1029
1304
1520
1404
1548
1327
1478
1367
1449
1341
2521
1489
1437
134
1503
1521
1412
1456
1533
2318
1050
1492
1564
1612
158
1535
2947
1135
1614
1408
1366
1568
1478
1781
1390
1274
1407
1462
160
1486
1523
1024
2218
1288
1331
1355
1414
1473
1538
1455
1509
1599
1424
1189
2691
1371
1412
1488
1582
1386
1303
2317
1466
3026
1460
2339
1243
1364
1294
1395
1235
1437
1880
134
2713
1461
1413
1375
2599
1522
1461
1511
1341
1398
2486
1544
1429
1471
1437
1423
1497
2771
1534
1331
1298
1947
1507
1437
1400
1404
1338
2507
1324
1488
1483
1464
1400
1069
1443
1369
1540
1441
1453
1365
1451
1476
1332
1363
2862
1468
1311
1549
1564
1539
659
1350
1457
1226
1435
134
163
1519
1550
1471
1397
1540
1158
135
1396
1461
1513
218
1526
1470
1476
1476
1589
1473
1318
1348
1454
1358
1464
1421
1376
1498
1510
1484
134
134
1434
1532
1448
1427
2627
1547
1403
1495
1378
1481
1432
1414
2132
1528
1345
1603
1377
1189
1313
1434
1394
987
1431
1383
1527
1483
1719
1447
1474
2021
1438
1385
1332
1535
1517
2611
1493
1576
1329
134
1454
134
1398
1546
1353
1610
1385
1453
1103
1378
1481
1901
1420
2421
1983
1823
1366
1432
1407
1411
1389
1369
1747
1570
1263
1550
1474
1137
1514
2225
1483
1549
1652
1276
1448
1391
1389
1477
1569
1249
1414
1403
1438
884
1533
1304
1571
156
160
1503
1477
1410
1438
1475
1475
1499
134
1237
1387
1217
1913
3438
1383
1470
1513
1572
1501
1303
1472
135
1427
1078
1451
1435
1464
1452
1509
1446
2112
1852
135
150
1525
1306
2250
1471
1269
1445
1466
974
1506
1502
1364
1362
134
1337
1508
1466
1485
1489
1386
1329
1507
1419
1397
1460
2019
1447
1463
1507
2224
1441
1270
1550
1456
1399
1419
1369
1490
1466
1555
1375
1410
1382
1475
2877
1486
1458
1589
1480
1357
1317
2874
1332
1509
157
1434
1368
1549
2924
1550
1495
1337
1422
1021
1420
1413
1497
1269
1384
1543
1438
1388
1453
1402
1435
1390
1393
1483
1535
1303
1441
134
1414
1349
1457
135
1468
1404
1421
1455
1451
1498
2433
1485
1501
1399
1362
1490
1537
1376
1390
1540
1268
1477
1407
1624
1346
1507
160
1506
2809
1356
1391
1510
1070
1431
1643
1520
1510
1479
1384
1389
1434
1461
2706
1386
1198
1462
1424
1389
1488
1508
1419
1451
2319
1362
1735
1333
1384
1466
1444
1459
1450
1412
1472
1214
2434
1467
1491
1525
1567
1332
1328
1523
1276
1257
1664
1403
1972
2354
1521
1282
2410
1453
817
1523
160
1381
1423
1545
963
1535
1488
1325
134
134
1386
1535
1506
134
1312
1376
1467
1519
1486
1492
1437
1416
1354
1169
1531
1446
1512
1294
1335
1489
1412
1492
135
1315
1475
1455
1431
1146
1415
1276
1480
1564
134
1527
1468
1371
1454
1318
1469
1604
1480
161
1391
1511
1647
1451
1423
1498
1448
133
1509
1500
1355
134
1484
1461
1451
1476
1355
1470
1471
1549
1447
1505
1391
1513
1423
1578
1425
1491
1541
1500
156
1353
1495
1509
1147
1392
1409
1224
1396
1489
1108
1316
1586
1120
904
1448
1426
1433
1449
1459
134
1437
1285
1433
1441
1325
1498
1381
1543
1509
1424
1541
1475
1468
1435
134
1379
1562
1473
1291
1452
1446
1441
1498
1476
1410
2782
1436
1187
1460
1527
1272
2347
1506
1322
1403
1457
1472
2902
2025
1380
1379
1439
1361
1500
1491
134
1439
1588
1407
1468
2003
1059
1432
1411
1372
1425
1351
1502
1717
1366
1328
1534
1363
1437
1729
1446
1466
1368
1737
1490
1489
1446
1458
1459
1482
1403
1464
1297
1510
1382
1288
2002
1476
1381
1405
1535
1381
1368
1664
1384
1345
134
1396
1234
1938
1245
1893
1429
1394
2082
1645
1464
134
1383
134
1462
1496
1223
1476
1529
1438
1259
1474
1511
1468
1351
2598
1406
1338
135
1594
1452
1350
1460
1237
1200
1422
2293
1496
1153
1556
1598
1417
1297
1409
1461
1432
2467
1352
1377
1433
1435
1493
1540
1534
1107
991
1335
1695
1313
1320
1449
1447
1492
1449
135
1575
1455
1580
1445
1452
1425
1430
1559
1371
1382
1457
1393
2137
1511
1635
1455
839
1442
1095
2152
1664
1505
1335
1315
996
1521
1441
1431
1382
1443
1401
134
134
1574
1469
1618
1497
1423
1535
1489
1021
1398
1115
1506
1346
2171
1489
1399
1407
1460
1201
1369
1377
1435
1362
1377
1479
1398
1528
2383
2669
1448
1475
1065
1501
1443
1332
1484
1407
134
1475
1387
1611
1473
1417
134
2002
1318
1318
1375
1454
1414
1548
1259
134
1905
1382
152
1440
1441
1359
1267
1447
1529
1363
963
1493
1454
1423
1332
1459
1435
1464
1408
1535
1464
1364
135
1583
1404
2653
1642
1646
1469
1453
1312
1532
1502
1477
1463
1419
1445
2779
1512
1377
1432
1395
1344
1458
1486
1476
1523
1540
1664
1485
1440
1382
1418
1932
1548
1346
1733
1522
1505
1360
1387
983
1405
1500
1424
1463
152
1561
1376
1419
1469
134
1434
1495
1876
135
1416
1261
1438
1415
1513
1390
1505
1492
1454
1296
1397
1434
1494
1393
1433
1493
1412
1249
1403
1257
2497
1412
1465
1507
1498
1393
1469
1273
1428
1300
1357
1480
1381
1178
1450
1407
1381
1523
2215
1372
1545
1901
1296
1445
1391
1207
1347
1426
1971
1334
1356
160
1459
1411
1471
1463
325
1433
1515
1854
1447
134
1009
1311
1404
1406
1482
2688
1291
1488
134
1527
1423
1488
1673
1578
1433
1535
1416
1466
1369
1405
1506
1377
1510
1429
1335
1483
1312
1732
1401
134
1348
1425
1422
1417
1315
1460
1470
1504
1408
1428
1471
1415
2873
1464
1433
1410
1336
1427
1495
1405
1352
1454
1612
1404
1482
1465
1452
135
1397
1492
1018
1538
1421
1979
1441
1334
1399
1163
1375
1527
1451
134
1440
1498
134
1456
1551
134
1038
1367
1379
1372
1482
1185
1493
1403
1396
1402
1459
1516
1387
1447
1098
1495
1442
2627
1543
1390
1479
1454
1365
1481
1453
1416
2074
1446
1411
1415
1330
1048
1544
2136
1237
1475
1522
1505
135
1479
1362
3239
1541
1498
1783
1534
1476
1534
1564
1664
1470
1476
1251
1415
1653
1347
134
1512
1430
1507
1363
1477
1414
1470
1314
1464
1452
134
1523
1409
1746
1397
1315
1468
1422
1524
1630
1530
1387
1425
1448
1407
1430
1389
1342
1564
1348
1417
1998
1858
1348
1505
1412
1437
1380
1600
1946
1452
1462
1516
135
1474
1430
1461
1465
959
1515
1584
1400
995
1395
1465
1389
1461
135
1487
1427
1408
1594
166
1559
1577
1427
1425
1495
1492
1410
1460
1101
1572
1474
165
1415
2670
1375
1691
1404
1107
1471
1362
1276
1449
1484
1440
134
1528
1978
1515
1470
1404
1448
1411
1448
1468
2521
1347
921
1429
1368
1486
1427
2055
1397
1487
1479
1408
1491
1402
1439
1588
134
134
1348
2503
1516
134
2174
1472
1404
1431
1501
1459
1486
1524
1579
134
1427
1305
1961
1466
1400
1324
957
1339
1550
1444
1394
1386
1433
1511
1503
1387
1159
1872
1471
1506
1534
1869
1395
1374
1335
1521
1471
1476
1465
2817
1376
1392
1490
1212
134
1402
1392
1452
134
1273
1491
1492
1260
1448
1429
1418
1469
1467
1325
1542
1433
1435
1465
1446
159
1570
1083
1437
1372
1489
1364
1404
1350
1370
1475
1569
1408
134
1341
1422
1698
1357
1426
1489
1967
2760
1469
1379
1462
1414
1446
1417
1281
1486
1525
1311
1463
1380
1471
1497
1436
1501
1420
1017
135
1685
1547
1304
1526
1404
1364
1498
1440
1986
1858
1483
1389
134
1469
1413
1407
1407
1367
1441
1262
1292
1434
134
1529
1381
2946
1509
1337
1499
1672
1416
1332
1423
1450
1215
1280
1448
1133
1337
3016
1457
1442
1447
1394
1289
1437
1354
1378
1361
1408
1385
2910
1252
1500
1444
1499
1299
147
1473
1925
1366
1495
134
1301
1555
1365
1461
1422
1555
1430
1379
1478
1490
1401
1407
1556
1322
1626
1500
1483
1443
1403
1449
134
160
1940
1595
1396
1440
1588
134
1427
1482
1758
1410
2017
1376
1396
1396
1454
1524
1159
1025
1427
1371
1304
1394
1483
1563
1451
1383
1887
1457
1510
1281
1370
1341
1540
1491
1458
1424
1467
1482
135
1429
1357
1394
1450
1335
156
1476
1312
1431
135
1463
1468
1460
1462
1500
805
1494
1478
1021
1245
1799
1581
2677
1543
1438
1306
1488
134
1315
1476
1451
1490
1239
1430
1280
1479
1138
1470
1476
133
1403
1454
1373
1818
134
1364
1106
1443
1468
1268
1490
1444
1365
1445
1420
1509
134
1603
1998
1562
1317
2282
1542
1323
1441
2593
1222
134
1444
1258
1366
2608
1435
1460
1661
1152
1463
1538
1255
1365
2743
1375
1535
1546
1406
1543
1478
1419
1506
1418
1433
1643
1507
2380
1408
1560
1425
1377
1270
1354
1383
1469
1328
1489
1406
1538
1403
1336
1519
1906
1305
1546
1393
1428
1395
1490
1401
1211
1444
1473
1460
1497
1173
1404
1492
1846
1245
1697
1344
1439
1375
2722
1483
1397
1379
1420
1474
1382
966
135
1447
1902
1318
1571
1270
1884
1284
1516
1210
1476
2109
1373
1498
1398
1455
1418
1288
1531
1383
134
1312
1547
1439
1441
997
1488
1377
1487
1459
1429
1422
1340
1380
1466
1469
1881
1458
2081
1448
1302
1394
1422
2183
1535
2296
1520
1591
1465
1513
1369
1338
1940
1459
1454
1397
1378
1476
1362
1409
935
1256
1424
1514
1524
1305
1422
1399
1378
1555
170
1413
1474
1518
1636
1493
1825
1335
1467
1428
1552
1503
1506
1443
1647
1516
1447
1035
1427
1529
1440
1443
2627
1439
1344
1409
1436
1682
1452
3257
1509
134
1526
1604
1680
1303
1354
1398
1449
1342
1424
1462
1426
1467
1342
1317
1452
1169
1269
1258
1320
1425
1467
1358
1396
149
1527
1336
2089
1508
1627
1621
1405
1356
1409
1040
1509
1430
