1712
1475
1866
1421
1678
1133
1367
2226
1467
2545
1624
2021
1726
2336
2636
1364
1906
1053
1431
1637
1220
2504
1554
1406
1277
1442
1342
1924
1204
1810
1864
1962
1067
1643
2194
1331
2106
1226
1190
1391
1246
1393
2062
1411
1577
1860
1683
1453
1004
2760
1848
1769
1738
1778
2368
2052
2241
1610
1952
2728
1983
1885
1793
1169
1549
2204
961
1604
1488
1499
1626
1484
1433
1507
1186
1239
2131
3197
1549
1648
1510
1049
2148
1284
2140
1559
1233
1769
2124
134
1609
1290
1292
1432
2977
1218
1046
1955
2852
2500
2298
1844
1435
2378
1218
1817
1946
2223
2227
1245
1051
2313
1599
1786
982
1816
1449
1366
1414
1910
2118
1345
1269
2630
1571
2361
2173
1581
1321
979
1055
1563
2007
1189
1902
1094
1214
1977
1956
1870
2809
986
2294
135
2110
2056
3602
135
1685
1118
1903
2519
1095
1297
2388
1442
1677
1325
2631
1943
2074
1987
1330
1249
1654
1448
2660
1325
1521
1117
2370
1411
1492
2523
1883
1530
3927
1212
1548
1114
1193
1395
1231
1949
1605
1876
1515
1493
1638
2749
1242
1599
1678
1803
1629
1202
2164
2136
1402
134
1344
1770
1806
1204
2307
1643
1065
1588
1394
1244
1159
2607
2152
1772
1016
1656
2073
2132
2264
1157
1067
2267
1794
2234
2585
1417
1655
1502
2347
1471
2920
1722
1632
1800
1280
1499
1710
964
1101
2639
1509
2013
1582
2453
2422
2028
1106
1535
1431
1591
134
1800
2716
1832
1446
2824
1519
2350
1448
2042
1639
1790
1847
2319
1825
1585
2343
1820
1576
1977
1533
1602
1466
1161
1698
1115
2054
1902
1566
2498
1819
1680
1532
2263
1252
1407
2198
1573
1695
2021
1639
1705
1575
1283
2011
134
1237
4095
1552
1818
1350
1252
1900
1583
1410
1301
1664
1291
2146
1276
1961
1703
1438
1574
1299
1872
1755
1569
2538
2004
1854
2006
2587
2377
1797
988
1213
2132
1201
1592
1973
1538
1736
1229
1795
2056
2130
2201
1781
2332
1691
1837
1603
1618
1597
2599
1359
2703
1420
1789
1640
1903
1640
1570
1101
2052
2152
1781
1207
1562
1163
1796
2269
1222
1261
2163
1936
1710
1762
1953
1459
1094
134
1484
1671
2660
1869
1437
1919
1373
1526
1967
1371
1152
1893
1560
1631
1603
2854
1811
2081
1577
2011
2364
2070
3735
947
1566
1420
1484
1377
2076
1163
1193
1330
1835
1101
1306
1816
2223
1024
1450
2386
1700
2069
2095
1550
1208
2156
1458
2192
1161
2143
1746
1966
1942
1874
2099
1666
1078
2045
1913
1757
2433
1363
2228
1333
1165
1930
1404
1899
2395
1643
2346
1225
1033
1853
2019
1934
1938
2150
2151
1229
1449
2051
1102
2390
1499
2116
1443
1703
1560
1894
1897
1343
1671
1254
1519
1636
1182
2245
1186
1975
2223
1396
1662
135
2228
1839
1435
1821
1432
1484
1447
2096
2977
2533
2338
1054
2090
1043
1696
2003
1601
2751
2237
1481
1440
1274
1042
2141
1686
1805
1123
2043
1613
1432
1142
1931
2537
2121
1928
1751
2504
1691
1148
135
1632
1238
1235
1795
1595
2443
2307
1714
1029
1885
1611
1975
133
2528
1497
1484
1404
1100
2172
1349
1647
1622
2673
1440
1422
2465
1160
2051
1644
2413
2184
1404
2395
1614
1949
1007
1484
1530
2309
1491
2841
1562
1065
1858
134
1661
1146
1379
2142
1690
2518
1155
1785
2529
2177
1395
2718
2185
2174
1920
1419
2395
1759
1832
1305
1377
1910
1668
1291
1630
1174
1159
1794
134
2483
2190
1019
1148
1669
1514
1361
1735
1458
2582
1855
2157
1199
2215
1527
2220
1926
1546
1715
1699
1625
1896
2088
134
1376
2472
1846
1587
1276
2583
2192
1837
1075
1593
1819
2130
1301
2031
1914
1562
1693
1128
1314
2178
1256
1090
1018
1646
1598
1348
1898
944
1987
1415
4095
1184
2401
1401
2236
1127
1569
2135
1687
2193
1690
1482
1389
2281
2437
2578
1770
1817
2247
2346
1348
1927
1826
2505
1244
2705
1870
1928
1350
1088
1453
1351
1544
3377
1444
2354
1280
1528
1563
1379
1224
2320
1206
2230
1224
2705
1359
1351
134
2325
1344
1206
2126
2450
1446
1618
2016
2617
2107
1769
1170
1485
2146
1850
2134
1852
1926
2306
1805
1149
2794
1598
2194
1625
2558
1989
1100
2274
1089
1528
1707
1613
1417
1291
1490
1878
1816
2306
1986
1608
1314
1560
1711
2131
1351
2482
1141
1670
1329
2681
1962
2191
1676
1831
1518
1575
134
1584
3051
1834
1897
2130
1561
2426
1596
1871
1251
133
2421
1597
2939
2095
2162
1190
2603
2212
1668
1443
1930
1024
2361
2313
2494
1281
1469
1526
1287
1813
1239
866
2325
1643
1751
1540
2156
1104
1409
2222
1248
1185
2357
2031
1547
2225
1364
1102
2379
911
2024
1056
1315
1652
2407
2447
1393
1297
2332
1877
1371
2139
1393
1652
1698
2346
1399
1272
1455
1006
1214
1617
1841
1949
1446
1378
2403
2222
2325
1451
1953
1668
1013
1975
1139
2357
1450
951
1516
1838
1143
1349
1130
1089
978
2077
1905
3264
2144
1529
1438
1856
1402
2122
2280
1509
1154
1058
1722
2170
1669
2684
1460
1952
1567
1557
2567
1786
1505
1168
1051
1949
1272
2776
1479
2171
2088
1818
1995
1527
2712
2088
987
2102
1092
1901
1286
2299
2293
1608
2014
2903
1973
2255
1452
1737
1689
1294
1108
1540
1274
1887
2745
1932
1475
2005
2007
1007
1876
1276
1473
1608
1990
2166
964
1702
1442
1037
2161
1168
133
2424
1368
134
2008
2258
1858
3081
1261
2214
2688
1321
1240
1383
2454
1573
1592
1366
1556
2156
1362
1087
862
1974
1185
1569
1373
2120
1535
1720
1108
1958
1417
1168
1683
1825
1799
2301
1283
1162
1668
1928
1874
1642
1930
1999
1517
1970
1552
1344
135
2075
2107
1486
1602
1224
3546
1518
1970
1912
133
2578
1781
1788
1684
1748
1589
1971
1450
1676
1978
2300
1557
2281
2376
1762
1802
2691
1491
1343
1470
1767
2267
1327
2193
2103
1952
1741
3076
1776
2353
2113
1094
1129
1709
2055
1477
1296
1204
1485
2016
1269
1503
1861
1170
1649
2673
1637
1616
1455
1586
1696
1266
1986
1877
1618
1699
1452
1995
1468
2451
2239
1761
1175
1085
133
1932
2177
1087
2046
1265
1587
2910
2423
1812
1317
1576
2078
2298
1305
1652
1335
2552
1562
1299
2250
1936
2083
2028
1439
2232
2294
1713
1688
2164
1936
1268
1316
1038
2052
1419
2531
1117
1330
2655
2043
1801
1257
2179
2287
1360
2131
1127
2080
2090
135
2179
1004
1111
1970
1307
1027
1572
1711
2178
1858
1392
2200
2393
1571
2072
1888
1808
1083
2368
1962
2347
2133
1836
1486
1215
1843
1578
1919
1876
1727
1316
1602
1470
1626
1924
1534
2482
2368
1627
1597
1777
1601
1565
1714
1395
1512
1413
1134
953
2220
2402
1676
1915
1670
1668
2088
2193
1931
1695
1728
1490
1016
2235
2246
1852
1607
1297
1160
1178
1535
1967
1605
1178
3341
2361
1179
2256
1419
2148
835
1726
1027
2532
1123
1301
1857
1481
1936
988
1775
1951
3086
1137
1424
1539
1044
2481
1662
1106
2108
1653
981
1599
135
2740
2566
2335
1591
2209
1340
1478
2557
1066
1306
1825
1600
1816
1698
1461
2370
1002
1769
1210
1852
1403
1235
1750
2279
2133
1547
1501
1148
2032
1970
1453
2026
1101
2112
1416
3086
1560
2123
1699
1509
1882
1409
2111
1785
1264
1956
1186
1280
1372
1564
2545
133
1720
2195
1726
1919
1844
2929
1989
1592
1048
2366
1642
1835
1447
2331
979
2134
2094
1222
1898
1716
1687
2108
2020
1309
1888
1517
2017
1415
2301
2093
2402
1735
960
134
2079
1371
2324
1197
1070
1858
1527
2447
1321
1604
2383
1499
2010
1327
1552
1392
1412
1744
1453
1568
2315
1989
2173
1838
1189
921
1661
1179
1146
1785
1413
1234
1339
2055
2158
1099
1382
2166
1950
2231
1552
1517
134
1557
1748
2120
2146
1666
1780
2200
2153
1299
2113
1816
1535
1798
2335
1517
2562
1413
1975
1157
1716
1449
1174
1204
3071
1622
2464
1064
1194
1159
1753
1471
1748
1509
134
1028
1625
1330
2110
2137
1617
2542
1589
1352
2426
1411
2165
1897
1475
1711
1516
1095
1449
1424
2317
1787
1963
1737
1702
1141
2486
2722
1335
1943
1753
1295
1357
1612
1801
1454
2736
1767
935
1702
1688
1036
1849
2279
1608
1192
1677
1390
1362
1153
1986
1024
1755
1706
1976
1208
1531
1440
1214
2488
1533
1794
1364
1246
2170
1108
1592
2115
1197
2165
1960
2365
2845
2214
1346
1105
2497
941
1307
2003
2833
2296
966
1795
1094
1415
2041
1336
1333
2153
2390
1491
1779
1837
1544
1803
1757
135
2386
1997
1843
2504
1580
1446
1307
2502
1656
1651
961
1660
2706
1596
1405
2091
1085
1815
1002
1670
133
2206
1393
2685
1491
3589
1938
2241
1871
2053
1541
1234
2292
1814
1314
1648
1576
1288
2370
1170
2003
1429
1240
1811
1452
2038
1373
1392
1569
931
2161
1535
2275
134
1135
1362
1553
1832
1823
1646
1680
134
134
2198
2250
1441
1352
1733
1172
2058
2304
2781
1771
1696
1430
1970
1024
1835
1255
1100
2758
1228
1367
1344
1335
2222
1589
1522
1178
1363
1362
974
1205
1114
1526
1280
2016
1434
1588
1091
1153
1925
1599
2157
3732
1808
1045
1409
946
2045
1196
1528
2421
3202
1770
1345
1996
1844
1966
1421
2108
1923
1730
1459
2843
1052
1150
2077
1783
1830
1859
1586
2223
158
1339
1736
1800
2024
1119
1197
1251
2593
2140
1168
1309
1272
2677
1951
2391
2291
2159
1349
1335
1348
1370
2262
1241
1426
1286
1581
1646
2530
2129
1432
1563
1371
1246
1970
1874
1895
2012
1040
1782
1066
1550
2323
944
1410
1218
1295
2496
2374
2035
1770
2349
2111
1238
2143
1554
2599
2158
1133
1265
1779
133
2068
1149
2290
2099
1214
2135
2452
1084
1975
1879
1652
2512
1963
1770
2797
1530
2374
1394
1051
1114
1432
134
1878
1175
1947
134
1889
1860
2881
1177
1096
1429
1510
2444
2229
2078
1321
2427
1764
2108
2419
1782
1512
1228
2155
2619
2285
2339
2699
2430
1570
2663
1758
1495
1793
2119
1777
2343
1679
2027
1431
1130
2245
1856
1759
1767
2065
1949
1233
1086
2641
1511
1593
1830
1504
1894
2952
2260
1231
2081
1095
1493
1044
1157
2384
1400
1630
1373
1688
2568
1862
1311
1731
2390
2579
1767
1362
2063
2023
1282
1644
2302
2405
2000
1294
1500
2604
1664
1905
3178
2739
1477
1484
1542
1366
1520
1166
1280
1382
1309
2376
2599
1016
1632
1822
1196
1453
2635
1804
1913
1468
1082
2004
1290
1633
1295
1447
2641
1342
2094
1989
1425
2394
2215
1991
1534
1437
2074
1442
1566
1018
936
1308
1767
1645
1781
1297
1185
1351
1134
2017
1446
1779
1529
1782
1148
2479
1727
2277
1448
2190
1353
1845
1435
2314
1160
1734
2163
2000
1594
1440
1290
2445
2073
1298
2824
134
2181
1402
2101
1619
878
1323
1321
2217
1637
1472
1553
1599
1668
1466
1229
1580
3158
1610
2432
1491
1706
978
2278
1902
1481
1676
4032
1557
1734
2141
1468
1731
2064
1240
1755
1526
1357
1284
1284
2603
2220
1862
1472
1433
1288
899
2464
1610
2360
1586
133
2269
1554
1305
1265
1645
1330
2139
997
1807
1328
1748
2547
1032
2768
1038
970
1507
1353
1946
1572
1795
1939
1878
1078
1845
1061
2124
1931
1734
3802
2583
1580
1354
2770
1754
1570
2103
1970
1531
1726
2096
2654
2458
1223
1510
1188
1568
1104
2023
1489
2391
1568
1754
1502
1317
1833
1543
2367
2281
1609
1588
2759
1397
1363
2249
1674
1308
1090
1516
1433
1426
967
1232
1688
1414
2375
2692
2082
2112
2456
1280
1826
1446
1505
1234
1550
1227
1351
2100
1422
1259
1195
1465
1896
2092
1213
954
1436
1983
2108
1678
1427
2773
135
1370
1854
1213
1353
2135
2665
985
2031
1158
1438
1541
1769
1583
1725
2033
1787
1403
2044
1506
2101
2103
2539
1854
1328
2385
2156
1547
1258
1937
1532
1435
1982
2370
1723
2406
1117
2665
1276
1650
1401
1923
1456
1418
1405
3202
1541
1513
1255
3119
1203
1578
1950
1581
1270
1683
2168
1602
1220
1874
1353
1477
2083
1968
1843
962
1488
2246
1752
1165
1872
1455
1352
1991
1147
1143
2337
2427
2569
1626
1457
1316
1809
1973
1959
1992
1716
1830
1972
2164
1735
1218
1509
2013
1312
2342
1771
2142
1931
2066
1427
3298
1299
1812
1263
1966
1704
134
1333
1957
1217
1272
3252
1613
1222
1333
1326
1710
1813
1922
1320
1879
1395
2076
1997
1508
1572
1350
1841
2084
1694
1082
1773
1144
1212
1359
2398
1212
2416
1338
1890
1478
1807
2105
1455
1257
1726
2378
1854
1960
1272
1376
2221
2012
134
1972
1842
2384
1830
1185
1125
2029
1530
1278
1329
1431
1650
2028
1966
1813
2253
1709
134
1320
2357
1004
1825
2013
2458
2002
1524
1889
2578
2275
2227
1535
1551
1455
1646
1340
1633
1948
2107
1129
1869
1277
1369
1897
1588
1474
1844
1405
1459
1864
1934
1247
2772
2022
2769
2160
1410
1193
1431
2762
1469
1988
2259
1302
1679
1134
1636
1495
939
1223
1367
1665
1964
1799
1799
1824
2152
1606
2050
1945
1316
1952
1074
1552
1849
2346
1962
1799
2189
1786
2418
1349
1486
2612
1109
1255
1853
1198
1759
1483
1318
1122
1915
1357
2554
2206
1859
2387
1404
1606
1271
2273
2684
3100
1403
2103
1734
3449
1603
1341
2197
1949
1939
2715
2297
2265
1727
1474
2078
2411
1279
1269
1791
1814
1128
1919
2570
1870
1472
1798
1538
1567
1591
945
2100
1970
1784
1502
1495
2158
1680
2806
2127
1174
1749
1549
1619
1909
1361
2198
1625
1563
1811
2000
2257
2038
3157
1604
1942
134
2325
2284
1491
2222
1527
2706
1797
1274
2166
1582
1682
1402
3887
1862
1618
1863
2201
2061
1397
966
1198
1236
2074
2351
1804
2903
1762
1797
1503
2426
2104
1635
1242
134
1640
1531
2348
2188
2334
2271
1591
1433
1439
1726
1049
1349
2001
1286
1586
4004
2670
1878
1358
1474
1237
1330
1928
2365
1750
2073
1433
1156
2374
845
1086
1216
1506
2521
2365
1422
1902
1716
1414
1467
2208
1997
1414
2314
2170
1583
1240
2399
1440
1678
1378
1562
1909
2120
1301
1829
1327
1252
989
2187
2403
1244
1259
1291
1815
1726
2048
1854
1555
2011
4095
2023
2106
1807
1739
1419
1455
1377
2376
1496
1550
1453
1140
1152
1707
2535
1614
1603
184
2658
1709
1255
1533
2712
1830
2849
2080
1010
1543
1938
2014
2908
1743
1277
1278
1827
2818
1332
1993
2522
1954
1457
1946
2089
2234
2545
133
1655
2066
2281
1120
1887
2041
1223
1369
1335
1256
1193
1125
2405
1254
1493
1266
2466
1681
1633
1672
2636
2141
133
1257
1928
2724
1339
1834
1522
1382
2034
1435
1158
2093
2050
2818
2418
1410
2061
1473
2035
1599
1205
1979
1665
2165
1230
2886
2205
1008
2001
2597
1751
1489
2007
2277
1436
1356
1891
2065
135
1463
1117
2471
1297
1328
1422
1941
1821
1661
2065
2243
2631
1081
1868
1831
1316
1242
1753
2350
1809
2406
1695
1845
1767
2435
1628
2343
2027
133
2186
1517
1814
1018
1281
1851
1644
1444
1551
1280
1387
1337
2385
1620
2336
1399
2344
1119
1177
1785
1842
1656
1823
1431
1371
1108
2015
1990
1962
1457
2062
1457
1681
1102
134
1283
2182
1732
2071
1152
134
1770
1292
1480
1673
1112
2103
1572
1297
1583
1703
1426
1460
1955
1940
1492
3265
1313
949
1804
1843
2155
1373
2090
1256
1849
134
2408
134
2618
1358
2185
966
1110
1590
1209
2918
1385
1706
1246
2547
1215
1870
1745
1715
1752
134
1634
1476
1361
1899
2452
997
1343
1943
2396
1788
2284
1395
2852
1837
2258
2301
1424
1920
1371
1481
1143
2626
2760
1779
1398
2404
1108
2239
2157
1655
1295
2213
1889
2244
1482
2283
1382
1914
1450
1384
2181
1848
2137
1923
1755
1951
1982
3006
1728
1878
1245
1922
1463
2299
2436
1394
2180
1191
1386
1619
2103
1913
1100
1388
975
1657
945
1467
1972
1514
2128
2319
2575
2096
1352
1026
2423
1201
1366
1067
1005
2638
1809
2488
1384
1653
2019
1177
2520
2325
1110
1441
1891
1442
1513
2305
2528
2323
1271
1980
2027
1726
1483
1440
2426
1885
1215
2118
1890
2440
2450
1477
1583
1359
1560
1243
2176
2029
1625
3624
2166
2173
1875
1535
3273
884
2006
1693
2565
2354
1377
1895
1495
1968
1083
2431
2822
1662
1660
2248
2288
2333
1801
1762
1375
1347
1911
1216
1793
1517
1203
2560
2037
2271
2377
1353
1369
135
2118
1664
1405
2176
1104
3312
1534
1076
1186
1619
1374
1807
2408
2372
2086
2573
1527
2464
1958
2189
1398
1634
2382
1681
2552
1352
1425
2023
1880
1402
2458
134
1266
1518
1955
1068
2141
1267
2532
1964
2017
2790
1759
1319
1305
1262
2018
1273
1444
1997
2544
1344
2109
2357
1441
1948
1714
1318
1923
2044
2858
1630
1177
2280
1276
2085
1791
1224
2052
1714
2148
1445
1805
1747
1439
1104
1654
1403
1544
1058
1475
1364
1335
1253
1917
133
133
1043
1614
1759
1718
1424
1472
1165
1157
1354
1649
2346
2275
1824
1063
1353
1876
1746
1110
1469
1217
1517
1542
1514
2040
1320
2300
1714
1646
1876
1092
1027
1626
1634
134
1194
849
1509
2247
2539
1185
1853
1541
1314
2249
1750
1565
2056
1458
3050
2678
1874
2550
2457
1545
1391
2172
2421
1685
1864
2528
1803
134
929
1666
1530
1727
2002
1375
1272
1416
1918
1606
1503
2344
1251
1317
1082
1917
1672
1630
1091
1073
1379
1660
2147
1911
1925
2369
2604
1726
1319
1835
1140
1528
1918
1977
1679
1732
1685
1913
1780
1093
1619
2325
1106
1331
1646
2130
2257
2282
1451
2323
2715
1809
1019
2411
1739
2270
1558
1568
1838
1032
2189
1284
2475
1374
1455
1658
2002
1289
1425
2798
1091
1859
2640
1361
1971
1794
2051
1303
1480
2159
1327
2435
1545
1914
1064
2130
1871
1872
2076
1654
1250
1844
2275
1204
944
2446
2001
1388
2155
1451
2075
1235
1736
1691
2448
1917
2040
1188
1398
1946
1867
1462
1170
1055
1167
2296
1944
2165
1347
1278
999
2018
1184
1267
1595
2187
1165
1696
2049
2014
1512
2399
1724
1322
1929
1255
1929
1984
1534
1688
2445
1520
1225
1847
1222
1705
1815
1405
1864
1868
1259
1945
1672
1991
1482
2392
1724
2160
1838
1152
1906
1393
1372
2369
1563
2440
1448
1220
2494
1103
1657
1294
1305
1043
2266
1824
1385
1269
2228
2543
1497
1251
1852
1737
1471
1874
2006
2417
1760
2205
2425
2492
1488
1748
1458
1414
2395
2314
1310
1482
1657
2347
1030
2807
1296
991
1970
2665
2462
2288
1668
2226
1507
2341
1664
1388
1871
1475
1270
2427
1032
1742
2141
1886
1529
1449
1170
1160
1730
1694
1528
1449
2740
1414
1126
1765
2030
1047
1899
2353
2487
1217
1331
1720
2932
1725
2538
1475
1489
2617
2428
1909
1986
1285
1423
1825
1532
1327
1699
3050
2699
1620
991
1639
1084
1548
1258
1960
2187
1423
1837
2448
1225
1667
2095
134
1372
1937
1199
1541
1745
2694
1889
1102
1591
873
1390
1319
133
1973
2070
1466
2747
2712
1936
768
2399
2378
1999
134
1701
1736
1030
1367
1224
1412
1597
1188
1175
1860
1161
1298
1556
1019
1508
134
1179
1347
1352
1493
1978
1355
2065
2452
1696
1817
1818
1603
1592
2146
981
1731
1256
1088
976
1498
2586
2230
1835
1905
2601
1451
1453
1833
1702
2631
1664
1481
1635
1563
2042
2095
1821
1722
2115
1807
1604
1840
1512
2612
2406
1814
1799
2423
1605
2348
1699
1283
2156
1742
2014
2131
134
1749
1710
1973
2058
1687
1120
1532
3016
2763
1917
3199
1853
1482
2162
1721
1399
2163
1591
1490
1532
1496
1798
1321
1303
923
1681
1758
1966
2322
1505
2091
1206
1378
2002
1838
1495
1416
1926
2230
1787
3023
2014
1770
2161
1495
1296
1938
1625
1980
1698
1400
1337
838
1320
1748
1362
2601
2035
1253
1934
1837
1731
1631
1134
1288
2396
1218
1579
1270
1693
1638
2715
1613
1809
1869
2243
1144
2246
2055
1719
1726
1630
1368
1635
1904
1602
1249
1673
1298
1847
1659
963
1297
1240
1467
1224
1475
1089
2000
134
1070
2039
2289
2199
1238
2142
2296
1208
1951
1457
1550
1228
1378
1309
2276
1805
1476
1111
862
1479
1910
1168
2076
1008
1611
1462
1130
1432
1724
1692
1069
1794
2339
2056
2465
1579
1553
1795
2116
2502
2224
1364
1642
1394
1240
1933
1601
1146
1301
1032
1457
1543
1972
1631
1278
2134
2535
1190
1463
1901
1196
1350
1824
1547
2127
1521
2540
1705
1376
1425
1879
1158
1150
1579
1125
1518
1836
1182
3035
2104
1393
2390
1530
1492
1436
2132
1296
1441
1552
1572
2312
1321
2560
1319
1459
2283
1008
2631
1609
2213
2897
2421
2504
2033
1749
1949
2903
1114
1487
1211
1626
2463
2470
2458
2254
1837
1219
1381
2037
1460
2439
2235
1998
1377
1319
1544
1851
1584
1709
1541
2671
1877
2242
911
1528
2224
2015
1011
1597
2693
2923
1431
1433
1623
1377
2384
2019
1428
2121
1992
1799
2625
2109
1187
2723
1799
1130
2280
1483
1645
1466
1066
1108
1202
2597
134
2370
2030
2770
1511
2174
1448
1994
1234
1880
1697
2462
1062
1945
1975
1915
2686
1235
1200
1587
2503
2372
1586
1554
1216
1716
1579
1765
1220
1507
1859
1031
1800
1600
1502
1247
134
2401
2503
1939
1346
1762
2588
1493
1366
1095
2224
2429
2368
1406
1064
1600
2078
134
2287
1599
1219
1932
1364
2672
3138
1138
1316
1203
1175
2448
1622
1820
2872
1859
1531
2104
1870
1736
1985
1772
1668
1393
1243
1070
1514
1722
1445
1542
1687
2414
1734
1531
2092
2476
2124
1879
1380
1380
1648
1953
1264
1951
135
1572
1204
1962
2275
1601
1966
2189
1724
1645
1568
2690
1391
1636
1764
1372
1471
1186
2485
1273
2563
1230
1331
1882
1172
1551
1516
1749
1133
1978
1384
1859
1533
1048
1773
1273
1351
2226
1020
2741
1142
2308
1454
2095
2535
1477
2233
1269
2154
1670
1482
1953
884
1566
1175
1097
1485
1861
1781
1424
1529
970
2094
1833
1394
1689
1485
1344
1134
1760
2111
1164
1923
2250
1622
1496
2026
1114
1142
2431
2209
1730
2153
2049
2242
2068
1528
1846
1936
2123
1975
1020
1414
1387
1245
1506
1477
2542
1113
2428
1858
2908
1498
2115
1131
1475
2056
2122
1444
1651
2233
1966
1733
2003
2647
1405
1171
1937
2005
1376
1489
1587
2028
1841
1100
1406
1994
1946
1000
1496
1512
1937
1200
1247
2066
2145
1637
1091
1509
2169
1925
1686
1083
2003
1891
1784
1352
2373
1059
1341
2441
1789
1109
2031
1015
1729
1644
2082
1826
2422
2041
1967
1712
1081
1467
1252
2103
1776
134
1552
2110
2406
1306
1894
1510
1582
1222
1647
1339
2309
1954
1590
1374
2294
1907
1440
1581
1915
1552
2055
1527
1093
2445
2301
1917
1606
2858
2664
1150
994
2027
1034
1444
1152
1434
1564
1835
1841
1414
1332
1640
1054
1664
1202
1901
1425
2619
133
2077
1172
1682
1440
1878
1373
1791
1566
1141
1929
1865
1160
2157
1978
1414
1338
1252
1522
2144
1214
1682
1639
1685
2038
1001
1498
1686
1562
134
1773
1948
1399
1791
1515
1638
2202
2313
1183
3464
1492
1614
1025
1506
1555
2273
1745
947
1699
979
1840
2291
1432
1868
1624
1398
2170
2134
2076
1260
2029
1576
2560
1608
1727
2280
1836
1219
1902
1445
2200
3457
1269
1963
892
2369
1455
1187
1358
770
2223
1839
1024
1937
2696
2377
1399
2002
1656
1350
1847
1737
1887
2288
1250
2314
1585
1457
2131
1933
1089
1433
1826
2059
1916
2264
2307
1755
1621
1812
2502
2108
1153
1551
2618
1054
1713
1547
2160
1252
1990
2475
1219
1485
134
2754
2379
2682
1412
151
1574
1684
1246
1502
2163
1940
1523
2395
1762
2027
1566
1761
157
1914
1745
1728
2152
1950
1896
2147
2248
1482
1255
1356
2533
1210
1285
1524
2027
1439
1755
1562
1662
2078
2099
958
2085
1486
1737
1867
2647
2792
1291
2212
1994
1246
1891
2052
1772
2274
1688
1557
1616
2508
1146
1411
2535
2426
2222
2336
1899
1884
2157
1148
1461
1498
1620
1494
1334
1478
2064
1216
2574
1424
1133
2060
1860
1365
2876
1223
1662
2270
1747
1771
1833
1492
2209
1826
1138
1444
134
1705
2583
1394
1084
1553
1883
1724
1275
1260
1579
134
1452
1686
1546
1295
1232
1359
1996
1570
2065
1086
1538
2192
2439
1517
1661
892
1539
1325
3962
1219
1499
1488
1297
1796
2706
2527
1029
1426
1539
1838
1966
2691
1717
1699
2243
2879
1739
1679
2922
2092
1290
1459
1482
1614
1324
2198
1287
2363
933
2185
2193
1288
1615
2191
1366
1200
1313
3138
1611
1612
1364
2212
1447
1094
1824
1762
1194
1748
2392
133
134
2149
2108
1516
937
1681
1241
1389
2205
2404
1968
1636
2107
2659
1462
833
1443
1711
1551
1197
133
1667
1446
1646
1789
1844
1592
2251
1463
2150
1777
1671
1125
1817
1420
1839
2228
2279
1239
1943
2717
1983
2211
2338
1546
1118
2428
1417
1592
1289
1333
1245
1441
1692
1951
1554
2319
2051
1270
4040
154
1490
2089
1059
1356
2132
1707
1860
1899
1574
1468
1960
1086
1991
1338
1926
2237
2290
2499
1185
1651
1784
824
1989
1449
1282
1397
1550
1051
1406
1195
2175
2451
2486
1548
1260
1074
1793
2404
1278
1466
1682
1700
1406
2104
2514
2149
2416
1385
1175
1962
2405
2036
888
2258
2144
1979
1992
1646
1408
1975
1196
2330
2177
1899
2153
1150
1901
1169
1437
1797
1429
1956
1116
133
2219
1558
1633
133
1690
1603
1166
1139
2255
2346
1952
1527
2077
3401
1798
1478
1591
1538
1378
1955
2012
1247
1372
1503
1117
1773
1796
1597
1367
1349
1417
1994
1471
1549
1764
1520
2092
1572
1143
1028
1468
1066
2534
1910
1052
2334
2242
2262
2263
1937
1603
1705
1982
1409
2091
1552
2357
1097
2501
1291
945
1582
1800
2285
1676
2449
1833
1555
1328
1944
1408
2178
2110
1525
1595
1585
1793
1844
1369
2353
1131
965
2144
1168
134
3983
2064
1200
1215
1811
2112
2006
1820
1640
1351
1826
1724
1663
1837
1302
1466
1892
1758
1411
2349
1951
1827
1580
1774
1772
1698
1718
2563
1946
2371
1996
1796
1460
2091
1228
2156
2186
1940
1585
2097
1963
1342
2048
1832
2530
1681
1388
2298
1136
1752
1655
1147
1386
1819
1368
1442
1574
1239
969
1271
2669
2018
1215
2025
1648
1820
2641
1872
2043
1800
1584
1635
1705
1990
1483
1873
2045
1124
1877
2337
2891
2019
1539
1803
1240
1428
2396
2504
1453
1942
1668
996
1561
1628
1707
2543
2080
1179
2246
1700
2351
1237
2193
2147
1375
2111
1530
1526
1450
2473
1751
1466
1480
1008
1339
1009
3315
1238
2887
1691
968
1161
2104
933
1711
1328
1331
1582
2603
1274
1738
1593
1687
1383
2244
1055
2637
1476
3145
1031
1327
1392
2323
1487
1764
3256
2582
2474
1826
1097
1682
2124
1869
2044
2332
1340
1137
2004
1963
1838
2294
1968
1436
1117
1744
2195
1610
1757
1929
1509
1410
2512
1581
2011
1395
1554
1222
1443
1483
1460
2143
2218
1459
2427
1930
992
2834
1650
1820
1437
3378
2605
1902
1820
1932
1936
1194
1415
2544
1564
1671
1730
1709
1928
2920
1298
1215
1200
1429
2297
1234
1263
1766
1953
1495
1808
1469
1665
1903
1760
2620
2625
1862
982
2295
2102
2074
1815
1627
1847
1538
1322
1130
1117
1772
1493
1051
1024
1984
1903
1926
2218
1769
2053
2350
1521
1573
2105
2781
2021
1679
2315
2537
1441
1726
1268
1094
1913
1459
2055
2008
2186
1762
2078
1773
1778
1676
1234
1042
1758
1838
1834
1510
2232
1265
1625
1724
1377
134
1945
1263
1535
2301
1141
1359
1360
2265
1480
1978
1928
2337
2142
1468
2475
1454
2515
1852
2423
1105
1870
1234
1728
1203
1401
2788
1681
1845
1688
2659
1546
135
2119
2676
1957
133
1937
1538
2018
2009
2039
879
1652
1606
2434
1522
134
1419
1625
2149
1375
1635
1056
2044
2282
1636
2114
1225
1765
1166
2590
1741
1544
1726
1614
1595
2049
1588
1969
2213
2107
1794
1915
1626
2016
1123
2742
1472
2706
1431
1360
2146
3754
1436
1628
1089
1984
1751
1374
3192
1068
2068
1495
1007
2789
1321
2758
1992
1699
1901
2300
2411
1837
2430
2253
1916
1001
1695
1729
1969
1466
1786
2006
1326
1094
987
1198
2327
1352
2786
1971
1135
1757
1962
1190
1843
1786
1479
1568
2252
2560
1456
2423
2734
1627
2124
2037
1396
2018
1386
1245
1719
2452
2340
1196
1506
1464
1164
2120
2005
1949
1891
1656
1868
1335
1543
1368
1946
2803
2351
135
1904
1101
1816
2597
2333
2449
1214
1848
1447
1438
1397
1353
1410
1535
999
1134
926
923
1836
1527
1315
2036
2524
1199
2145
1465
2168
1314
1542
1334
1836
1427
1780
1944
1249
2492
2553
1397
1733
1219
2119
2525
2083
1466
1288
2393
2116
1767
1807
1865
1382
1410
1256
1855
2528
1913
2261
2856
1163
2080
926
2076
1080
1682
1144
1982
1796
2012
1409
1555
1929
945
2631
1236
134
2357
2680
134
2721
1633
1785
1611
1742
2024
1421
1171
2202
1815
1766
1503
2342
1081
1589
1915
1232
1754
2097
1950
1293
1581
2738
1243
1309
1749
1311
1451
1853
1561
1818
1256
2498
1129
1506
1652
2053
2644
1347
2153
134
1204
2334
1314
1370
2142
1965
1808
1613
1180
1464
1049
2307
1753
1491
2004
1580
1183
1837
1926
1905
1614
2526
1797
2052
2829
1879
1178
1540
1163
2021
1671
1452
1308
1856
2660
2156
1974
1635
1299
1549
1189
2195
1904
2176
1657
1833
2214
1247
2449
133
2309
1611
2250
1566
2245
2757
1732
1817
2182
1838
1978
2326
1278
1354
1255
2339
135
2005
3034
2387
1229
1570
1403
1723
1270
1775
2406
1141
1701
1352
1851
1583
1624
2167
1408
1788
2411
2439
1651
1237
1335
1349
1844
2254
1955
1254
1845
2318
2148
1161
1647
1124
1602
2365
2015
1788
2225
1833
2044
2010
1087
1481
2477
1322
1009
1529
1927
1012
2258
2155
1680
2317
1031
1520
1690
1335
2030
1566
1624
1174
2011
1200
1198
1178
1753
1601
1272
2520
2413
1985
2085
2208
1892
2446
133
1561
1815
1305
1798
1985
1779
1426
1111
1883
1172
1713
1248
2363
1942
1517
2107
1862
2466
2676
2114
1430
1950
858
1660
1650
1602
2010
1060
1946
1245
2298
1269
1654
1687
1945
1545
1885
2200
1977
1419
1724
2274
1885
2281
1169
1633
2742
1239
1294
1790
1026
1592
1360
1862
1361
2066
2404
1710
1134
1334
1651
1080
2015
2280
1882
135
1346
2308
1600
1981
992
1586
1197
1513
2357
2413
2850
968
1719
2068
1560
1233
1454
1871
1852
1275
1428
1558
1985
1080
2243
1513
2159
1202
1674
2385
1473
1359
1316
1131
1936
1760
1990
1157
1436
2270
2527
1209
1417
1175
1395
1416
1661
2259
1136
1477
1305
2390
1236
1643
2030
1480
2736
2402
1951
2182
1108
1936
1777
1464
1764
1144
1885
1391
1989
2130
2016
1117
2347
1825
1088
1025
1530
1425
1780
1563
2755
1827
2007
2147
2310
1323
2013
2115
2007
1347
1151
1645
1860
1733
2108
134
1262
974
1664
1451
1691
1150
1546
1429
1569
2457
1507
1365
2087
2419
2395
2032
1914
2568
1810
1513
1656
1219
1494
1320
2154
1924
1206
1857
1446
1444
1291
1283
1766
1784
2379
2218
1484
1755
2266
2139
2190
1586
1376
1954
1631
1183
2507
1244
2306
1271
2755
1513
1451
1449
1528
1452
2181
1909
2274
1489
2017
861
1811
1655
135
2135
1565
1136
1268
1344
2094
134
2348
1399
1351
1824
2016
2040
1679
2430
1451
1126
2565
1682
2668
2074
1911
2077
1617
1441
1956
2019
979
2135
2011
133
2595
1988
2190
1420
3059
1094
2615
1853
2434
2284
2541
1944
2065
1629
1723
1590
1403
1459
2421
1331
1664
1754
2418
1401
1412
1945
2224
2279
1738
1024
1362
1799
1106
1896
1709
2487
1781
1211
2152
2706
1814
1180
2265
1360
2980
1642
1876
2142
1283
2100
1267
1276
2239
1550
1601
1659
1312
1430
1754
133
1450
1600
1782
1101
2417
1867
1740
1484
1410
1780
1594
1615
1277
1211
1824
1924
135
1655
2223
1739
1101
1815
2474
1937
2291
1028
1317
1698
1064
1495
3982
1762
1535
2366
2697
1507
1943
1699
2475
1703
1154
2444
1236
2490
1078
1794
1461
2221
1908
1650
2273
2171
2136
2290
2064
1108
1943
1942
1850
1905
1723
1716
1840
1587
1409
2298
2182
2129
1261
1787
2624
2012
1576
2058
996
1467
2358
1557
1688
1557
2051
2751
1214
1803
1927
1204
1898
2332
2296
2485
2157
1886
1233
1367
1962
134
2229
1324
1529
2503
2051
1669
1195
1424
1703
1392
1992
969
1691
1531
1626
2285
1816
1310
3266
1688
1634
882
1232
1268
2202
1389
1617
1589
1373
2213
2330
2357
1443
2235
1639
1074
1454
1237
1802
2175
2334
1416
1856
2292
2757
1502
1650
2218
1395
1108
1385
1041
1597
1762
976
133
1617
1315
1167
2139
1271
1325
1298
2113
1077
1962
1923
2542
1674
1348
1673
1873
1919
2640
1152
1666
134
1098
2318
1226
1463
2397
2317
2242
1233
2142
2000
1344
2095
1775
1678
1822
1315
1984
1570
1792
2088
1155
1079
1024
1806
2050
1372
1088
1740
1134
2385
2063
2037
2150
2234
1684
1767
1682
1194
134
1895
1675
2278
1941
1177
1063
1535
2092
1538
1014
2294
1785
1592
2322
2127
2138
1797
1223
2938
2666
1733
1954
2161
2382
1147
2477
2418
2209
1698
1297
1590
1142
1508
2290
3003
2004
1642
133
2296
2516
1239
1809
1353
2361
1882
1523
1523
1733
1433
2122
2186
1651
1566
2264
1956
1844
1048
913
2015
1456
1759
2146
2213
1448
1862
2334
900
1816
2128
1341
1566
1476
1373
2102
1796
1204
2156
2305
1852
1406
1698
2100
2346
1552
1085
1360
1836
2269
1167
1202
2094
2903
1819
134
1264
1580
1821
2091
2095
1169
1457
2191
1791
1377
2688
1778
1124
1143
2585
1480
1278
1109
2660
1095
2608
1526
2422
1655
1073
1892
1946
1290
2848
1468
2024
1516
1667
2064
2476
2049
1497
1268
1915
1917
1772
1551
2316
2305
1924
1280
1894
1573
2404
1148
2504
1324
2547
1913
1339
2288
1358
1394
2203
1399
1220
1444
2156
1956
1620
1555
2144
1077
2748
1225
1530
1712
1734
1671
1164
2089
1383
1854
1452
1799
1640
1000
1448
1994
2943
2354
1724
1221
1823
1667
1575
1545
1308
1778
1465
1890
1383
1248
2185
2150
1718
1586
2292
1468
3349
1704
1625
2911
2460
2863
1052
2580
2525
2072
1772
1388
2310
2280
1511
1081
1736
1646
1474
1472
1423
1237
2414
1346
1264
1918
1922
1545
1600
1628
1258
1203
1590
2062
2824
1514
2495
1733
2152
1577
1967
1660
2144
1506
1189
1816
1567
2158
133
1009
1723
1874
1979
2654
1299
1164
2187
2027
1590
1291
1688
1314
1487
1181
2229
1579
1761
1538
1517
1678
1897
2512
1754
134
1956
1900
1730
2118
3235
1503
1847
1374
1600
1423
1691
1595
1565
1947
2172
1251
1308
1448
1400
134
1666
2434
1077
1743
1969
2157
1421
134
1350
1618
1202
1524
1366
1843
2176
1641
1645
1553
1105
1540
2165
1150
1276
1808
2234
1646
2077
1410
2671
2618
1917
1727
2025
2085
1858
2287
957
1235
2395
1926
2075
1584
2399
1736
1230
2037
2291
1891
1919
1607
2086
2076
2008
1303
2117
1296
1590
1638
134
2192
2628
1513
1404
1302
1914
1951
1280
1999
2013
1521
1315
1012
1610
2148
1374
2526
2010
2398
1141
1633
1405
1062
2433
1833
2771
1332
1538
1675
1440
134
1262
2113
1696
1470
1943
1757
2791
1455
1546
2796
1539
1509
2359
1183
2413
1776
2183
1805
1715
1348
2052
2554
1657
1847
2188
2130
1568
1191
1221
1785
2070
918
1722
1584
1906
1946
1239
1809
1335
1855
2482
2582
1121
1632
1853
1980
1229
2750
1351
1217
1424
1253
1573
1569
1587
1724
1692
1246
2535
2614
1385
1328
1533
1572
1221
1694
1132
1610
2958
1650
1727
2663
1445
1265
2103
2579
1217
1632
1831
1314
1568
1846
1753
1048
1255
1999
1975
1586
1179
2818
1908
1683
1120
2288
1311
1508
2939
1510
2357
2336
2932
1180
2055
981
1293
2281
2403
1662
1718
1732
1031
1743
2259
1525
2110
1918
134
1694
2908
2150
1695
1769
2164
2000
1716
1530
1760
1439
1410
1948
2142
1991
1964
1958
1861
2243
135
2170
1071
1246
1674
1377
1179
2707
2431
134
2510
1048
1612
1904
1707
1871
1775
2540
1433
1609
1351
2661
1797
2170
2296
1435
1535
1794
1794
2242
1413
1478
1796
1904
2412
2726
1058
1847
1448
2205
135
1247
1055
2912
1021
1289
2843
1651
2268
2059
1374
1731
1495
2828
1477
2567
1328
1666
1577
2174
1861
846
1647
1869
2173
2052
1031
1740
1463
2792
1223
1606
2276
2410
936
2134
1341
1840
1979
1345
1483
2528
1979
1519
2382
1537
1562
1991
1238
1378
2332
2050
1042
962
1090
2242
1983
2166
1929
1032
1855
1912
1644
1494
1717
2186
1637
1951
2022
1866
2743
1705
1640
2496
1901
1204
1638
2332
2750
1341
1083
1166
1385
134
1363
2115
1218
2235
1848
2315
1273
1945
1571
1546
1827
1321
1796
133
1488
1276
2196
2464
1939
3004
1190
1484
979
2188
1504
930
2364
1274
1392
1848
1603
2480
1952
2074
1855
1578
1869
981
1436
1197
1626
1991
1821
965
1608
2491
1752
1778
2679
2359
2244
1716
2206
1232
1194
2157
1274
1256
1341
2599
2316
1599
1208
1314
2597
1101
1804
2025
1380
1762
1403
1718
1484
1854
1491
2307
2356
1878
1433
1508
2154
1742
946
1975
1801
133
1749
1846
1764
1851
1427
1535
1737
1492
2032
2687
1819
1658
1086
1391
1515
1776
2558
2510
1700
1902
1781
1992
1843
1840
1704
1673
1804
2254
2064
1266
2259
1779
1826
1270
1823
1274
1271
2172
1550
1797
2811
2053
1446
1649
1686
1154
1183
1267
2441
1213
1351
1391
1058
1448
3062
2520
1146
1268
2254
1284
1447
2394
1319
1773
1444
1387
1407
2118
1704
1068
1588
2641
3211
2520
1577
1468
1368
1916
2912
2012
2600
3099
1426
1460
1392
1355
3257
1688
2105
1371
2008
1480
2551
1465
1534
1083
1713
1008
2055
1761
1753
1816
2065
134
1361
2645
1742
1080
894
1933
3179
1312
1384
2622
1251
1725
1076
1728
1655
1413
1381
2108
1651
2202
2418
1803
1350
1721
1669
135
2346
1331
1542
2057
1348
1554
1836
2224
1399
1404
2159
2418
1868
1960
1182
1343
1604
2331
1239
1755
1229
1531
1933
1313
1688
1154
1529
1176
2355
1153
2061
1796
1677
2224
1590
1459
1213
1632
2088
4095
1203
2543
1385
1690
1606
2267
3162
2548
1226
1972
1523
2003
2250
1396
1990
1580
2393
1779
2436
2044
1508
2264
1537
1589
2075
1535
1161
916
2459
1787
1327
1547
2060
2083
1391
1853
2586
1676
2122
2006
1223
1385
1735
1314
1866
1898
1546
1328
1962
2496
1382
1696
3020
1300
2062
1145
2138
1422
2680
1352
1891
1042
2924
1744
1767
1219
1034
1330
1356
2537
1443
1646
1997
1971
1145
3455
1850
2115
1597
1421
1842
1456
1672
1572
1955
1152
1185
1174
1318
1837
1560
1594
1220
2182
1474
1393
2254
1295
1459
1053
1692
2237
1236
1913
1415
2757
1821
1634
1959
1344
2410
1557
1461
1582
1425
1759
2019
1778
1827
1502
2637
1581
2576
1801
2384
1205
1355
1385
1619
2533
1992
1563
1330
1714
1385
1966
1238
1318
1591
1058
1373
2661
2911
1896
1769
2239
2397
1523
1930
1552
1555
1735
1601
1419
1919
1652
2431
1618
1585
1165
1217
135
1155
2678
2205
2416
1794
1306
1998
1297
1264
2195
1555
2686
1822
1414
1241
1406
1824
1368
1518
1582
1352
1871
1326
1668
1312
1366
1715
1808
1337
2372
2058
1704
1451
1554
1434
2259
1340
2242
1644
1283
1748
1372
1247
2435
1951
1406
1014
2220
1551
2414
1706
1550
1241
2055
1227
1575
1843
1264
1364
134
1347
2421
1813
1808
1283
2415
1712
2477
1438
2153
1699
1256
1887
1702
1150
2035
2213
1949
2051
1150
2051
1186
2736
1895
2474
1600
1060
1433
1154
3467
2167
1710
1748
1059
1619
1313
2003
2485
1252
1807
1539
2225
1935
1419
1664
2069
2546
1357
1390
2000
1031
1720
1556
1367
1282
1835
1650
1362
1915
1181
1652
2043
1880
1258
1070
1722
1642
1474
1210
2070
2391
1383
1849
3760
2345
1274
1094
1446
1566
1274
1396
1873
1521
1767
1851
2606
1269
1706
2436
1573
1683
1376
1351
1577
1899
2116
1808
1610
1545
2524
1599
1907
2168
2051
1497
1735
1364
1317
2245
2037
1215
1878
1386
1565
1561
2588
2860
2055
1145
904
1183
1925
2108
1839
1176
3211
2052
1264
2305
2197
1730
2314
2389
1963
2390
1875
1724
1616
2144
1687
1275
845
1730
1729
1312
1895
1773
2284
1880
1002
2218
1385
1120
2452
1875
1979
2286
1417
1457
1692
2092
2476
1245
1643
1554
1534
2393
1959
1840
1925
1350
2513
1529
2847
1361
2451
1276
1440
1490
1209
2329
955
1987
1745
1650
1390
1350
1431
1811
1390
2202
1782
1660
1556
1579
1182
1415
1393
2087
1761
1379
2643
1471
1387
1599
2115
2454
1439
1978
1921
1276
1161
2033
2530
1082
1903
1805
1550
1996
1252
1348
1537
2696
2116
1800
1827
1812
2454
1515
1885
1630
1948
3154
2248
1028
1712
1624
1364
2540
2470
2364
1806
1579
1805
2290
1756
2172
2220
2172
1775
2281
2144
1885
1228
1062
1534
2611
1258
1780
134
1908
1278
1721
1366
1897
1726
134
1281
1348
2166
1334
1535
2181
1712
1767
1681
1225
1143
2023
2163
2381
2046
2156
2200
1217
1570
1617
3000
1088
1073
1773
1198
1434
1455
1098
1092
2606
1921
1821
1204
2181
1638
1222
134
1482
1507
2248
2166
2174
2254
2654
1298
1406
1868
2219
1260
2036
1507
1822
2032
1834
1764
1208
1527
1795
1674
1756
2147
1234
2108
1515
1508
1331
1132
1872
2119
1585
134
2620
1256
1154
1294
1825
1610
1474
1618
1706
1675
1534
1696
1007
2020
2096
1264
2976
2941
1202
1722
1776
2094
972
1501
1328
2883
2108
2625
1161
1645
2100
2506
1826
1444
1683
1498
1490
1799
1370
1620
2911
1717
1626
2718
1321
1965
2340
1614
2707
1816
786
1697
1485
1398
1992
1681
1111
1582
1443
1165
1887
1704
1016
2302
1270
1538
1147
1847
1845
1355
1583
963
2331
1875
1747
2230
1508
1181
2119
2398
2482
1949
2004
1380
2112
2271
1498
1323
1962
2110
2135
1512
1845
2153
1656
1717
1303
2809
1469
1372
134
2536
1370
2416
1284
1656
2060
1627
1522
1082
2144
1384
2032
1869
2366
1654
1777
781
2204
851
1384
2370
1382
965
1269
1934
1689
1585
1465
2134
1669
925
1596
1225
1231
2594
1834
135
2839
947
2970
2198
1682
1674
1738
1411
2579
1984
2066
2460
1932
1705
1611
2081
1375
2264
1398
1836
1367
1621
1649
1210
1588
1534
2170
2167
949
1456
1330
1423
2165
1237
1586
1258
1533
1124
1698
1389
1889
1271
983
1788
1888
1290
2445
1645
1540
1024
1375
901
2065
1230
1831
1585
2372
1283
1407
1121
1838
1463
1750
1469
1676
1711
2173
1423
1293
1341
1600
3100
1234
2577
947
1898
1205
1706
1979
2291
1409
2444
1476
2373
2919
1220
2097
1974
134
1159
2550
1134
1125
1444
3040
1408
150
2295
2324
2675
1723
1050
1192
2370
1779
1332
1449
3741
2067
1822
2967
889
2520
2563
1755
1892
2217
1416
1845
2616
1535
2414
1405
1472
2335
2002
2814
1582
1366
2026
1527
2853
1727
909
1513
1471
1883
1662
1788
1712
2308
1664
2198
1185
1189
2265
916
2741
1166
1275
1278
1026
1465
2706
1329
2703
2170
1687
1487
2529
2312
1754
1481
2135
1905
2125
2137
1930
1491
2124
1410
1919
1073
1441
1778
1596
1379
1912
1412
1711
990
1958
1702
2546
1409
1608
1351
1289
2011
1358
2158
1298
1289
1230
2217
1584
1236
1153
1793
2750
134
2462
1033
2068
1907
1455
2465
1163
1261
1388
1197
1268
1450
2175
1201
2058
1385
2002
1904
1819
1949
1896
2460
2279
2212
1696
1384
1365
1365
1265
1440
3088
1397
2092
1062
2494
1319
1447
2193
1295
1122
2065
2494
1975
1207
1434
2569
771
2390
2249
2456
1479
1668
1437
1275
1212
1686
2008
134
2149
1564
1412
2782
1812
1535
1690
134
1166
2767
1499
2068
2086
1503
1105
1169
1642
1281
1219
2644
1245
1575
2711
2133
1301
1900
1748
1768
1385
2320
1858
1262
1836
2230
2524
2415
2308
1958
1451
972
2314
2321
2880
1972
1732
2609
1589
1952
1568
1064
1208
1450
2330
2315
1769
2148
1449
1466
1478
1946
1185
2623
1244
1689
1028
1632
1367
1894
1371
1540
1939
134
1195
1203
2859
1695
1410
1221
1156
1486
2305
2317
1527
1316
2169
1180
1466
1227
2169
1870
1266
1303
1844
2202
1911
2164
1579
1771
940
1699
1465
133
1514
1046
1723
2476
1979
1651
1601
1371
1660
134
1105
2572
2004
1271
1319
1524
1484
1316
1652
1953
1349
1148
2222
2607
1669
2035
1412
1150
2335
1985
915
1502
2205
1689
2021
1612
2324
1242
1365
1075
1851
1096
1699
1783
1232
2347
2314
1312
1884
1636
2038
1705
1024
1154
1236
1244
1736
2413
2360
1938
1340
1260
1971
2132
1193
1892
1849
1385
1351
1777
1386
1484
1241
2284
1608
2743
1712
1228
1260
2359
2273
1708
1551
1758
1813
1247
2365
1152
1535
2706
1862
1544
2480
1386
1842
134
1835
1475
2238
1369
134
1088
1681
1489
1750
1200
1303
2000
1640
1317
1263
2208
1318
1812
1594
2473
2130
1704
1342
1655
1113
1729
1363
2335
2229
1894
1520
2956
2422
2038
1727
1259
1194
1621
1130
1968
2443
2560
1682
1288
2458
2634
1719
1367
1860
1375
1404
1847
1504
1694
1557
1848
2578
1641
1249
1527
1651
1244
1468
1641
1918
1600
2101
1406
1251
1422
134
1844
2106
1111
1745
2458
2039
1369
2006
1325
1653
1824
1541
2513
1070
1671
1422
2001
2273
1773
2127
1527
1202
1359
1614
2208
1416
1488
1258
1639
2240
1779
2333
2248
2130
1296
2513
2013
2012
2147
1887
1662
917
981
1780
1828
1169
2126
2005
1662
2919
1385
2088
2205
1343
1040
1631
2088
985
2291
1507
1424
2257
1943
2111
1973
2176
1618
2133
3192
1089
2409
1673
1994
1313
1468
1546
1857
2366
1368
2300
3266
1484
2177
1535
1845
1673
1217
1274
1671
1993
1149
2349
1458
809
1766
1968
1915
1240
1404
2375
2259
1740
1658
1997
2081
1535
1728
1610
1689
1665
969
1615
2516
2304
1486
1816
1590
1217
2333
2034
1480
1822
2696
1486
1114
2657
1802
1775
2245
1249
2087
1510
1297
2264
2027
2580
1386
1811
1471
2359
1352
1661
2342
1726
2141
2006
1110
2278
1649
1398
2763
1744
2057
1235
1319
1214
2828
1415
1378
1589
1650
1800
1465
988
1405
1890
1745
1082
1779
1705
1070
2159
1772
1407
2184
1413
1024
2098
1749
1408
990
1798
1686
2595
1719
1876
1769
2747
1693
1836
1715
1392
1284
1119
1449
1633
1619
2467
2157
1239
1877
1805
1403
1625
1495
1383
1471
2464
1307
1264
2105
1286
968
3012
1233
1135
1283
2072
2042
1690
1583
2844
1874
1515
2527
2173
2969
1745
2450
1340
1415
2348
1342
1528
1357
1160
2126
1623
1693
2501
2455
1131
2058
1296
1437
1829
2548
1097
2235
2478
1162
1964
2120
1751
1887
2006
1245
1738
1209
1283
1608
1338
1402
1282
2318
1307
1794
1922
1796
1817
1764
1972
2726
1492
1400
1699
1030
1958
1791
1298
1150
1718
1581
1612
2563
2508
2368
1463
1925
2310
1809
1278
2126
1837
2112
2943
1440
1345
1539
2443
1500
2862
1678
2552
2234
1261
2349
1615
1016
2210
1522
1869
1601
1296
2094
2104
2210
1567
1616
2094
2056
1538
2244
1692
1013
1483
1977
2119
1528
2018
1956
1882
1348
1885
2259
1240
2251
2115
1815
1640
1961
1578
1510
2149
2287
1638
1274
1981
2217
1477
1722
1474
1433
3261
1199
1114
1004
1189
1305
1075
1733
1660
1678
1882
2363
2162
1419
1885
1748
1705
1588
2591
2306
1753
1848
1616
1344
2174
1791
1579
1549
1428
2007
1639
1518
2581
1316
2579
1836
1362
1724
1333
1019
1602
1614
2179
284
1367
1943
2581
1911
2378
2595
1964
1456
1597
1942
1490
1470
2184
1556
2047
1522
1982
1807
1731
1979
1781
2273
1519
2076
1025
1808
1320
1902
2286
1366
2579
1903
3991
1053
1663
1583
1875
1039
2102
2071
1972
1833
2125
2073
1609
1481
1875
1543
2423
1421
1262
2476
2256
1580
1571
1377
2194
1577
1598
134
3701
2744
2130
1263
1996
1863
2640
1292
986
1917
1344
133
2171
2341
1605
1228
1485
1650
1385
1201
1368
2061
2147
1613
1965
1838
2534
1128
1425
1845
2494
1705
1704
2409
1345
1319
2398
1865
1552
2330
2299
1699
2244
1568
2141
1985
2154
2277
1024
3625
2422
1993
1529
1560
2389
2231
2027
1761
1334
1378
1672
1728
1744
959
1614
1410
2376
2034
2248
1381
1636
2103
2110
1130
2756
1689
1651
1731
1741
1791
1751
1335
1670
1872
914
1495
1739
1952
1073
2326
1687
2114
1566
133
1051
1716
2167
1451
2279
1643
1463
2852
1976
1281
1909
1341
2201
1163
1180
2104
1799
1154
2118
1068
1234
1134
2270
2292
1406
2389
2297
1791
2340
1409
1907
1044
1943
1786
2332
1736
1375
1114
1420
1884
1579
1561
1896
3311
1637
2238
1361
2218
1688
1308
1873
2489
1415
2057
2835
1864
2192
1708
3063
2182
2208
2662
3300
2314
2266
1445
2068
1220
1406
2419
1891
1655
1370
1154
2482
1858
1136
1222
1179
2419
1993
2230
1541
1395
1322
1440
1780
2017
2262
1919
1413
2140
1897
1222
1177
1129
1524
1889
1984
1296
1940
1439
1942
1774
3048
1772
1353
1474
2032
1888
1250
1791
1275
1251
1723
1253
1937
2659
991
1229
2152
1670
2072
2069
1360
1701
1943
1977
1649
1869
1045
2504
2117
1988
1482
1641
2478
1057
2481
2142
1229
1072
1030
1740
2025
1226
1825
1548
1530
1493
1099
2264
2011
1188
1899
2039
2321
2106
1365
1744
1666
1690
1503
2525
2062
1625
1711
1414
1532
1533
1301
1795
1797
2126
1140
1515
1766
1201
1778
2189
2471
1184
1581
2685
1777
1576
1280
1713
1075
1706
1836
1600
2229
1327
2134
2631
1221
1364
1990
1362
1750
1854
1371
1889
1791
2152
1661
1481
2137
1735
2120
2211
1758
1280
1196
1991
1154
2189
1649
1710
2037
1695
1368
1432
1313
1325
2507
1567
1778
1996
2217
1297
1477
1703
1797
2823
2861
2327
1712
135
1418
1052
2153
1338
135
1119
2451
1904
1687
1158
1756
1201
2161
2135
1611
2457
2125
1611
2059
1407
2167
1988
1265
1539
1584
1201
1104
1064
1754
1267
1872
1651
1918
1743
1291
1088
1838
1437
133
1811
2001
2874
2023
1727
2070
1263
2178
1109
2245
2309
1928
1847
1079
1314
1097
2942
1115
2065
1295
1432
134
1216
1152
1473
1654
2154
1038
1489
1290
1332
2078
2444
1855
1636
2101
1340
2171
1698
1503
2496
2479
1447
1425
1028
1177
1211
1480
2219
1180
2030
1243
2338
1657
2538
1419
1100
134
1313
1798
1898
1514
1312
1373
1397
1414
1574
1241
1289
1696
1541
2194
1106
1971
2239
1030
1999
1167
2303
2472
2111
2211
1503
1613
1208
2137
1614
1494
2567
1507
1814
1409
1481
1976
1271
2226
1718
1565
1296
2237
1554
1366
1538
2345
1229
1026
1669
2150
1278
133
1788
1710
1942
1140
2319
2180
1650
2324
1311
2426
1678
1432
2290
1871
1945
1229
1447
1805
2170
133
2357
1188
2427
1257
1981
1449
1864
1268
1751
1823
1952
2019
1827
1180
2419
1038
1695
1436
1987
1608
2668
2335
2193
1734
1171
2502
1233
1400
1634
2017
1941
1012
1974
2207
1143
1306
1326
2666
1474
1403
2336
1130
2285
1209
1585
1254
1855
1507
3238
1092
1258
1280
1595
1389
1679
1416
1362
1128
1431
1977
135
1194
1088
1504
2450
1678
2198
1678
1449
1273
1349
2076
2426
1901
1180
1535
2278
1236
1666
1693
1353
1943
2430
1500
1082
2155
1701
2376
1827
2302
1675
2940
1838
2131
1168
1758
2729
1870
2062
2361
1578
2176
1864
1775
1585
2023
1589
1512
1251
2383
1349
1933
1647
1588
1692
1623
1914
2283
1757
1592
2094
1455
1434
1969
1619
1280
881
1242
1807
2450
1109
2274
1386
1272
1571
2037
1296
2277
1854
1261
1149
2531
1443
2128
2419
1411
1962
1970
1721
1293
1505
1018
1446
2604
1830
1385
2153
2487
1375
1161
2149
2098
1224
2158
1962
2529
1959
1574
2306
1216
1933
2466
1585
1868
1871
2288
1590
1748
2337
1375
1888
2463
1732
1140
1177
1484
1903
1815
1973
1179
1918
1983
1548
134
2220
1301
2375
1497
1609
930
2333
1314
1240
1671
2062
1897
2125
2500
994
1399
1859
2086
1276
1515
1562
1608
1630
1547
1695
1599
2025
2434
2267
1395
1931
1115
134
133
2064
1341
1318
2091
1310
2406
1977
2146
2039
2265
2014
1307
2300
1535
1822
1451
1904
1180
2102
1581
2407
992
1446
1340
1778
1488
1568
1865
2502
1241
1704
1428
1369
2462
2658
2019
2049
1606
1281
1523
1937
2093
1562
1908
1494
2113
1871
1754
1138
871
2112
2767
1589
1163
2638
1615
1616
1286
2376
1504
1825
1836
1723
1124
2040
1375
2143
1602
1711
982
1211
2548
1452
1679
1202
2783
1293
2034
1719
1769
1977
1871
2357
2353
1140
1977
1262
1561
1392
1450
2533
1623
2427
1650
1337
2346
1568
1028
1991
2436
1168
1316
1641
1250
1557
2711
1566
3553
2109
1689
1597
2059
1553
1594
1122
1982
2295
2222
1033
1764
1765
1338
2483
1552
1715
1529
1375
2000
3053
1618
1262
2274
2401
1623
133
2176
1804
1430
1546
2352
2314
2111
1439
2013
1328
1355
1717
1513
1782
1316
2019
2613
2436
1937
2602
1139
1947
1411
1183
1626
1509
2008
1031
2399
1405
3250
1081
1746
1707
1932
1119
1851
1742
1044
2373
1945
1313
809
2208
2418
2151
1489
2359
1579
1672
1207
1868
1394
2199
1707
1285
2065
1119
2037
1064
1368
937
1725
2173
1842
2270
1396
1797
2157
1584
134
849
1515
1941
1755
2157
1210
1701
1304
2147
1570
1736
134
1607
1820
1898
1596
1854
1228
1336
1155
1713
1502
2175
1670
2364
1366
2288
2374
2112
1638
1744
1597
1823
2224
2475
1032
1833
1520
1510
909
1132
1424
1194
3255
1805
2016
1867
1860
2282
1668
1344
1597
2317
1518
2096
1669
1827
2304
1490
1612
1235
1378
1356
1582
1733
2173
1149
1489
1199
2078
1406
2139
1268
2305
1302
2016
1500
1856
1540
2255
1243
1314
2421
1841
1591
2602
1423
2040
2608
2728
1820
1780
2263
1237
1501
1458
1835
1336
1095
806
1636
2236
2424
2024
2371
1701
1829
2074
1877
1611
1247
1936
1180
1805
1863
2347
1816
2375
2266
1696
1041
1317
1364
1568
1559
1160
2080
2235
2144
2081
1308
1901
1837
1676
1474
2223
1771
1498
1959
1233
1956
1229
1625
1855
2371
1558
1690
1757
1844
2182
1831
1740
1923
1939
2266
1956
2926
1773
1632
2170
2544
2004
1582
134
1629
1138
1496
1593
1526
1923
2437
1461
1369
1460
1245
1072
2402
1631
1258
1836
1269
2725
2306
1962
1283
1883
1633
2288
1822
1436
1073
1535
1876
3466
1544
2038
1599
1649
1573
1353
2471
1685
1959
1417
1428
1353
1612
1517
1225
2009
2160
1786
1259
2304
2640
1599
1701
2205
1342
1252
2279
2251
1691
1465
1039
1829
956
1714
1801
1416
1936
1929
2052
1470
1362
2508
1734
2281
2135
2392
1804
1823
1470
2399
1982
1660
1844
1812
2150
1157
133
1403
1170
1268
1842
1753
2128
2210
1208
1443
2017
2183
1468
1589
2147
1074
1440
1158
1411
2601
2116
2152
1681
2183
1842
1078
1283
1911
2334
1132
2041
2103
1566
2252
1369
2344
1976
1189
1583
1130
1827
1430
2075
1968
1292
2199
1502
1662
1726
1674
1446
1214
1514
1535
2229
1243
1108
1893
1965
2053
1289
1785
1575
1179
1575
2336
2250
1922
1785
1218
1236
1191
2040
1092
1694
1543
1345
1973
1967
1808
2509
1055
1042
1259
1267
1341
1976
1838
1632
1147
1789
1139
1733
1717
1452
1644
134
1621
1244
3286
1373
2063
1731
1316
1668
984
1928
1669
1959
2606
1709
2417
1276
2610
187
2019
2206
1846
1917
2324
1319
1492
1758
1593
1642
1101
1628
1417
1684
1321
2202
1628
1283
1605
864
1280
2343
1136
1381
133
1829
1152
1575
2251
926
2466
1647
1876
2306
1486
2418
1997
1562
1905
1434
2156
1152
1556
1983
2182
1366
1707
1650
1352
1478
1326
1398
2089
1415
1774
2280
1749
1993
2319
1446
133
1445
1516
2239
134
1345
1780
1002
1368
3595
1778
1311
2838
944
1664
1568
1272
1658
2075
2135
1620
1594
1624
1809
1142
1755
1572
1720
2043
2679
1897
2769
2134
1690
1337
1129
1743
1681
1811
1294
1928
2197
2013
1549
2035
2655
1745
1072
1154
1765
145
1201
1685
1609
2361
1796
2029
1423
1201
1854
1468
1141
1205
2860
2308
2412
1352
2196
1482
1713
1631
2164
2363
2387
2077
1258
2162
2228
1504
134
1912
1265
1201
1928
890
1705
2297
2532
2279
1872
640
1461
2249
1281
1031
1316
1667
2428
2037
1329
1337
1475
1393
2149
134
1541
1101
1915
920
1629
2599
1399
927
1395
1948
1371
2836
2403
1725
1549
2084
153
1487
1340
2100
1819
1770
1385
1101
1847
1960
1789
2248
1566
1644
2218
1086
1665
1323
1587
1391
154
1443
1725
134
2493
1604
1997
1325
2345
1827
1830
2567
1310
2099
2082
1855
987
2046
1164
1555
2060
1321
2021
1809
1577
2176
2973
2140
1349
1639
1929
1386
2197
1788
1589
1018
1041
828
1543
1957
2042
1932
1965
1063
1872
2010
2101
1579
1680
2001
2095
1320
1371
2686
1727
1590
2289
1405
2115
1021
1752
1879
1903
2286
1503
1622
1648
1757
1760
1375
2304
1990
2105
2278
1705
2183
1382
2005
1441
1397
1842
2224
1621
2761
1370
1851
2258
1780
1770
2211
1811
1323
1462
1324
1452
1981
1332
2138
1478
1271
1134
1401
1537
2831
2181
2256
1913
1354
1637
1630
2103
1745
1814
1590
1400
2671
1915
1847
1954
1519
1550
1367
2470
2008
1394
2174
1879
2225
2424
1458
2183
1977
3778
1681
1952
1516
1285
2374
1675
1875
2150
2135
2748
1535
1677
1319
2391
1885
2080
2166
1425
1321
1624
1383
1699
2266
1581
1301
1030
2406
1672
1716
1633
1877
2573
1560
1879
2235
2275
1465
1629
1060
1140
1848
1012
1612
1887
2265
1225
1566
1060
1844
1773
1277
897
1257
1965
2397
1526
2487
1428
1443
2688
1356
1713
1394
1750
1172
1931
2470
2324
1566
2013
1375
2270
134
2387
2019
1538
1253
1750
1878
1244
844
148
966
2416
1776
1307
2226
1289
1559
2497
1618
1330
1379
1494
1445
1341
2104
1560
1110
1383
4095
1452
1414
1491
1315
2271
926
2018
1928
2561
2578
1277
1812
2498
2551
1852
